"","Geography","ind_id","ind_definition","reportyear","race_eth_code","race_eth_name","geotype","geotypevalue","geoname","county_name","county_fips","region_name","region_code","Poverty","TotalPop","NumPov","percent","LL_95CI_percent","UL_95CI_percent","percent_SE","percent_RSE","place_decile","CA_RR","ConcentratedCT","version","TRACT","CONDITION","OUTCOME","YEAR","SRANum","RegionNum","RegionName","UrbanicitySort","UrbanicityCat","SESSort","Socioeconomic_Category","SDNUM","Supervisor_District","Total_Cases","Total_Rate","Age_Adjusted_Rate","Male_Cases","Male_Rate","Female_Cases","Female_Rate","White_Cases","White_Rate","Black_Cases","Black_Rate","Hispanic_Cases","Hispanic_Rate","Asian_Pacific_Islander_Cases","Asian_Pacific_Islander_Rate","Other_Race_Ethnicity_Cases","Other_Race_Ethnicity_Rate","Age_Group_0_to_14_Cases","Age_Group_0_to_14_Rate","Age_Group_15_to_24_Cases","Age_Group_15_to_24_Rate","Age_Group_25_to_44_Cases","Age_Group_25_to_44_Rate","Age_Group_45_to_64_Cases","Age_Group_45_to_64_Rate","Age_Group_65Plus_Cases","Age_Group_65Plus_Rate"
"1","ALPINE",754,"Overall, concentrated, and child (0 to 18 years of age) poverty rate","2006-2010",9,"Total","CT","06073021100","0211.00","San Diego","06073",NA,NA,"Child",1966,699.896,35.6,15.5829787,55.6170213,10.212766,28.6875448,NA,1.8638743,"no",41661.5034577,211,"Mood Disorders","Hospitalization",2010,38,5,"EAST",1,"Rural Area",5,"High Income",2,"Supervisorial District 2",64,425.673428666445,418.259660850026,24,321.758948920767,40,527.983104540655,54,457.200914401829,NA,NA,6,270.880361173815,NA,NA,NA,NA,NA,NA,23,1165.73745565129,14,427.742132600061,22,451.745379876797,NA,NA
"2","ALPINE",754,"Overall, concentrated, and child (0 to 18 years of age) poverty rate","2006-2010",9,"Total","CT","06073021100","0211.00","San Diego","06073",NA,NA,"Overall",7405,1636.505,22.1,13.2829787,30.9170213,4.4984802,20.3551142,NA,1.6131387,"no",41661.5034577,211,"Mood Disorders","Hospitalization",2010,38,5,"EAST",1,"Rural Area",5,"High Income",2,"Supervisorial District 2",64,425.673428666445,418.259660850026,24,321.758948920767,40,527.983104540655,54,457.200914401829,NA,NA,6,270.880361173815,NA,NA,NA,NA,NA,NA,23,1165.73745565129,14,427.742132600061,22,451.745379876797,NA,NA
"3","ALPINE",754,"Overall, concentrated, and child (0 to 18 years of age) poverty rate","2006-2010",9,"Total","CT","06073021202","0212.02","San Diego","06073",NA,NA,"Child",566,126.784,22.4,0,50.7574468,14.4680851,64.5896657,NA,1.1727749,"no",41661.5034577,212.02,"Mood Disorders","Hospitalization",2010,38,5,"EAST",1,"Rural Area",5,"High Income",2,"Supervisorial District 2",64,425.673428666445,418.259660850026,24,321.758948920767,40,527.983104540655,54,457.200914401829,NA,NA,6,270.880361173815,NA,NA,NA,NA,NA,NA,23,1165.73745565129,14,427.742132600061,22,451.745379876797,NA,NA
"4","ALPINE",754,"Overall, concentrated, and child (0 to 18 years of age) poverty rate","2006-2010",9,"Total","CT","06073021202","0212.02","San Diego","06073",NA,NA,"Overall",2828,347.844,12.3,0.2659574,24.3340426,6.1398176,49.9172165,NA,0.8978102,"no",41661.5034577,212.02,"Mood Disorders","Hospitalization",2010,38,5,"EAST",1,"Rural Area",5,"High Income",2,"Supervisorial District 2",64,425.673428666445,418.259660850026,24,321.758948920767,40,527.983104540655,54,457.200914401829,NA,NA,6,270.880361173815,NA,NA,NA,NA,NA,NA,23,1165.73745565129,14,427.742132600061,22,451.745379876797,NA,NA
"5","ANZA-BORREGO SPRINGS",754,"Overall, concentrated, and child (0 to 18 years of age) poverty rate","2006-2010",9,"Total","CT","06073020807","0208.07","San Diego","06073",NA,NA,"Child",416,11.232,2.7,0,7.8234043,2.6139818,96.8141394,NA,0.1413613,"no",41661.5034577,208.07,"Mood Disorders","Hospitalization",2010,63,6,"N INLAND",1,"Rural Area",1,"Lowest Income",5,"Supervisorial District 5",20,450.45045045045,589.88882036763,11,489.759572573464,9,410.2096627165,16,570.816981805209,NA,NA,NA,NA,NA,NA,NA,NA,NA,NA,NA,NA,5,816.993464052288,9,620.689655172414,NA,NA
"6","ANZA-BORREGO SPRINGS",754,"Overall, concentrated, and child (0 to 18 years of age) poverty rate","2006-2010",9,"Total","CT","06073020809","0208.09","San Diego","06073",NA,NA,"Child",1919,418.342,21.8,3.3319149,40.2680851,9.4224924,43.2224422,NA,1.1413613,"no",41661.5034577,208.09,"Mood Disorders","Hospitalization",2010,63,6,"N INLAND",1,"Rural Area",1,"Lowest Income",5,"Supervisorial District 5",20,450.45045045045,589.88882036763,11,489.759572573464,9,410.2096627165,16,570.816981805209,NA,NA,NA,NA,NA,NA,NA,NA,NA,NA,NA,NA,5,816.993464052288,9,620.689655172414,NA,NA
"7","ANZA-BORREGO SPRINGS",754,"Overall, concentrated, and child (0 to 18 years of age) poverty rate","2006-2010",9,"Total","CT","06073020809","0208.09","San Diego","06073",NA,NA,"Overall",7352,742.552,10.1,2.8319149,17.3680851,3.7082067,36.7149177,NA,0.7372263,"no",41661.5034577,208.09,"Mood Disorders","Hospitalization",2010,63,6,"N INLAND",1,"Rural Area",1,"Lowest Income",5,"Supervisorial District 5",20,450.45045045045,589.88882036763,11,489.759572573464,9,410.2096627165,16,570.816981805209,NA,NA,NA,NA,NA,NA,NA,NA,NA,NA,NA,NA,5,816.993464052288,9,620.689655172414,NA,NA
"8","ANZA-BORREGO SPRINGS",754,"Overall, concentrated, and child (0 to 18 years of age) poverty rate","2006-2010",9,"Total","CT","06073020807","0208.07","San Diego","06073",NA,NA,"Overall",2337,193.971,8.3,4.1297872,12.4702128,2.1276596,25.6344527,NA,0.6058394,"no",41661.5034577,208.07,"Mood Disorders","Hospitalization",2010,63,6,"N INLAND",1,"Rural Area",1,"Lowest Income",5,"Supervisorial District 5",20,450.45045045045,589.88882036763,11,489.759572573464,9,410.2096627165,16,570.816981805209,NA,NA,NA,NA,NA,NA,NA,NA,NA,NA,NA,NA,5,816.993464052288,9,620.689655172414,NA,NA
"9","CARLSBAD",754,"Overall, concentrated, and child (0 to 18 years of age) poverty rate","2006-2010",9,"Total","CT","06073014602","0146.02","San Diego","06073",NA,NA,"Child",935,119.68,12.8,0,27.2170213,7.3556231,57.4658055,NA,0.6701571,"no",41661.5034577,146.02,"Mood Disorders","Hospitalization",2010,41,1,"N COASTAL",3,"Suburban Area",5,"High Income",5,"Supervisorial District 5",257,224.03933328684,229.067566447443,114,204.407308457801,143,242.615496852785,216,256,5,315.656565656566,19,113.977204559088,6,73.9918608953015,NA,NA,20,91.0705341286827,58,474.554082801505,71,235.896072828759,80,245.270871018181,28,157.179746266981
"10","CARLSBAD",754,"Overall, concentrated, and child (0 to 18 years of age) poverty rate","2006-2010",9,"Total","CT","06073018100","0181.00","San Diego","06073",NA,NA,"Child",902,46.002,5.1,0,12.8446809,3.9513678,77.4777996,NA,0.2670157,"no",41661.5034577,181,"Mood Disorders","Hospitalization",2010,41,1,"N COASTAL",3,"Suburban Area",5,"High Income",5,"Supervisorial District 5",257,224.03933328684,229.067566447443,114,204.407308457801,143,242.615496852785,216,256,5,315.656565656566,19,113.977204559088,6,73.9918608953015,NA,NA,20,91.0705341286827,58,474.554082801505,71,235.896072828759,80,245.270871018181,28,157.179746266981
"11","CARLSBAD",754,"Overall, concentrated, and child (0 to 18 years of age) poverty rate","2006-2010",9,"Total","CT","06073014601","0146.01","San Diego","06073",NA,NA,"Overall",4590,514.08,11.2,2.1446809,20.2553191,4.6200608,41.2505428,NA,0.8175182,"no",41661.5034577,146.01,"Mood Disorders","Hospitalization",2010,41,1,"N COASTAL",3,"Suburban Area",5,"High Income",5,"Supervisorial District 5",257,224.03933328684,229.067566447443,114,204.407308457801,143,242.615496852785,216,256,5,315.656565656566,19,113.977204559088,6,73.9918608953015,NA,NA,20,91.0705341286827,58,474.554082801505,71,235.896072828759,80,245.270871018181,28,157.179746266981
"12","CARLSBAD",754,"Overall, concentrated, and child (0 to 18 years of age) poverty rate","2006-2010",9,"Total","CT","06073014602","0146.02","San Diego","06073",NA,NA,"Overall",4422,375.87,8.5,3.1382979,13.8617021,2.7355623,32.183086,NA,0.620438,"no",41661.5034577,146.02,"Mood Disorders","Hospitalization",2010,41,1,"N COASTAL",3,"Suburban Area",5,"High Income",5,"Supervisorial District 5",257,224.03933328684,229.067566447443,114,204.407308457801,143,242.615496852785,216,256,5,315.656565656566,19,113.977204559088,6,73.9918608953015,NA,NA,20,91.0705341286827,58,474.554082801505,71,235.896072828759,80,245.270871018181,28,157.179746266981
"13","CARLSBAD",754,"Overall, concentrated, and child (0 to 18 years of age) poverty rate","2006-2010",9,"Total","CT","06073018516","0185.16","San Diego","06073",NA,NA,"Overall",4267,503.506,11.8,4.8893617,18.7106383,3.5258359,29.879965,NA,0.8613139,"no",41661.5034577,185.16,"Mood Disorders","Hospitalization",2010,41,1,"N COASTAL",3,"Suburban Area",5,"High Income",5,"Supervisorial District 5",257,224.03933328684,229.067566447443,114,204.407308457801,143,242.615496852785,216,256,5,315.656565656566,19,113.977204559088,6,73.9918608953015,NA,NA,20,91.0705341286827,58,474.554082801505,71,235.896072828759,80,245.270871018181,28,157.179746266981
"14","CARLSBAD",754,"Overall, concentrated, and child (0 to 18 years of age) poverty rate","2006-2010",9,"Total","CT","06073018516","0185.16","San Diego","06073",NA,NA,"Child",1190,283.22,23.8,7.7148936,39.8851064,8.2066869,34.4818779,NA,1.2460733,"no",41661.5034577,185.16,"Mood Disorders","Hospitalization",2010,41,1,"N COASTAL",3,"Suburban Area",5,"High Income",5,"Supervisorial District 5",257,224.03933328684,229.067566447443,114,204.407308457801,143,242.615496852785,216,256,5,315.656565656566,19,113.977204559088,6,73.9918608953015,NA,NA,20,91.0705341286827,58,474.554082801505,71,235.896072828759,80,245.270871018181,28,157.179746266981
"15","CARLSBAD",754,"Overall, concentrated, and child (0 to 18 years of age) poverty rate","2006-2010",9,"Total","CT","06073018515","0185.15","San Diego","06073",NA,NA,"Overall",3659,164.655,4.5,0.4489362,8.5510638,2.0668693,45.9304289,NA,0.3284672,"no",41661.5034577,185.15,"Mood Disorders","Hospitalization",2010,41,1,"N COASTAL",3,"Suburban Area",5,"High Income",5,"Supervisorial District 5",257,224.03933328684,229.067566447443,114,204.407308457801,143,242.615496852785,216,256,5,315.656565656566,19,113.977204559088,6,73.9918608953015,NA,NA,20,91.0705341286827,58,474.554082801505,71,235.896072828759,80,245.270871018181,28,157.179746266981
"16","CARLSBAD",754,"Overall, concentrated, and child (0 to 18 years of age) poverty rate","2006-2010",9,"Total","CT","06073014002","0140.02","San Diego","06073",NA,NA,"Child",1382,153.402,11.1,0,23.4914894,6.3221884,56.9566527,NA,0.5811518,"no",41661.5034577,140.02,"Mood Disorders","Hospitalization",2010,41,1,"N COASTAL",3,"Suburban Area",5,"High Income",5,"Supervisorial District 5",257,224.03933328684,229.067566447443,114,204.407308457801,143,242.615496852785,216,256,5,315.656565656566,19,113.977204559088,6,73.9918608953015,NA,NA,20,91.0705341286827,58,474.554082801505,71,235.896072828759,80,245.270871018181,28,157.179746266981
"17","CARLSBAD",754,"Overall, concentrated, and child (0 to 18 years of age) poverty rate","2006-2010",9,"Total","CT","06073014601","0146.01","San Diego","06073",NA,NA,"Child",1056,230.208,21.8,0,46.2255319,12.4620061,57.1651655,NA,1.1413613,"no",41661.5034577,146.01,"Mood Disorders","Hospitalization",2010,41,1,"N COASTAL",3,"Suburban Area",5,"High Income",5,"Supervisorial District 5",257,224.03933328684,229.067566447443,114,204.407308457801,143,242.615496852785,216,256,5,315.656565656566,19,113.977204559088,6,73.9918608953015,NA,NA,20,91.0705341286827,58,474.554082801505,71,235.896072828759,80,245.270871018181,28,157.179746266981
"18","CARLSBAD",754,"Overall, concentrated, and child (0 to 18 years of age) poverty rate","2006-2010",9,"Total","CT","06073018000","0180.00","San Diego","06073",NA,NA,"Child",188,9.024,4.8,0,13.8553191,4.6200608,96.2512665,NA,0.2513089,"no",41661.5034577,180,"Mood Disorders","Hospitalization",2010,41,1,"N COASTAL",3,"Suburban Area",5,"High Income",5,"Supervisorial District 5",257,224.03933328684,229.067566447443,114,204.407308457801,143,242.615496852785,216,256,5,315.656565656566,19,113.977204559088,6,73.9918608953015,NA,NA,20,91.0705341286827,58,474.554082801505,71,235.896072828759,80,245.270871018181,28,157.179746266981
"19","CARLSBAD",754,"Overall, concentrated, and child (0 to 18 years of age) poverty rate","2006-2010",9,"Total","CT","06073018000","0180.00","San Diego","06073",NA,NA,"Overall",3039,325.173,10.7,4.9808511,16.4191489,2.9179331,27.2704031,NA,0.7810219,"no",41661.5034577,180,"Mood Disorders","Hospitalization",2010,41,1,"N COASTAL",3,"Suburban Area",5,"High Income",5,"Supervisorial District 5",257,224.03933328684,229.067566447443,114,204.407308457801,143,242.615496852785,216,256,5,315.656565656566,19,113.977204559088,6,73.9918608953015,NA,NA,20,91.0705341286827,58,474.554082801505,71,235.896072828759,80,245.270871018181,28,157.179746266981
"20","CARLSBAD",754,"Overall, concentrated, and child (0 to 18 years of age) poverty rate","2006-2010",9,"Total","CT","06073018515","0185.15","San Diego","06073",NA,NA,"Child",585,54.99,9.4,0,26.3191489,8.6322188,91.8321154,NA,0.4921466,"no",41661.5034577,185.15,"Mood Disorders","Hospitalization",2010,41,1,"N COASTAL",3,"Suburban Area",5,"High Income",5,"Supervisorial District 5",257,224.03933328684,229.067566447443,114,204.407308457801,143,242.615496852785,216,256,5,315.656565656566,19,113.977204559088,6,73.9918608953015,NA,NA,20,91.0705341286827,58,474.554082801505,71,235.896072828759,80,245.270871018181,28,157.179746266981
"21","CARLSBAD",754,"Overall, concentrated, and child (0 to 18 years of age) poverty rate","2006-2010",9,"Total","CT","06073018608","0186.08","San Diego","06073",NA,NA,"Child",851,86.802,10.2,0,23.306383,6.6869301,65.5581381,NA,0.5340314,"no",41661.5034577,186.08,"Mood Disorders","Hospitalization",2010,41,1,"N COASTAL",3,"Suburban Area",5,"High Income",5,"Supervisorial District 5",257,224.03933328684,229.067566447443,114,204.407308457801,143,242.615496852785,216,256,5,315.656565656566,19,113.977204559088,6,73.9918608953015,NA,NA,20,91.0705341286827,58,474.554082801505,71,235.896072828759,80,245.270871018181,28,157.179746266981
"22","CARLSBAD",754,"Overall, concentrated, and child (0 to 18 years of age) poverty rate","2006-2010",9,"Total","CT","06073014500","0145.00","San Diego","06073",NA,NA,"Child",836,66.044,7.9,0.393617,15.406383,3.8297872,48.4783194,NA,0.4136126,"no",41661.5034577,145,"Mood Disorders","Hospitalization",2010,41,1,"N COASTAL",3,"Suburban Area",5,"High Income",5,"Supervisorial District 5",257,224.03933328684,229.067566447443,114,204.407308457801,143,242.615496852785,216,256,5,315.656565656566,19,113.977204559088,6,73.9918608953015,NA,NA,20,91.0705341286827,58,474.554082801505,71,235.896072828759,80,245.270871018181,28,157.179746266981
"23","CARLSBAD",754,"Overall, concentrated, and child (0 to 18 years of age) poverty rate","2006-2010",9,"Total","CT","06073022100","0221.00","San Diego","06073",NA,NA,"Overall",8794,747.49,8.5,3.3765957,13.6234043,2.6139818,30.7527266,NA,0.620438,"no",41661.5034577,221,"Mood Disorders","Hospitalization",2010,41,1,"N COASTAL",3,"Suburban Area",5,"High Income",5,"Supervisorial District 5",257,224.03933328684,229.067566447443,114,204.407308457801,143,242.615496852785,216,256,5,315.656565656566,19,113.977204559088,6,73.9918608953015,NA,NA,20,91.0705341286827,58,474.554082801505,71,235.896072828759,80,245.270871018181,28,157.179746266981
"24","CARLSBAD",754,"Overall, concentrated, and child (0 to 18 years of age) poverty rate","2006-2010",9,"Total","CT","06073014500","0145.00","San Diego","06073",NA,NA,"Overall",3945,430.005,10.9,4.2276596,17.5723404,3.4042553,31.2317002,NA,0.7956204,"no",41661.5034577,145,"Mood Disorders","Hospitalization",2010,41,1,"N COASTAL",3,"Suburban Area",5,"High Income",5,"Supervisorial District 5",257,224.03933328684,229.067566447443,114,204.407308457801,143,242.615496852785,216,256,5,315.656565656566,19,113.977204559088,6,73.9918608953015,NA,NA,20,91.0705341286827,58,474.554082801505,71,235.896072828759,80,245.270871018181,28,157.179746266981
"25","CARLSBAD",754,"Overall, concentrated, and child (0 to 18 years of age) poverty rate","2006-2010",9,"Total","CT","06073018603","0186.03","San Diego","06073",NA,NA,"Overall",6098,1042.758,17.1,8.8787234,25.3212766,4.1945289,24.5294086,NA,1.2481752,"no",41661.5034577,186.03,"Mood Disorders","Hospitalization",2010,41,1,"N COASTAL",3,"Suburban Area",5,"High Income",5,"Supervisorial District 5",257,224.03933328684,229.067566447443,114,204.407308457801,143,242.615496852785,216,256,5,315.656565656566,19,113.977204559088,6,73.9918608953015,NA,NA,20,91.0705341286827,58,474.554082801505,71,235.896072828759,80,245.270871018181,28,157.179746266981
"26","CARLSBAD",754,"Overall, concentrated, and child (0 to 18 years of age) poverty rate","2006-2010",9,"Total","CT","06073018603","0186.03","San Diego","06073",NA,NA,"Child",1560,361.92,23.2,7.1148936,39.2851064,8.2066869,35.3736506,NA,1.2146597,"no",41661.5034577,186.03,"Mood Disorders","Hospitalization",2010,41,1,"N COASTAL",3,"Suburban Area",5,"High Income",5,"Supervisorial District 5",257,224.03933328684,229.067566447443,114,204.407308457801,143,242.615496852785,216,256,5,315.656565656566,19,113.977204559088,6,73.9918608953015,NA,NA,20,91.0705341286827,58,474.554082801505,71,235.896072828759,80,245.270871018181,28,157.179746266981
"27","CARLSBAD",754,"Overall, concentrated, and child (0 to 18 years of age) poverty rate","2006-2010",9,"Total","CT","06073017900","0179.00","San Diego","06073",NA,NA,"Child",1310,237.11,18.1,2.0148936,34.1851064,8.2066869,45.3408118,NA,0.947644,"no",41661.5034577,179,"Mood Disorders","Hospitalization",2010,41,1,"N COASTAL",3,"Suburban Area",5,"High Income",5,"Supervisorial District 5",257,224.03933328684,229.067566447443,114,204.407308457801,143,242.615496852785,216,256,5,315.656565656566,19,113.977204559088,6,73.9918608953015,NA,NA,20,91.0705341286827,58,474.554082801505,71,235.896072828759,80,245.270871018181,28,157.179746266981
"28","CARLSBAD",754,"Overall, concentrated, and child (0 to 18 years of age) poverty rate","2006-2010",9,"Total","CT","06073014400","0144.00","San Diego","06073",NA,NA,"Overall",3239,1072.109,33.1,17.8489362,48.3510638,7.781155,23.5080212,NA,2.4160584,"no",41661.5034577,144,"Mood Disorders","Hospitalization",2010,41,1,"N COASTAL",3,"Suburban Area",5,"High Income",5,"Supervisorial District 5",257,224.03933328684,229.067566447443,114,204.407308457801,143,242.615496852785,216,256,5,315.656565656566,19,113.977204559088,6,73.9918608953015,NA,NA,20,91.0705341286827,58,474.554082801505,71,235.896072828759,80,245.270871018181,28,157.179746266981
"29","CARLSBAD",754,"Overall, concentrated, and child (0 to 18 years of age) poverty rate","2006-2010",9,"Total","CT","06073017900","0179.00","San Diego","06073",NA,NA,"Overall",6259,1001.44,16,7.5404255,24.4595745,4.3161094,26.9756839,NA,1.1678832,"no",41661.5034577,179,"Mood Disorders","Hospitalization",2010,41,1,"N COASTAL",3,"Suburban Area",5,"High Income",5,"Supervisorial District 5",257,224.03933328684,229.067566447443,114,204.407308457801,143,242.615496852785,216,256,5,315.656565656566,19,113.977204559088,6,73.9918608953015,NA,NA,20,91.0705341286827,58,474.554082801505,71,235.896072828759,80,245.270871018181,28,157.179746266981
"30","CARLSBAD",754,"Overall, concentrated, and child (0 to 18 years of age) poverty rate","2006-2010",9,"Total","CT","06073022100","0221.00","San Diego","06073",NA,NA,"Child",2690,260.93,9.7,1.9553191,17.4446809,3.9513678,40.7357503,NA,0.5078534,"no",41661.5034577,221,"Mood Disorders","Hospitalization",2010,41,1,"N COASTAL",3,"Suburban Area",5,"High Income",5,"Supervisorial District 5",257,224.03933328684,229.067566447443,114,204.407308457801,143,242.615496852785,216,256,5,315.656565656566,19,113.977204559088,6,73.9918608953015,NA,NA,20,91.0705341286827,58,474.554082801505,71,235.896072828759,80,245.270871018181,28,157.179746266981
"31","CARLSBAD",754,"Overall, concentrated, and child (0 to 18 years of age) poverty rate","2006-2010",9,"Total","CT","06073018300","0183.00","San Diego","06073",NA,NA,"Child",301,55.986,18.6,0,50.7702128,16.4133739,88.2439455,NA,0.973822,"no",41661.5034577,183,"Mood Disorders","Hospitalization",2010,41,1,"N COASTAL",3,"Suburban Area",5,"High Income",5,"Supervisorial District 5",257,224.03933328684,229.067566447443,114,204.407308457801,143,242.615496852785,216,256,5,315.656565656566,19,113.977204559088,6,73.9918608953015,NA,NA,20,91.0705341286827,58,474.554082801505,71,235.896072828759,80,245.270871018181,28,157.179746266981
"32","CARLSBAD",754,"Overall, concentrated, and child (0 to 18 years of age) poverty rate","2006-2010",9,"Total","CT","06073017809","0178.09","San Diego","06073",NA,NA,"Child",535,126.26,23.6,0,52.3148936,14.6504559,62.0782031,NA,1.2356021,"no",41661.5034577,178.09,"Mood Disorders","Hospitalization",2010,41,1,"N COASTAL",3,"Suburban Area",5,"High Income",5,"Supervisorial District 5",257,224.03933328684,229.067566447443,114,204.407308457801,143,242.615496852785,216,256,5,315.656565656566,19,113.977204559088,6,73.9918608953015,NA,NA,20,91.0705341286827,58,474.554082801505,71,235.896072828759,80,245.270871018181,28,157.179746266981
"33","CARLSBAD",754,"Overall, concentrated, and child (0 to 18 years of age) poverty rate","2006-2010",9,"Total","CT","06073014001","0140.01","San Diego","06073",NA,NA,"Child",1238,232.744,18.8,0,39.293617,10.4559271,55.6166333,NA,0.9842932,"no",41661.5034577,140.01,"Mood Disorders","Hospitalization",2010,41,1,"N COASTAL",3,"Suburban Area",5,"High Income",5,"Supervisorial District 5",257,224.03933328684,229.067566447443,114,204.407308457801,143,242.615496852785,216,256,5,315.656565656566,19,113.977204559088,6,73.9918608953015,NA,NA,20,91.0705341286827,58,474.554082801505,71,235.896072828759,80,245.270871018181,28,157.179746266981
"34","CARLSBAD",754,"Overall, concentrated, and child (0 to 18 years of age) poverty rate","2006-2010",9,"Total","CT","06073014803","0148.03","San Diego","06073",NA,NA,"Overall",4862,549.406,11.3,7.1297872,15.4702128,2.1276596,18.8288458,NA,0.8248175,"no",41661.5034577,148.03,"Mood Disorders","Hospitalization",2010,41,1,"N COASTAL",3,"Suburban Area",5,"High Income",5,"Supervisorial District 5",257,224.03933328684,229.067566447443,114,204.407308457801,143,242.615496852785,216,256,5,315.656565656566,19,113.977204559088,6,73.9918608953015,NA,NA,20,91.0705341286827,58,474.554082801505,71,235.896072828759,80,245.270871018181,28,157.179746266981
"35","CARLSBAD",754,"Overall, concentrated, and child (0 to 18 years of age) poverty rate","2006-2010",9,"Total","CT","06073018400","0184.00","San Diego","06073",NA,NA,"Overall",3097,511.005,16.5,6.3723404,26.6276596,5.1671733,31.3162015,NA,1.2043796,"no",41661.5034577,184,"Mood Disorders","Hospitalization",2010,41,1,"N COASTAL",3,"Suburban Area",5,"High Income",5,"Supervisorial District 5",257,224.03933328684,229.067566447443,114,204.407308457801,143,242.615496852785,216,256,5,315.656565656566,19,113.977204559088,6,73.9918608953015,NA,NA,20,91.0705341286827,58,474.554082801505,71,235.896072828759,80,245.270871018181,28,157.179746266981
"36","CARLSBAD",754,"Overall, concentrated, and child (0 to 18 years of age) poverty rate","2006-2010",9,"Total","CT","06073014300","0143.00","San Diego","06073",NA,NA,"Overall",3633,719.334,19.8,8.8382979,30.7617021,5.5927052,28.2459857,NA,1.4452555,"no",41661.5034577,143,"Mood Disorders","Hospitalization",2010,41,1,"N COASTAL",3,"Suburban Area",5,"High Income",5,"Supervisorial District 5",257,224.03933328684,229.067566447443,114,204.407308457801,143,242.615496852785,216,256,5,315.656565656566,19,113.977204559088,6,73.9918608953015,NA,NA,20,91.0705341286827,58,474.554082801505,71,235.896072828759,80,245.270871018181,28,157.179746266981
"37","CARLSBAD",754,"Overall, concentrated, and child (0 to 18 years of age) poverty rate","2006-2010",9,"Total","CT","06073014700","0147.00","San Diego","06073",NA,NA,"Overall",7362,1030.68,14,8.2808511,19.7191489,2.9179331,20.8423795,NA,1.0218978,"no",41661.5034577,147,"Mood Disorders","Hospitalization",2010,41,1,"N COASTAL",3,"Suburban Area",5,"High Income",5,"Supervisorial District 5",257,224.03933328684,229.067566447443,114,204.407308457801,143,242.615496852785,216,256,5,315.656565656566,19,113.977204559088,6,73.9918608953015,NA,NA,20,91.0705341286827,58,474.554082801505,71,235.896072828759,80,245.270871018181,28,157.179746266981
"38","CARLSBAD",754,"Overall, concentrated, and child (0 to 18 years of age) poverty rate","2006-2010",9,"Total","CT","06073018601","0186.01","San Diego","06073",NA,NA,"Overall",4832,120.8,2.5,0.3553191,4.6446809,1.0942249,43.768997,NA,0.1824818,"no",41661.5034577,186.01,"Mood Disorders","Hospitalization",2010,41,1,"N COASTAL",3,"Suburban Area",5,"High Income",5,"Supervisorial District 5",257,224.03933328684,229.067566447443,114,204.407308457801,143,242.615496852785,216,256,5,315.656565656566,19,113.977204559088,6,73.9918608953015,NA,NA,20,91.0705341286827,58,474.554082801505,71,235.896072828759,80,245.270871018181,28,157.179746266981
"39","CARLSBAD",754,"Overall, concentrated, and child (0 to 18 years of age) poverty rate","2006-2010",9,"Total","CT","06073017810","0178.10","San Diego","06073",NA,NA,"Overall",4960,233.12,4.7,1.2446809,8.1553191,1.7629179,37.5088922,NA,0.3430657,"no",41661.5034577,178.1,"Mood Disorders","Hospitalization",2010,41,1,"N COASTAL",3,"Suburban Area",5,"High Income",5,"Supervisorial District 5",257,224.03933328684,229.067566447443,114,204.407308457801,143,242.615496852785,216,256,5,315.656565656566,19,113.977204559088,6,73.9918608953015,NA,NA,20,91.0705341286827,58,474.554082801505,71,235.896072828759,80,245.270871018181,28,157.179746266981
"40","CARLSBAD",754,"Overall, concentrated, and child (0 to 18 years of age) poverty rate","2006-2010",9,"Total","CT","06073014803","0148.03","San Diego","06073",NA,NA,"Child",741,0,0,0,6.3148936,3.2218845,NA,NA,0,"no",41661.5034577,148.03,"Mood Disorders","Hospitalization",2010,41,1,"N COASTAL",3,"Suburban Area",5,"High Income",5,"Supervisorial District 5",257,224.03933328684,229.067566447443,114,204.407308457801,143,242.615496852785,216,256,5,315.656565656566,19,113.977204559088,6,73.9918608953015,NA,NA,20,91.0705341286827,58,474.554082801505,71,235.896072828759,80,245.270871018181,28,157.179746266981
"41","CARLSBAD",754,"Overall, concentrated, and child (0 to 18 years of age) poverty rate","2006-2010",9,"Total","CT","06073018601","0186.01","San Diego","06073",NA,NA,"Child",1112,25.576,2.3,0,6.9468085,2.3708207,103.0791595,NA,0.1204188,"no",41661.5034577,186.01,"Mood Disorders","Hospitalization",2010,41,1,"N COASTAL",3,"Suburban Area",5,"High Income",5,"Supervisorial District 5",257,224.03933328684,229.067566447443,114,204.407308457801,143,242.615496852785,216,256,5,315.656565656566,19,113.977204559088,6,73.9918608953015,NA,NA,20,91.0705341286827,58,474.554082801505,71,235.896072828759,80,245.270871018181,28,157.179746266981
"42","CARLSBAD",754,"Overall, concentrated, and child (0 to 18 years of age) poverty rate","2006-2010",9,"Total","CT","06073018300","0183.00","San Diego","06073",NA,NA,"Overall",2894,642.468,22.2,10.8808511,33.5191489,5.775076,26.0138558,NA,1.620438,"no",41661.5034577,183,"Mood Disorders","Hospitalization",2010,41,1,"N COASTAL",3,"Suburban Area",5,"High Income",5,"Supervisorial District 5",257,224.03933328684,229.067566447443,114,204.407308457801,143,242.615496852785,216,256,5,315.656565656566,19,113.977204559088,6,73.9918608953015,NA,NA,20,91.0705341286827,58,474.554082801505,71,235.896072828759,80,245.270871018181,28,157.179746266981
"43","CARLSBAD",754,"Overall, concentrated, and child (0 to 18 years of age) poverty rate","2006-2010",9,"Total","CT","06073013909","0139.09","San Diego","06073",NA,NA,"Overall",5125,584.25,11.4,1.987234,20.812766,4.8024316,42.1265931,NA,0.8321168,"no",41661.5034577,139.09,"Mood Disorders","Hospitalization",2010,41,1,"N COASTAL",3,"Suburban Area",5,"High Income",5,"Supervisorial District 5",257,224.03933328684,229.067566447443,114,204.407308457801,143,242.615496852785,216,256,5,315.656565656566,19,113.977204559088,6,73.9918608953015,NA,NA,20,91.0705341286827,58,474.554082801505,71,235.896072828759,80,245.270871018181,28,157.179746266981
"44","CARLSBAD",754,"Overall, concentrated, and child (0 to 18 years of age) poverty rate","2006-2010",9,"Total","CT","06073014102","0141.02","San Diego","06073",NA,NA,"Child",1080,236.52,21.9,4.3851064,39.4148936,8.9361702,40.8044302,NA,1.1465969,"no",41661.5034577,141.02,"Mood Disorders","Hospitalization",2010,41,1,"N COASTAL",3,"Suburban Area",5,"High Income",5,"Supervisorial District 5",257,224.03933328684,229.067566447443,114,204.407308457801,143,242.615496852785,216,256,5,315.656565656566,19,113.977204559088,6,73.9918608953015,NA,NA,20,91.0705341286827,58,474.554082801505,71,235.896072828759,80,245.270871018181,28,157.179746266981
"45","CARLSBAD",754,"Overall, concentrated, and child (0 to 18 years of age) poverty rate","2006-2010",9,"Total","CT","06073014700","0147.00","San Diego","06073",NA,NA,"Child",1334,269.468,20.2,8.0468085,32.3531915,6.2006079,30.6960787,NA,1.0575916,"no",41661.5034577,147,"Mood Disorders","Hospitalization",2010,41,1,"N COASTAL",3,"Suburban Area",5,"High Income",5,"Supervisorial District 5",257,224.03933328684,229.067566447443,114,204.407308457801,143,242.615496852785,216,256,5,315.656565656566,19,113.977204559088,6,73.9918608953015,NA,NA,20,91.0705341286827,58,474.554082801505,71,235.896072828759,80,245.270871018181,28,157.179746266981
"46","CARLSBAD",754,"Overall, concentrated, and child (0 to 18 years of age) poverty rate","2006-2010",9,"Total","CT","06073014001","0140.01","San Diego","06073",NA,NA,"Overall",4635,597.915,12.9,4.3212766,21.4787234,4.3768997,33.929455,NA,0.9416058,"no",41661.5034577,140.01,"Mood Disorders","Hospitalization",2010,41,1,"N COASTAL",3,"Suburban Area",5,"High Income",5,"Supervisorial District 5",257,224.03933328684,229.067566447443,114,204.407308457801,143,242.615496852785,216,256,5,315.656565656566,19,113.977204559088,6,73.9918608953015,NA,NA,20,91.0705341286827,58,474.554082801505,71,235.896072828759,80,245.270871018181,28,157.179746266981
"47","CARLSBAD",754,"Overall, concentrated, and child (0 to 18 years of age) poverty rate","2006-2010",9,"Total","CT","06073017809","0178.09","San Diego","06073",NA,NA,"Overall",2286,281.178,12.3,0,26.0021277,6.9908815,56.8364346,NA,0.8978102,"no",41661.5034577,178.09,"Mood Disorders","Hospitalization",2010,41,1,"N COASTAL",3,"Suburban Area",5,"High Income",5,"Supervisorial District 5",257,224.03933328684,229.067566447443,114,204.407308457801,143,242.615496852785,216,256,5,315.656565656566,19,113.977204559088,6,73.9918608953015,NA,NA,20,91.0705341286827,58,474.554082801505,71,235.896072828759,80,245.270871018181,28,157.179746266981
"48","CARLSBAD",754,"Overall, concentrated, and child (0 to 18 years of age) poverty rate","2006-2010",9,"Total","CT","06073018519","0185.19","San Diego","06073",NA,NA,"Overall",6136,779.272,12.7,5.193617,20.206383,3.8297872,30.155805,NA,0.9270073,"no",41661.5034577,185.19,"Mood Disorders","Hospitalization",2010,41,1,"N COASTAL",3,"Suburban Area",5,"High Income",5,"Supervisorial District 5",257,224.03933328684,229.067566447443,114,204.407308457801,143,242.615496852785,216,256,5,315.656565656566,19,113.977204559088,6,73.9918608953015,NA,NA,20,91.0705341286827,58,474.554082801505,71,235.896072828759,80,245.270871018181,28,157.179746266981
"49","CARLSBAD",754,"Overall, concentrated, and child (0 to 18 years of age) poverty rate","2006-2010",9,"Total","CT","06073017810","0178.10","San Diego","06073",NA,NA,"Child",1049,76.577,7.3,0,15.6404255,4.2553191,58.2920431,NA,0.382199,"no",41661.5034577,178.1,"Mood Disorders","Hospitalization",2010,41,1,"N COASTAL",3,"Suburban Area",5,"High Income",5,"Supervisorial District 5",257,224.03933328684,229.067566447443,114,204.407308457801,143,242.615496852785,216,256,5,315.656565656566,19,113.977204559088,6,73.9918608953015,NA,NA,20,91.0705341286827,58,474.554082801505,71,235.896072828759,80,245.270871018181,28,157.179746266981
"50","CARLSBAD",754,"Overall, concentrated, and child (0 to 18 years of age) poverty rate","2006-2010",9,"Total","CT","06073018100","0181.00","San Diego","06073",NA,NA,"Overall",5388,344.832,6.4,1.9914894,10.8085106,2.2492401,35.1443769,NA,0.4671533,"no",41661.5034577,181,"Mood Disorders","Hospitalization",2010,41,1,"N COASTAL",3,"Suburban Area",5,"High Income",5,"Supervisorial District 5",257,224.03933328684,229.067566447443,114,204.407308457801,143,242.615496852785,216,256,5,315.656565656566,19,113.977204559088,6,73.9918608953015,NA,NA,20,91.0705341286827,58,474.554082801505,71,235.896072828759,80,245.270871018181,28,157.179746266981
"51","CARLSBAD",754,"Overall, concentrated, and child (0 to 18 years of age) poverty rate","2006-2010",9,"Total","CT","06073014400","0144.00","San Diego","06073",NA,NA,"Child",955,459.355,48.1,21.887234,74.312766,13.3738602,27.8042831,NA,2.5183246,"no",41661.5034577,144,"Mood Disorders","Hospitalization",2010,41,1,"N COASTAL",3,"Suburban Area",5,"High Income",5,"Supervisorial District 5",257,224.03933328684,229.067566447443,114,204.407308457801,143,242.615496852785,216,256,5,315.656565656566,19,113.977204559088,6,73.9918608953015,NA,NA,20,91.0705341286827,58,474.554082801505,71,235.896072828759,80,245.270871018181,28,157.179746266981
"52","CARLSBAD",754,"Overall, concentrated, and child (0 to 18 years of age) poverty rate","2006-2010",9,"Total","CT","06073014101","0141.01","San Diego","06073",NA,NA,"Child",1111,135.542,12.2,0,27.4510638,7.781155,63.7799591,NA,0.6387435,"no",41661.5034577,141.01,"Mood Disorders","Hospitalization",2010,41,1,"N COASTAL",3,"Suburban Area",5,"High Income",5,"Supervisorial District 5",257,224.03933328684,229.067566447443,114,204.407308457801,143,242.615496852785,216,256,5,315.656565656566,19,113.977204559088,6,73.9918608953015,NA,NA,20,91.0705341286827,58,474.554082801505,71,235.896072828759,80,245.270871018181,28,157.179746266981
"53","CARLSBAD",754,"Overall, concentrated, and child (0 to 18 years of age) poverty rate","2006-2010",9,"Total","CT","06073018200","0182.00","San Diego","06073",NA,NA,"Child",2339,1017.465,43.5,17.406383,69.593617,13.3130699,30.6047584,NA,2.2774869,"no",41661.5034577,182,"Mood Disorders","Hospitalization",2010,41,1,"N COASTAL",3,"Suburban Area",5,"High Income",5,"Supervisorial District 5",257,224.03933328684,229.067566447443,114,204.407308457801,143,242.615496852785,216,256,5,315.656565656566,19,113.977204559088,6,73.9918608953015,NA,NA,20,91.0705341286827,58,474.554082801505,71,235.896072828759,80,245.270871018181,28,157.179746266981
"54","CARLSBAD",754,"Overall, concentrated, and child (0 to 18 years of age) poverty rate","2006-2010",9,"Total","CT","06073018519","0185.19","San Diego","06073",NA,NA,"Child",1757,281.12,16,1.4638298,30.5361702,7.4164134,46.3525836,NA,0.8376963,"no",41661.5034577,185.19,"Mood Disorders","Hospitalization",2010,41,1,"N COASTAL",3,"Suburban Area",5,"High Income",5,"Supervisorial District 5",257,224.03933328684,229.067566447443,114,204.407308457801,143,242.615496852785,216,256,5,315.656565656566,19,113.977204559088,6,73.9918608953015,NA,NA,20,91.0705341286827,58,474.554082801505,71,235.896072828759,80,245.270871018181,28,157.179746266981
"55","CARLSBAD",754,"Overall, concentrated, and child (0 to 18 years of age) poverty rate","2006-2010",9,"Total","CT","06073018200","0182.00","San Diego","06073",NA,NA,"Overall",7058,2399.72,34,19.3446809,48.6553191,7.4772036,21.9917754,NA,2.4817518,"no",41661.5034577,182,"Mood Disorders","Hospitalization",2010,41,1,"N COASTAL",3,"Suburban Area",5,"High Income",5,"Supervisorial District 5",257,224.03933328684,229.067566447443,114,204.407308457801,143,242.615496852785,216,256,5,315.656565656566,19,113.977204559088,6,73.9918608953015,NA,NA,20,91.0705341286827,58,474.554082801505,71,235.896072828759,80,245.270871018181,28,157.179746266981
"56","CARLSBAD",754,"Overall, concentrated, and child (0 to 18 years of age) poverty rate","2006-2010",9,"Total","CT","06073014804","0148.04","San Diego","06073",NA,NA,"Child",639,47.286,7.4,0,18.3617021,5.5927052,75.5770969,NA,0.3874346,"no",41661.5034577,148.04,"Mood Disorders","Hospitalization",2010,41,1,"N COASTAL",3,"Suburban Area",5,"High Income",5,"Supervisorial District 5",257,224.03933328684,229.067566447443,114,204.407308457801,143,242.615496852785,216,256,5,315.656565656566,19,113.977204559088,6,73.9918608953015,NA,NA,20,91.0705341286827,58,474.554082801505,71,235.896072828759,80,245.270871018181,28,157.179746266981
"57","CARLSBAD",754,"Overall, concentrated, and child (0 to 18 years of age) poverty rate","2006-2010",9,"Total","CT","06073018400","0184.00","San Diego","06073",NA,NA,"Child",699,123.723,17.7,0,43.912766,13.3738602,75.5585321,NA,0.9267016,"no",41661.5034577,184,"Mood Disorders","Hospitalization",2010,41,1,"N COASTAL",3,"Suburban Area",5,"High Income",5,"Supervisorial District 5",257,224.03933328684,229.067566447443,114,204.407308457801,143,242.615496852785,216,256,5,315.656565656566,19,113.977204559088,6,73.9918608953015,NA,NA,20,91.0705341286827,58,474.554082801505,71,235.896072828759,80,245.270871018181,28,157.179746266981
"58","CARLSBAD",754,"Overall, concentrated, and child (0 to 18 years of age) poverty rate","2006-2010",9,"Total","CT","06073014101","0141.01","San Diego","06073",NA,NA,"Overall",4094,302.956,7.4,1.9191489,12.8808511,2.7963526,37.7885484,NA,0.540146,"no",41661.5034577,141.01,"Mood Disorders","Hospitalization",2010,41,1,"N COASTAL",3,"Suburban Area",5,"High Income",5,"Supervisorial District 5",257,224.03933328684,229.067566447443,114,204.407308457801,143,242.615496852785,216,256,5,315.656565656566,19,113.977204559088,6,73.9918608953015,NA,NA,20,91.0705341286827,58,474.554082801505,71,235.896072828759,80,245.270871018181,28,157.179746266981
"59","CARLSBAD",754,"Overall, concentrated, and child (0 to 18 years of age) poverty rate","2006-2010",9,"Total","CT","06073018608","0186.08","San Diego","06073",NA,NA,"Overall",3015,195.975,6.5,0,13.0531915,3.343465,51.4379238,NA,0.4744526,"no",41661.5034577,186.08,"Mood Disorders","Hospitalization",2010,41,1,"N COASTAL",3,"Suburban Area",5,"High Income",5,"Supervisorial District 5",257,224.03933328684,229.067566447443,114,204.407308457801,143,242.615496852785,216,256,5,315.656565656566,19,113.977204559088,6,73.9918608953015,NA,NA,20,91.0705341286827,58,474.554082801505,71,235.896072828759,80,245.270871018181,28,157.179746266981
"60","CARLSBAD",754,"Overall, concentrated, and child (0 to 18 years of age) poverty rate","2006-2010",9,"Total","CT","06073014002","0140.02","San Diego","06073",NA,NA,"Overall",4494,417.942,9.3,0,19.1893617,5.0455927,54.253685,NA,0.6788321,"no",41661.5034577,140.02,"Mood Disorders","Hospitalization",2010,41,1,"N COASTAL",3,"Suburban Area",5,"High Income",5,"Supervisorial District 5",257,224.03933328684,229.067566447443,114,204.407308457801,143,242.615496852785,216,256,5,315.656565656566,19,113.977204559088,6,73.9918608953015,NA,NA,20,91.0705341286827,58,474.554082801505,71,235.896072828759,80,245.270871018181,28,157.179746266981
"61","CENTRAL SAN DIEGO",754,"Overall, concentrated, and child (0 to 18 years of age) poverty rate","2000",9,"Total","CT","06073001300","0013.00","San Diego","06073",NA,NA,"Overall",6068,1152.92,19,NA,NA,NA,NA,NA,1.3380282,"no",41661.5034576,13,"Mood Disorders","Hospitalization",2010,1,3,"CENTRAL",5,"Very Urban Area",2,"Low Income",4,"Supervisorial District 4",1082,653.496083251294,629.498605903139,597,659.522757401679,485,646.227232148805,753,915.04538770947,113,984.149102943738,158,274.200826073375,21,247.087892693258,26,457.988374141272,26,134.30445787489,108,469.769464984776,392,562.152240004589,473,1246.44250026352,83,534.036803500193
"62","CENTRAL SAN DIEGO",754,"Overall, concentrated, and child (0 to 18 years of age) poverty rate","2000",9,"Total","CT","06073009103","0091.03","San Diego","06073",NA,NA,"Child",597,65.67,11,NA,NA,NA,NA,NA,0.5789474,"no",41661.5034577,91.03,"Mood Disorders","Hospitalization",2010,1,3,"CENTRAL",5,"Very Urban Area",2,"Low Income",4,"Supervisorial District 4",1082,653.496083251294,629.498605903139,597,659.522757401679,485,646.227232148805,753,915.04538770947,113,984.149102943738,158,274.200826073375,21,247.087892693258,26,457.988374141272,26,134.30445787489,108,469.769464984776,392,562.152240004589,473,1246.44250026352,83,534.036803500193
"63","CENTRAL SAN DIEGO",754,"Overall, concentrated, and child (0 to 18 years of age) poverty rate","2000",9,"Total","CT","06073009705","0097.05","San Diego","06073",NA,NA,"Overall",3299,92.372,2.8,NA,NA,NA,NA,NA,0.1971831,"no",41661.5034577,97.05,"Mood Disorders","Hospitalization",2010,1,3,"CENTRAL",5,"Very Urban Area",2,"Low Income",4,"Supervisorial District 4",1082,653.496083251294,629.498605903139,597,659.522757401679,485,646.227232148805,753,915.04538770947,113,984.149102943738,158,274.200826073375,21,247.087892693258,26,457.988374141272,26,134.30445787489,108,469.769464984776,392,562.152240004589,473,1246.44250026352,83,534.036803500193
"64","CENTRAL SAN DIEGO",754,"Overall, concentrated, and child (0 to 18 years of age) poverty rate","2000",9,"Total","CT","06073002302","0023.02","San Diego","06073",NA,NA,"Child",2433,1158.108,47.6,NA,NA,NA,NA,NA,2.5052632,"no",41661.5034576,23.02,"Mood Disorders","Hospitalization",2010,1,3,"CENTRAL",5,"Very Urban Area",2,"Low Income",4,"Supervisorial District 4",1082,653.496083251294,629.498605903139,597,659.522757401679,485,646.227232148805,753,915.04538770947,113,984.149102943738,158,274.200826073375,21,247.087892693258,26,457.988374141272,26,134.30445787489,108,469.769464984776,392,562.152240004589,473,1246.44250026352,83,534.036803500193
"65","CENTRAL SAN DIEGO",754,"Overall, concentrated, and child (0 to 18 years of age) poverty rate","2000",9,"Total","CT","06073001400","0014.00","San Diego","06073",NA,NA,"Child",502,113.452,22.6,NA,NA,NA,NA,NA,1.1894737,"no",41661.5034576,14,"Mood Disorders","Hospitalization",2010,1,3,"CENTRAL",5,"Very Urban Area",2,"Low Income",4,"Supervisorial District 4",1082,653.496083251294,629.498605903139,597,659.522757401679,485,646.227232148805,753,915.04538770947,113,984.149102943738,158,274.200826073375,21,247.087892693258,26,457.988374141272,26,134.30445787489,108,469.769464984776,392,562.152240004589,473,1246.44250026352,83,534.036803500193
"66","CENTRAL SAN DIEGO",754,"Overall, concentrated, and child (0 to 18 years of age) poverty rate","2000",9,"Total","CT","06073009304","0093.04","San Diego","06073",NA,NA,"Overall",4817,698.465,14.5,NA,NA,NA,NA,NA,1.0211268,"no",41661.5034577,93.04,"Mood Disorders","Hospitalization",2010,1,3,"CENTRAL",5,"Very Urban Area",2,"Low Income",4,"Supervisorial District 4",1082,653.496083251294,629.498605903139,597,659.522757401679,485,646.227232148805,753,915.04538770947,113,984.149102943738,158,274.200826073375,21,247.087892693258,26,457.988374141272,26,134.30445787489,108,469.769464984776,392,562.152240004589,473,1246.44250026352,83,534.036803500193
"67","CENTRAL SAN DIEGO",754,"Overall, concentrated, and child (0 to 18 years of age) poverty rate","2000",9,"Total","CT","06073008510","0085.10","San Diego","06073",NA,NA,"Child",1252,81.38,6.5,NA,NA,NA,NA,NA,0.3421053,"no",41661.5034577,85.1,"Mood Disorders","Hospitalization",2010,1,3,"CENTRAL",5,"Very Urban Area",2,"Low Income",4,"Supervisorial District 4",1082,653.496083251294,629.498605903139,597,659.522757401679,485,646.227232148805,753,915.04538770947,113,984.149102943738,158,274.200826073375,21,247.087892693258,26,457.988374141272,26,134.30445787489,108,469.769464984776,392,562.152240004589,473,1246.44250026352,83,534.036803500193
"68","CENTRAL SAN DIEGO",754,"Overall, concentrated, and child (0 to 18 years of age) poverty rate","2000",9,"Total","CT","06073009400","0094.00","San Diego","06073",NA,NA,"Child",1085,82.46,7.6,NA,NA,NA,NA,NA,0.4,"no",41661.5034577,94,"Mood Disorders","Hospitalization",2010,1,3,"CENTRAL",5,"Very Urban Area",2,"Low Income",4,"Supervisorial District 4",1082,653.496083251294,629.498605903139,597,659.522757401679,485,646.227232148805,753,915.04538770947,113,984.149102943738,158,274.200826073375,21,247.087892693258,26,457.988374141272,26,134.30445787489,108,469.769464984776,392,562.152240004589,473,1246.44250026352,83,534.036803500193
"69","CENTRAL SAN DIEGO",754,"Overall, concentrated, and child (0 to 18 years of age) poverty rate","2000",9,"Total","CT","06073009102","0091.02","San Diego","06073",NA,NA,"Child",460,40.94,8.9,NA,NA,NA,NA,NA,0.4684211,"no",41661.5034577,91.02,"Mood Disorders","Hospitalization",2010,1,3,"CENTRAL",5,"Very Urban Area",2,"Low Income",4,"Supervisorial District 4",1082,653.496083251294,629.498605903139,597,659.522757401679,485,646.227232148805,753,915.04538770947,113,984.149102943738,158,274.200826073375,21,247.087892693258,26,457.988374141272,26,134.30445787489,108,469.769464984776,392,562.152240004589,473,1246.44250026352,83,534.036803500193
"70","CENTRAL SAN DIEGO",754,"Overall, concentrated, and child (0 to 18 years of age) poverty rate","2000",9,"Total","CT","06073001300","0013.00","San Diego","06073",NA,NA,"Child",1098,323.91,29.5,NA,NA,NA,NA,NA,1.5526316,"no",41661.5034576,13,"Mood Disorders","Hospitalization",2010,1,3,"CENTRAL",5,"Very Urban Area",2,"Low Income",4,"Supervisorial District 4",1082,653.496083251294,629.498605903139,597,659.522757401679,485,646.227232148805,753,915.04538770947,113,984.149102943738,158,274.200826073375,21,247.087892693258,26,457.988374141272,26,134.30445787489,108,469.769464984776,392,562.152240004589,473,1246.44250026352,83,534.036803500193
"71","CENTRAL SAN DIEGO",754,"Overall, concentrated, and child (0 to 18 years of age) poverty rate","2000",9,"Total","CT","06073009704","0097.04","San Diego","06073",NA,NA,"Overall",5475,251.85,4.6,NA,NA,NA,NA,NA,0.3239437,"no",41661.5034577,97.04,"Mood Disorders","Hospitalization",2010,1,3,"CENTRAL",5,"Very Urban Area",2,"Low Income",4,"Supervisorial District 4",1082,653.496083251294,629.498605903139,597,659.522757401679,485,646.227232148805,753,915.04538770947,113,984.149102943738,158,274.200826073375,21,247.087892693258,26,457.988374141272,26,134.30445787489,108,469.769464984776,392,562.152240004589,473,1246.44250026352,83,534.036803500193
"72","CENTRAL SAN DIEGO",754,"Overall, concentrated, and child (0 to 18 years of age) poverty rate","2000",9,"Total","CT","06073008702","0087.02","San Diego","06073",NA,NA,"Child",1337,76.209,5.7,NA,NA,NA,NA,NA,0.3,"no",41661.5034577,87.02,"Mood Disorders","Hospitalization",2010,1,3,"CENTRAL",5,"Very Urban Area",2,"Low Income",4,"Supervisorial District 4",1082,653.496083251294,629.498605903139,597,659.522757401679,485,646.227232148805,753,915.04538770947,113,984.149102943738,158,274.200826073375,21,247.087892693258,26,457.988374141272,26,134.30445787489,108,469.769464984776,392,562.152240004589,473,1246.44250026352,83,534.036803500193
"73","CENTRAL SAN DIEGO",754,"Overall, concentrated, and child (0 to 18 years of age) poverty rate","2000",9,"Total","CT","06073009301","0093.01","San Diego","06073",NA,NA,"Child",873,38.412,4.4,NA,NA,NA,NA,NA,0.2315789,"no",41661.5034577,93.01,"Mood Disorders","Hospitalization",2010,1,3,"CENTRAL",5,"Very Urban Area",2,"Low Income",4,"Supervisorial District 4",1082,653.496083251294,629.498605903139,597,659.522757401679,485,646.227232148805,753,915.04538770947,113,984.149102943738,158,274.200826073375,21,247.087892693258,26,457.988374141272,26,134.30445787489,108,469.769464984776,392,562.152240004589,473,1246.44250026352,83,534.036803500193
"74","CENTRAL SAN DIEGO",754,"Overall, concentrated, and child (0 to 18 years of age) poverty rate","2000",9,"Total","CT","06073000500","0005.00","San Diego","06073",NA,NA,"Overall",2756,297.648,10.8,NA,NA,NA,NA,NA,0.7605634,"no",41661.5034576,5,"Mood Disorders","Hospitalization",2010,1,3,"CENTRAL",5,"Very Urban Area",2,"Low Income",4,"Supervisorial District 4",1082,653.496083251294,629.498605903139,597,659.522757401679,485,646.227232148805,753,915.04538770947,113,984.149102943738,158,274.200826073375,21,247.087892693258,26,457.988374141272,26,134.30445787489,108,469.769464984776,392,562.152240004589,473,1246.44250026352,83,534.036803500193
"75","CENTRAL SAN DIEGO",754,"Overall, concentrated, and child (0 to 18 years of age) poverty rate","2000",9,"Total","CT","06073009704","0097.04","San Diego","06073",NA,NA,"Child",985,19.7,2,NA,NA,NA,NA,NA,0.1052632,"no",41661.5034577,97.04,"Mood Disorders","Hospitalization",2010,1,3,"CENTRAL",5,"Very Urban Area",2,"Low Income",4,"Supervisorial District 4",1082,653.496083251294,629.498605903139,597,659.522757401679,485,646.227232148805,753,915.04538770947,113,984.149102943738,158,274.200826073375,21,247.087892693258,26,457.988374141272,26,134.30445787489,108,469.769464984776,392,562.152240004589,473,1246.44250026352,83,534.036803500193
"76","CENTRAL SAN DIEGO",754,"Overall, concentrated, and child (0 to 18 years of age) poverty rate","2000",9,"Total","CT","06073009301","0093.01","San Diego","06073",NA,NA,"Overall",4275,277.875,6.5,NA,NA,NA,NA,NA,0.4577465,"no",41661.5034577,93.01,"Mood Disorders","Hospitalization",2010,1,3,"CENTRAL",5,"Very Urban Area",2,"Low Income",4,"Supervisorial District 4",1082,653.496083251294,629.498605903139,597,659.522757401679,485,646.227232148805,753,915.04538770947,113,984.149102943738,158,274.200826073375,21,247.087892693258,26,457.988374141272,26,134.30445787489,108,469.769464984776,392,562.152240004589,473,1246.44250026352,83,534.036803500193
"77","CENTRAL SAN DIEGO",754,"Overall, concentrated, and child (0 to 18 years of age) poverty rate","2000",9,"Total","CT","06073002301","0023.01","San Diego","06073",NA,NA,"Child",767,387.335,50.5,NA,NA,NA,NA,NA,2.6578947,"no",41661.5034576,23.01,"Mood Disorders","Hospitalization",2010,1,3,"CENTRAL",5,"Very Urban Area",2,"Low Income",4,"Supervisorial District 4",1082,653.496083251294,629.498605903139,597,659.522757401679,485,646.227232148805,753,915.04538770947,113,984.149102943738,158,274.200826073375,21,247.087892693258,26,457.988374141272,26,134.30445787489,108,469.769464984776,392,562.152240004589,473,1246.44250026352,83,534.036803500193
"78","CENTRAL SAN DIEGO",754,"Overall, concentrated, and child (0 to 18 years of age) poverty rate","2000",9,"Total","CT","06073000400","0004.00","San Diego","06073",NA,NA,"Child",217,77.252,35.6,NA,NA,NA,NA,NA,1.8736842,"no",41661.5034576,4,"Mood Disorders","Hospitalization",2010,1,3,"CENTRAL",5,"Very Urban Area",2,"Low Income",4,"Supervisorial District 4",1082,653.496083251294,629.498605903139,597,659.522757401679,485,646.227232148805,753,915.04538770947,113,984.149102943738,158,274.200826073375,21,247.087892693258,26,457.988374141272,26,134.30445787489,108,469.769464984776,392,562.152240004589,473,1246.44250026352,83,534.036803500193
"79","CENTRAL SAN DIEGO",754,"Overall, concentrated, and child (0 to 18 years of age) poverty rate","2000",9,"Total","CT","06073009304","0093.04","San Diego","06073",NA,NA,"Child",318,70.278,22.1,NA,NA,NA,NA,NA,1.1631579,"no",41661.5034577,93.04,"Mood Disorders","Hospitalization",2010,1,3,"CENTRAL",5,"Very Urban Area",2,"Low Income",4,"Supervisorial District 4",1082,653.496083251294,629.498605903139,597,659.522757401679,485,646.227232148805,753,915.04538770947,113,984.149102943738,158,274.200826073375,21,247.087892693258,26,457.988374141272,26,134.30445787489,108,469.769464984776,392,562.152240004589,473,1246.44250026352,83,534.036803500193
"80","CENTRAL SAN DIEGO",754,"Overall, concentrated, and child (0 to 18 years of age) poverty rate","2000",9,"Total","CT","06073002301","0023.01","San Diego","06073",NA,NA,"Overall",2918,960.022,32.9,NA,NA,NA,NA,NA,2.3169014,"no",41661.5034576,23.01,"Mood Disorders","Hospitalization",2010,1,3,"CENTRAL",5,"Very Urban Area",2,"Low Income",4,"Supervisorial District 4",1082,653.496083251294,629.498605903139,597,659.522757401679,485,646.227232148805,753,915.04538770947,113,984.149102943738,158,274.200826073375,21,247.087892693258,26,457.988374141272,26,134.30445787489,108,469.769464984776,392,562.152240004589,473,1246.44250026352,83,534.036803500193
"81","CENTRAL SAN DIEGO",754,"Overall, concentrated, and child (0 to 18 years of age) poverty rate","2000",9,"Total","CT","06073008501","0085.01","San Diego","06073",NA,NA,"Child",1111,51.106,4.6,NA,NA,NA,NA,NA,0.2421053,"no",41661.5034577,85.01,"Mood Disorders","Hospitalization",2010,1,3,"CENTRAL",5,"Very Urban Area",2,"Low Income",4,"Supervisorial District 4",1082,653.496083251294,629.498605903139,597,659.522757401679,485,646.227232148805,753,915.04538770947,113,984.149102943738,158,274.200826073375,21,247.087892693258,26,457.988374141272,26,134.30445787489,108,469.769464984776,392,562.152240004589,473,1246.44250026352,83,534.036803500193
"82","CENTRAL SAN DIEGO",754,"Overall, concentrated, and child (0 to 18 years of age) poverty rate","2000",9,"Total","CT","06073009507","0095.07","San Diego","06073",NA,NA,"Child",663,0,0,NA,NA,NA,NA,NA,0,"no",41661.5034577,95.07,"Mood Disorders","Hospitalization",2010,1,3,"CENTRAL",5,"Very Urban Area",2,"Low Income",4,"Supervisorial District 4",1082,653.496083251294,629.498605903139,597,659.522757401679,485,646.227232148805,753,915.04538770947,113,984.149102943738,158,274.200826073375,21,247.087892693258,26,457.988374141272,26,134.30445787489,108,469.769464984776,392,562.152240004589,473,1246.44250026352,83,534.036803500193
"83","CENTRAL SAN DIEGO",754,"Overall, concentrated, and child (0 to 18 years of age) poverty rate","2000",9,"Total","CT","06073000300","0003.00","San Diego","06073",NA,NA,"Overall",4446,546.858,12.3,NA,NA,NA,NA,NA,0.8661972,"no",41661.5034576,3,"Mood Disorders","Hospitalization",2010,1,3,"CENTRAL",5,"Very Urban Area",2,"Low Income",4,"Supervisorial District 4",1082,653.496083251294,629.498605903139,597,659.522757401679,485,646.227232148805,753,915.04538770947,113,984.149102943738,158,274.200826073375,21,247.087892693258,26,457.988374141272,26,134.30445787489,108,469.769464984776,392,562.152240004589,473,1246.44250026352,83,534.036803500193
"84","CENTRAL SAN DIEGO",754,"Overall, concentrated, and child (0 to 18 years of age) poverty rate","2000",9,"Total","CT","06073002202","0022.02","San Diego","06073",NA,NA,"Child",1846,897.156,48.6,NA,NA,NA,NA,NA,2.5578947,"yes",41661.5034576,22.02,"Mood Disorders","Hospitalization",2010,1,3,"CENTRAL",5,"Very Urban Area",2,"Low Income",4,"Supervisorial District 4",1082,653.496083251294,629.498605903139,597,659.522757401679,485,646.227232148805,753,915.04538770947,113,984.149102943738,158,274.200826073375,21,247.087892693258,26,457.988374141272,26,134.30445787489,108,469.769464984776,392,562.152240004589,473,1246.44250026352,83,534.036803500193
"85","CENTRAL SAN DIEGO",754,"Overall, concentrated, and child (0 to 18 years of age) poverty rate","2000",9,"Total","CT","06073009101","0091.01","San Diego","06073",NA,NA,"Overall",5314,377.294,7.1,NA,NA,NA,NA,NA,0.5,"no",41661.5034577,91.01,"Mood Disorders","Hospitalization",2010,1,3,"CENTRAL",5,"Very Urban Area",2,"Low Income",4,"Supervisorial District 4",1082,653.496083251294,629.498605903139,597,659.522757401679,485,646.227232148805,753,915.04538770947,113,984.149102943738,158,274.200826073375,21,247.087892693258,26,457.988374141272,26,134.30445787489,108,469.769464984776,392,562.152240004589,473,1246.44250026352,83,534.036803500193
"86","CENTRAL SAN DIEGO",754,"Overall, concentrated, and child (0 to 18 years of age) poverty rate","2000",9,"Total","CT","06073002202","0022.02","San Diego","06073",NA,NA,"Overall",5075,2090.9,41.2,NA,NA,NA,NA,NA,2.9014085,"yes",41661.5034576,22.02,"Mood Disorders","Hospitalization",2010,1,3,"CENTRAL",5,"Very Urban Area",2,"Low Income",4,"Supervisorial District 4",1082,653.496083251294,629.498605903139,597,659.522757401679,485,646.227232148805,753,915.04538770947,113,984.149102943738,158,274.200826073375,21,247.087892693258,26,457.988374141272,26,134.30445787489,108,469.769464984776,392,562.152240004589,473,1246.44250026352,83,534.036803500193
"87","CENTRAL SAN DIEGO",754,"Overall, concentrated, and child (0 to 18 years of age) poverty rate","2000",9,"Total","CT","06073009101","0091.01","San Diego","06073",NA,NA,"Child",820,18.86,2.3,NA,NA,NA,NA,NA,0.1210526,"no",41661.5034577,91.01,"Mood Disorders","Hospitalization",2010,1,3,"CENTRAL",5,"Very Urban Area",2,"Low Income",4,"Supervisorial District 4",1082,653.496083251294,629.498605903139,597,659.522757401679,485,646.227232148805,753,915.04538770947,113,984.149102943738,158,274.200826073375,21,247.087892693258,26,457.988374141272,26,134.30445787489,108,469.769464984776,392,562.152240004589,473,1246.44250026352,83,534.036803500193
"88","CENTRAL SAN DIEGO",754,"Overall, concentrated, and child (0 to 18 years of age) poverty rate","2000",9,"Total","CT","06073009505","0095.05","San Diego","06073",NA,NA,"Child",1570,9.42,0.6,NA,NA,NA,NA,NA,0.0315789,"no",41661.5034577,95.05,"Mood Disorders","Hospitalization",2010,1,3,"CENTRAL",5,"Very Urban Area",2,"Low Income",4,"Supervisorial District 4",1082,653.496083251294,629.498605903139,597,659.522757401679,485,646.227232148805,753,915.04538770947,113,984.149102943738,158,274.200826073375,21,247.087892693258,26,457.988374141272,26,134.30445787489,108,469.769464984776,392,562.152240004589,473,1246.44250026352,83,534.036803500193
"89","CENTRAL SAN DIEGO",754,"Overall, concentrated, and child (0 to 18 years of age) poverty rate","2000",9,"Total","CT","06073008510","0085.10","San Diego","06073",NA,NA,"Overall",6644,591.316,8.9,NA,NA,NA,NA,NA,0.6267606,"no",41661.5034577,85.1,"Mood Disorders","Hospitalization",2010,1,3,"CENTRAL",5,"Very Urban Area",2,"Low Income",4,"Supervisorial District 4",1082,653.496083251294,629.498605903139,597,659.522757401679,485,646.227232148805,753,915.04538770947,113,984.149102943738,158,274.200826073375,21,247.087892693258,26,457.988374141272,26,134.30445787489,108,469.769464984776,392,562.152240004589,473,1246.44250026352,83,534.036803500193
"90","CENTRAL SAN DIEGO",754,"Overall, concentrated, and child (0 to 18 years of age) poverty rate","2000",9,"Total","CT","06073001100","0011.00","San Diego","06073",NA,NA,"Overall",3103,543.025,17.5,NA,NA,NA,NA,NA,1.2323944,"no",41661.5034576,11,"Mood Disorders","Hospitalization",2010,1,3,"CENTRAL",5,"Very Urban Area",2,"Low Income",4,"Supervisorial District 4",1082,653.496083251294,629.498605903139,597,659.522757401679,485,646.227232148805,753,915.04538770947,113,984.149102943738,158,274.200826073375,21,247.087892693258,26,457.988374141272,26,134.30445787489,108,469.769464984776,392,562.152240004589,473,1246.44250026352,83,534.036803500193
"91","CENTRAL SAN DIEGO",754,"Overall, concentrated, and child (0 to 18 years of age) poverty rate","2000",9,"Total","CT","06073002100","0021.00","San Diego","06073",NA,NA,"Child",1390,540.71,38.9,NA,NA,NA,NA,NA,2.0473684,"no",41661.5034576,21,"Mood Disorders","Hospitalization",2010,1,3,"CENTRAL",5,"Very Urban Area",2,"Low Income",4,"Supervisorial District 4",1082,653.496083251294,629.498605903139,597,659.522757401679,485,646.227232148805,753,915.04538770947,113,984.149102943738,158,274.200826073375,21,247.087892693258,26,457.988374141272,26,134.30445787489,108,469.769464984776,392,562.152240004589,473,1246.44250026352,83,534.036803500193
"92","CENTRAL SAN DIEGO",754,"Overall, concentrated, and child (0 to 18 years of age) poverty rate","2000",9,"Total","CT","06073000100","0001.00","San Diego","06073",NA,NA,"Child",561,15.708,2.8,NA,NA,NA,NA,NA,0.1473684,"no",41661.5034576,1,"Mood Disorders","Hospitalization",2010,1,3,"CENTRAL",5,"Very Urban Area",2,"Low Income",4,"Supervisorial District 4",1082,653.496083251294,629.498605903139,597,659.522757401679,485,646.227232148805,753,915.04538770947,113,984.149102943738,158,274.200826073375,21,247.087892693258,26,457.988374141272,26,134.30445787489,108,469.769464984776,392,562.152240004589,473,1246.44250026352,83,534.036803500193
"93","CENTRAL SAN DIEGO",754,"Overall, concentrated, and child (0 to 18 years of age) poverty rate","2000",9,"Total","CT","06073002100","0021.00","San Diego","06073",NA,NA,"Overall",5588,1469.644,26.3,NA,NA,NA,NA,NA,1.8521127,"no",41661.5034576,21,"Mood Disorders","Hospitalization",2010,1,3,"CENTRAL",5,"Very Urban Area",2,"Low Income",4,"Supervisorial District 4",1082,653.496083251294,629.498605903139,597,659.522757401679,485,646.227232148805,753,915.04538770947,113,984.149102943738,158,274.200826073375,21,247.087892693258,26,457.988374141272,26,134.30445787489,108,469.769464984776,392,562.152240004589,473,1246.44250026352,83,534.036803500193
"94","CENTRAL SAN DIEGO",754,"Overall, concentrated, and child (0 to 18 years of age) poverty rate","2000",9,"Total","CT","06073002002","0020.02","San Diego","06073",NA,NA,"Child",295,38.35,13,NA,NA,NA,NA,NA,0.6842105,"no",41661.5034576,20.02,"Mood Disorders","Hospitalization",2010,1,3,"CENTRAL",5,"Very Urban Area",2,"Low Income",4,"Supervisorial District 4",1082,653.496083251294,629.498605903139,597,659.522757401679,485,646.227232148805,753,915.04538770947,113,984.149102943738,158,274.200826073375,21,247.087892693258,26,457.988374141272,26,134.30445787489,108,469.769464984776,392,562.152240004589,473,1246.44250026352,83,534.036803500193
"95","CENTRAL SAN DIEGO",754,"Overall, concentrated, and child (0 to 18 years of age) poverty rate","2000",9,"Total","CT","06073000400","0004.00","San Diego","06073",NA,NA,"Overall",3466,606.55,17.5,NA,NA,NA,NA,NA,1.2323944,"no",41661.5034576,4,"Mood Disorders","Hospitalization",2010,1,3,"CENTRAL",5,"Very Urban Area",2,"Low Income",4,"Supervisorial District 4",1082,653.496083251294,629.498605903139,597,659.522757401679,485,646.227232148805,753,915.04538770947,113,984.149102943738,158,274.200826073375,21,247.087892693258,26,457.988374141272,26,134.30445787489,108,469.769464984776,392,562.152240004589,473,1246.44250026352,83,534.036803500193
"96","CENTRAL SAN DIEGO",754,"Overall, concentrated, and child (0 to 18 years of age) poverty rate","2000",9,"Total","CT","06073002502","0025.02","San Diego","06073",NA,NA,"Overall",5854,1153.238,19.7,NA,NA,NA,NA,NA,1.3873239,"no",41661.5034576,25.02,"Mood Disorders","Hospitalization",2010,1,3,"CENTRAL",5,"Very Urban Area",2,"Low Income",4,"Supervisorial District 4",1082,653.496083251294,629.498605903139,597,659.522757401679,485,646.227232148805,753,915.04538770947,113,984.149102943738,158,274.200826073375,21,247.087892693258,26,457.988374141272,26,134.30445787489,108,469.769464984776,392,562.152240004589,473,1246.44250026352,83,534.036803500193
"97","CENTRAL SAN DIEGO",754,"Overall, concentrated, and child (0 to 18 years of age) poverty rate","2000",9,"Total","CT","06073001200","0012.00","San Diego","06073",NA,NA,"Overall",5641,1139.482,20.2,NA,NA,NA,NA,NA,1.4225352,"no",41661.5034576,12,"Mood Disorders","Hospitalization",2010,1,3,"CENTRAL",5,"Very Urban Area",2,"Low Income",4,"Supervisorial District 4",1082,653.496083251294,629.498605903139,597,659.522757401679,485,646.227232148805,753,915.04538770947,113,984.149102943738,158,274.200826073375,21,247.087892693258,26,457.988374141272,26,134.30445787489,108,469.769464984776,392,562.152240004589,473,1246.44250026352,83,534.036803500193
"98","CENTRAL SAN DIEGO",754,"Overall, concentrated, and child (0 to 18 years of age) poverty rate","2000",9,"Total","CT","06073001800","0018.00","San Diego","06073",NA,NA,"Child",1551,507.177,32.7,NA,NA,NA,NA,NA,1.7210526,"no",41661.5034576,18,"Mood Disorders","Hospitalization",2010,1,3,"CENTRAL",5,"Very Urban Area",2,"Low Income",4,"Supervisorial District 4",1082,653.496083251294,629.498605903139,597,659.522757401679,485,646.227232148805,753,915.04538770947,113,984.149102943738,158,274.200826073375,21,247.087892693258,26,457.988374141272,26,134.30445787489,108,469.769464984776,392,562.152240004589,473,1246.44250026352,83,534.036803500193
"99","CENTRAL SAN DIEGO",754,"Overall, concentrated, and child (0 to 18 years of age) poverty rate","2000",9,"Total","CT","06073009703","0097.03","San Diego","06073",NA,NA,"Overall",3451,179.452,5.2,NA,NA,NA,NA,NA,0.3661972,"no",41661.5034577,97.03,"Mood Disorders","Hospitalization",2010,1,3,"CENTRAL",5,"Very Urban Area",2,"Low Income",4,"Supervisorial District 4",1082,653.496083251294,629.498605903139,597,659.522757401679,485,646.227232148805,753,915.04538770947,113,984.149102943738,158,274.200826073375,21,247.087892693258,26,457.988374141272,26,134.30445787489,108,469.769464984776,392,562.152240004589,473,1246.44250026352,83,534.036803500193
"100","CENTRAL SAN DIEGO",754,"Overall, concentrated, and child (0 to 18 years of age) poverty rate","2000",9,"Total","CT","06073009202","0092.02","San Diego","06073",NA,NA,"Child",713,42.78,6,NA,NA,NA,NA,NA,0.3157895,"no",41661.5034577,92.02,"Mood Disorders","Hospitalization",2010,1,3,"CENTRAL",5,"Very Urban Area",2,"Low Income",4,"Supervisorial District 4",1082,653.496083251294,629.498605903139,597,659.522757401679,485,646.227232148805,753,915.04538770947,113,984.149102943738,158,274.200826073375,21,247.087892693258,26,457.988374141272,26,134.30445787489,108,469.769464984776,392,562.152240004589,473,1246.44250026352,83,534.036803500193
"101","CENTRAL SAN DIEGO",754,"Overall, concentrated, and child (0 to 18 years of age) poverty rate","2000",9,"Total","CT","06073009201","0092.01","San Diego","06073",NA,NA,"Overall",4744,716.344,15.1,NA,NA,NA,NA,NA,1.0633803,"no",41661.5034577,92.01,"Mood Disorders","Hospitalization",2010,1,3,"CENTRAL",5,"Very Urban Area",2,"Low Income",4,"Supervisorial District 4",1082,653.496083251294,629.498605903139,597,659.522757401679,485,646.227232148805,753,915.04538770947,113,984.149102943738,158,274.200826073375,21,247.087892693258,26,457.988374141272,26,134.30445787489,108,469.769464984776,392,562.152240004589,473,1246.44250026352,83,534.036803500193
"102","CENTRAL SAN DIEGO",754,"Overall, concentrated, and child (0 to 18 years of age) poverty rate","2000",9,"Total","CT","06073009705","0097.05","San Diego","06073",NA,NA,"Child",555,3.885,0.7,NA,NA,NA,NA,NA,0.0368421,"no",41661.5034577,97.05,"Mood Disorders","Hospitalization",2010,1,3,"CENTRAL",5,"Very Urban Area",2,"Low Income",4,"Supervisorial District 4",1082,653.496083251294,629.498605903139,597,659.522757401679,485,646.227232148805,753,915.04538770947,113,984.149102943738,158,274.200826073375,21,247.087892693258,26,457.988374141272,26,134.30445787489,108,469.769464984776,392,562.152240004589,473,1246.44250026352,83,534.036803500193
"103","CENTRAL SAN DIEGO",754,"Overall, concentrated, and child (0 to 18 years of age) poverty rate","2000",9,"Total","CT","06073000600","0006.00","San Diego","06073",NA,NA,"Child",232,23.432,10.1,NA,NA,NA,NA,NA,0.5315789,"no",41661.5034576,6,"Mood Disorders","Hospitalization",2010,1,3,"CENTRAL",5,"Very Urban Area",2,"Low Income",4,"Supervisorial District 4",1082,653.496083251294,629.498605903139,597,659.522757401679,485,646.227232148805,753,915.04538770947,113,984.149102943738,158,274.200826073375,21,247.087892693258,26,457.988374141272,26,134.30445787489,108,469.769464984776,392,562.152240004589,473,1246.44250026352,83,534.036803500193
"104","CENTRAL SAN DIEGO",754,"Overall, concentrated, and child (0 to 18 years of age) poverty rate","2000",9,"Total","CT","06073002001","0020.01","San Diego","06073",NA,NA,"Overall",3328,163.072,4.9,NA,NA,NA,NA,NA,0.3450704,"no",41661.5034576,20.01,"Mood Disorders","Hospitalization",2010,1,3,"CENTRAL",5,"Very Urban Area",2,"Low Income",4,"Supervisorial District 4",1082,653.496083251294,629.498605903139,597,659.522757401679,485,646.227232148805,753,915.04538770947,113,984.149102943738,158,274.200826073375,21,247.087892693258,26,457.988374141272,26,134.30445787489,108,469.769464984776,392,562.152240004589,473,1246.44250026352,83,534.036803500193
"105","CENTRAL SAN DIEGO",754,"Overall, concentrated, and child (0 to 18 years of age) poverty rate","2000",9,"Total","CT","06073008513","0085.13","San Diego","06073",NA,NA,"Child",450,15.75,3.5,NA,NA,NA,NA,NA,0.1842105,"no",41661.5034577,85.13,"Mood Disorders","Hospitalization",2010,1,3,"CENTRAL",5,"Very Urban Area",2,"Low Income",4,"Supervisorial District 4",1082,653.496083251294,629.498605903139,597,659.522757401679,485,646.227232148805,753,915.04538770947,113,984.149102943738,158,274.200826073375,21,247.087892693258,26,457.988374141272,26,134.30445787489,108,469.769464984776,392,562.152240004589,473,1246.44250026352,83,534.036803500193
"106","CENTRAL SAN DIEGO",754,"Overall, concentrated, and child (0 to 18 years of age) poverty rate","2000",9,"Total","CT","06073009502","0095.02","San Diego","06073",NA,NA,"Child",678,44.07,6.5,NA,NA,NA,NA,NA,0.3421053,"no",41661.5034577,95.02,"Mood Disorders","Hospitalization",2010,1,3,"CENTRAL",5,"Very Urban Area",2,"Low Income",4,"Supervisorial District 4",1082,653.496083251294,629.498605903139,597,659.522757401679,485,646.227232148805,753,915.04538770947,113,984.149102943738,158,274.200826073375,21,247.087892693258,26,457.988374141272,26,134.30445787489,108,469.769464984776,392,562.152240004589,473,1246.44250026352,83,534.036803500193
"107","CENTRAL SAN DIEGO",754,"Overall, concentrated, and child (0 to 18 years of age) poverty rate","2000",9,"Total","CT","06073009102","0091.02","San Diego","06073",NA,NA,"Overall",3269,483.812,14.8,NA,NA,NA,NA,NA,1.0422535,"no",41661.5034577,91.02,"Mood Disorders","Hospitalization",2010,1,3,"CENTRAL",5,"Very Urban Area",2,"Low Income",4,"Supervisorial District 4",1082,653.496083251294,629.498605903139,597,659.522757401679,485,646.227232148805,753,915.04538770947,113,984.149102943738,158,274.200826073375,21,247.087892693258,26,457.988374141272,26,134.30445787489,108,469.769464984776,392,562.152240004589,473,1246.44250026352,83,534.036803500193
"108","CENTRAL SAN DIEGO",754,"Overall, concentrated, and child (0 to 18 years of age) poverty rate","2000",9,"Total","CT","06073002201","0022.01","San Diego","06073",NA,NA,"Child",1431,715.5,50,NA,NA,NA,NA,NA,2.6315789,"yes",41661.5034576,22.01,"Mood Disorders","Hospitalization",2010,1,3,"CENTRAL",5,"Very Urban Area",2,"Low Income",4,"Supervisorial District 4",1082,653.496083251294,629.498605903139,597,659.522757401679,485,646.227232148805,753,915.04538770947,113,984.149102943738,158,274.200826073375,21,247.087892693258,26,457.988374141272,26,134.30445787489,108,469.769464984776,392,562.152240004589,473,1246.44250026352,83,534.036803500193
"109","CENTRAL SAN DIEGO",754,"Overall, concentrated, and child (0 to 18 years of age) poverty rate","2000",9,"Total","CT","06073009604","0096.04","San Diego","06073",NA,NA,"Child",629,37.111,5.9,NA,NA,NA,NA,NA,0.3105263,"no",41661.5034577,96.04,"Mood Disorders","Hospitalization",2010,1,3,"CENTRAL",5,"Very Urban Area",2,"Low Income",4,"Supervisorial District 4",1082,653.496083251294,629.498605903139,597,659.522757401679,485,646.227232148805,753,915.04538770947,113,984.149102943738,158,274.200826073375,21,247.087892693258,26,457.988374141272,26,134.30445787489,108,469.769464984776,392,562.152240004589,473,1246.44250026352,83,534.036803500193
"110","CENTRAL SAN DIEGO",754,"Overall, concentrated, and child (0 to 18 years of age) poverty rate","2000",9,"Total","CT","06073000100","0001.00","San Diego","06073",NA,NA,"Overall",3024,151.2,5,NA,NA,NA,NA,NA,0.3521127,"no",41661.5034576,1,"Mood Disorders","Hospitalization",2010,1,3,"CENTRAL",5,"Very Urban Area",2,"Low Income",4,"Supervisorial District 4",1082,653.496083251294,629.498605903139,597,659.522757401679,485,646.227232148805,753,915.04538770947,113,984.149102943738,158,274.200826073375,21,247.087892693258,26,457.988374141272,26,134.30445787489,108,469.769464984776,392,562.152240004589,473,1246.44250026352,83,534.036803500193
"111","CENTRAL SAN DIEGO",754,"Overall, concentrated, and child (0 to 18 years of age) poverty rate","2000",9,"Total","CT","06073000300","0003.00","San Diego","06073",NA,NA,"Child",201,34.974,17.4,NA,NA,NA,NA,NA,0.9157895,"no",41661.5034576,3,"Mood Disorders","Hospitalization",2010,1,3,"CENTRAL",5,"Very Urban Area",2,"Low Income",4,"Supervisorial District 4",1082,653.496083251294,629.498605903139,597,659.522757401679,485,646.227232148805,753,915.04538770947,113,984.149102943738,158,274.200826073375,21,247.087892693258,26,457.988374141272,26,134.30445787489,108,469.769464984776,392,562.152240004589,473,1246.44250026352,83,534.036803500193
"112","CENTRAL SAN DIEGO",754,"Overall, concentrated, and child (0 to 18 years of age) poverty rate","2000",9,"Total","CT","06073001200","0012.00","San Diego","06073",NA,NA,"Child",1082,298.632,27.6,NA,NA,NA,NA,NA,1.4526316,"no",41661.5034576,12,"Mood Disorders","Hospitalization",2010,1,3,"CENTRAL",5,"Very Urban Area",2,"Low Income",4,"Supervisorial District 4",1082,653.496083251294,629.498605903139,597,659.522757401679,485,646.227232148805,753,915.04538770947,113,984.149102943738,158,274.200826073375,21,247.087892693258,26,457.988374141272,26,134.30445787489,108,469.769464984776,392,562.152240004589,473,1246.44250026352,83,534.036803500193
"113","CENTRAL SAN DIEGO",754,"Overall, concentrated, and child (0 to 18 years of age) poverty rate","2000",9,"Total","CT","06073008701","0087.01","San Diego","06073",NA,NA,"Overall",3518,358.836,10.2,NA,NA,NA,NA,NA,0.7183099,"no",41661.5034577,87.01,"Mood Disorders","Hospitalization",2010,1,3,"CENTRAL",5,"Very Urban Area",2,"Low Income",4,"Supervisorial District 4",1082,653.496083251294,629.498605903139,597,659.522757401679,485,646.227232148805,753,915.04538770947,113,984.149102943738,158,274.200826073375,21,247.087892693258,26,457.988374141272,26,134.30445787489,108,469.769464984776,392,562.152240004589,473,1246.44250026352,83,534.036803500193
"114","CENTRAL SAN DIEGO",754,"Overall, concentrated, and child (0 to 18 years of age) poverty rate","2000",9,"Total","CT","06073008701","0087.01","San Diego","06073",NA,NA,"Child",1201,110.492,9.2,NA,NA,NA,NA,NA,0.4842105,"no",41661.5034577,87.01,"Mood Disorders","Hospitalization",2010,1,3,"CENTRAL",5,"Very Urban Area",2,"Low Income",4,"Supervisorial District 4",1082,653.496083251294,629.498605903139,597,659.522757401679,485,646.227232148805,753,915.04538770947,113,984.149102943738,158,274.200826073375,21,247.087892693258,26,457.988374141272,26,134.30445787489,108,469.769464984776,392,562.152240004589,473,1246.44250026352,83,534.036803500193
"115","CENTRAL SAN DIEGO",754,"Overall, concentrated, and child (0 to 18 years of age) poverty rate","2000",9,"Total","CT","06073008509","0085.09","San Diego","06073",NA,NA,"Overall",6877,811.486,11.8,NA,NA,NA,NA,NA,0.8309859,"no",41661.5034577,85.09,"Mood Disorders","Hospitalization",2010,1,3,"CENTRAL",5,"Very Urban Area",2,"Low Income",4,"Supervisorial District 4",1082,653.496083251294,629.498605903139,597,659.522757401679,485,646.227232148805,753,915.04538770947,113,984.149102943738,158,274.200826073375,21,247.087892693258,26,457.988374141272,26,134.30445787489,108,469.769464984776,392,562.152240004589,473,1246.44250026352,83,534.036803500193
"116","CENTRAL SAN DIEGO",754,"Overall, concentrated, and child (0 to 18 years of age) poverty rate","2000",9,"Total","CT","06073002601","0026.01","San Diego","06073",NA,NA,"Overall",6293,2347.289,37.3,NA,NA,NA,NA,NA,2.6267606,"no",41661.5034576,26.01,"Mood Disorders","Hospitalization",2010,1,3,"CENTRAL",5,"Very Urban Area",2,"Low Income",4,"Supervisorial District 4",1082,653.496083251294,629.498605903139,597,659.522757401679,485,646.227232148805,753,915.04538770947,113,984.149102943738,158,274.200826073375,21,247.087892693258,26,457.988374141272,26,134.30445787489,108,469.769464984776,392,562.152240004589,473,1246.44250026352,83,534.036803500193
"117","CENTRAL SAN DIEGO",754,"Overall, concentrated, and child (0 to 18 years of age) poverty rate","2000",9,"Total","CT","06073009400","0094.00","San Diego","06073",NA,NA,"Overall",6473,414.272,6.4,NA,NA,NA,NA,NA,0.4507042,"no",41661.5034577,94,"Mood Disorders","Hospitalization",2010,1,3,"CENTRAL",5,"Very Urban Area",2,"Low Income",4,"Supervisorial District 4",1082,653.496083251294,629.498605903139,597,659.522757401679,485,646.227232148805,753,915.04538770947,113,984.149102943738,158,274.200826073375,21,247.087892693258,26,457.988374141272,26,134.30445787489,108,469.769464984776,392,562.152240004589,473,1246.44250026352,83,534.036803500193
"118","CENTRAL SAN DIEGO",754,"Overall, concentrated, and child (0 to 18 years of age) poverty rate","2000",9,"Total","CT","06073009602","0096.02","San Diego","06073",NA,NA,"Overall",3699,210.843,5.7,NA,NA,NA,NA,NA,0.4014085,"no",41661.5034577,96.02,"Mood Disorders","Hospitalization",2010,1,3,"CENTRAL",5,"Very Urban Area",2,"Low Income",4,"Supervisorial District 4",1082,653.496083251294,629.498605903139,597,659.522757401679,485,646.227232148805,753,915.04538770947,113,984.149102943738,158,274.200826073375,21,247.087892693258,26,457.988374141272,26,134.30445787489,108,469.769464984776,392,562.152240004589,473,1246.44250026352,83,534.036803500193
"119","CENTRAL SAN DIEGO",754,"Overall, concentrated, and child (0 to 18 years of age) poverty rate","2000",9,"Total","CT","06073009603","0096.03","San Diego","06073",NA,NA,"Overall",4478,416.454,9.3,NA,NA,NA,NA,NA,0.6549296,"no",41661.5034577,96.03,"Mood Disorders","Hospitalization",2010,1,3,"CENTRAL",5,"Very Urban Area",2,"Low Income",4,"Supervisorial District 4",1082,653.496083251294,629.498605903139,597,659.522757401679,485,646.227232148805,753,915.04538770947,113,984.149102943738,158,274.200826073375,21,247.087892693258,26,457.988374141272,26,134.30445787489,108,469.769464984776,392,562.152240004589,473,1246.44250026352,83,534.036803500193
"120","CENTRAL SAN DIEGO",754,"Overall, concentrated, and child (0 to 18 years of age) poverty rate","2000",9,"Total","CT","06073000500","0005.00","San Diego","06073",NA,NA,"Child",225,42.3,18.8,NA,NA,NA,NA,NA,0.9894737,"no",41661.5034576,5,"Mood Disorders","Hospitalization",2010,1,3,"CENTRAL",5,"Very Urban Area",2,"Low Income",4,"Supervisorial District 4",1082,653.496083251294,629.498605903139,597,659.522757401679,485,646.227232148805,753,915.04538770947,113,984.149102943738,158,274.200826073375,21,247.087892693258,26,457.988374141272,26,134.30445787489,108,469.769464984776,392,562.152240004589,473,1246.44250026352,83,534.036803500193
"121","CENTRAL SAN DIEGO",754,"Overall, concentrated, and child (0 to 18 years of age) poverty rate","2000",9,"Total","CT","06073009000","0090.00","San Diego","06073",NA,NA,"Child",994,286.272,28.8,NA,NA,NA,NA,NA,1.5157895,"no",41661.5034577,90,"Mood Disorders","Hospitalization",2010,1,3,"CENTRAL",5,"Very Urban Area",2,"Low Income",4,"Supervisorial District 4",1082,653.496083251294,629.498605903139,597,659.522757401679,485,646.227232148805,753,915.04538770947,113,984.149102943738,158,274.200826073375,21,247.087892693258,26,457.988374141272,26,134.30445787489,108,469.769464984776,392,562.152240004589,473,1246.44250026352,83,534.036803500193
"122","CENTRAL SAN DIEGO",754,"Overall, concentrated, and child (0 to 18 years of age) poverty rate","2000",9,"Total","CT","06073002501","0025.01","San Diego","06073",NA,NA,"Child",2258,1027.39,45.5,NA,NA,NA,NA,NA,2.3947368,"no",41661.5034576,25.01,"Mood Disorders","Hospitalization",2010,1,3,"CENTRAL",5,"Very Urban Area",2,"Low Income",4,"Supervisorial District 4",1082,653.496083251294,629.498605903139,597,659.522757401679,485,646.227232148805,753,915.04538770947,113,984.149102943738,158,274.200826073375,21,247.087892693258,26,457.988374141272,26,134.30445787489,108,469.769464984776,392,562.152240004589,473,1246.44250026352,83,534.036803500193
"123","CENTRAL SAN DIEGO",754,"Overall, concentrated, and child (0 to 18 years of age) poverty rate","2000",9,"Total","CT","06073009804","0098.04","San Diego","06073",NA,NA,"Overall",4923,231.381,4.7,NA,NA,NA,NA,NA,0.3309859,"no",41661.5034577,98.04,"Mood Disorders","Hospitalization",2010,1,3,"CENTRAL",5,"Very Urban Area",2,"Low Income",4,"Supervisorial District 4",1082,653.496083251294,629.498605903139,597,659.522757401679,485,646.227232148805,753,915.04538770947,113,984.149102943738,158,274.200826073375,21,247.087892693258,26,457.988374141272,26,134.30445787489,108,469.769464984776,392,562.152240004589,473,1246.44250026352,83,534.036803500193
"124","CENTRAL SAN DIEGO",754,"Overall, concentrated, and child (0 to 18 years of age) poverty rate","2000",9,"Total","CT","06073001100","0011.00","San Diego","06073",NA,NA,"Child",456,97.128,21.3,NA,NA,NA,NA,NA,1.1210526,"no",41661.5034576,11,"Mood Disorders","Hospitalization",2010,1,3,"CENTRAL",5,"Very Urban Area",2,"Low Income",4,"Supervisorial District 4",1082,653.496083251294,629.498605903139,597,659.522757401679,485,646.227232148805,753,915.04538770947,113,984.149102943738,158,274.200826073375,21,247.087892693258,26,457.988374141272,26,134.30445787489,108,469.769464984776,392,562.152240004589,473,1246.44250026352,83,534.036803500193
"125","CENTRAL SAN DIEGO",754,"Overall, concentrated, and child (0 to 18 years of age) poverty rate","2000",9,"Total","CT","06073001700","0017.00","San Diego","06073",NA,NA,"Overall",4915,1002.66,20.4,NA,NA,NA,NA,NA,1.4366197,"no",41661.5034576,17,"Mood Disorders","Hospitalization",2010,1,3,"CENTRAL",5,"Very Urban Area",2,"Low Income",4,"Supervisorial District 4",1082,653.496083251294,629.498605903139,597,659.522757401679,485,646.227232148805,753,915.04538770947,113,984.149102943738,158,274.200826073375,21,247.087892693258,26,457.988374141272,26,134.30445787489,108,469.769464984776,392,562.152240004589,473,1246.44250026352,83,534.036803500193
"126","CENTRAL SAN DIEGO",754,"Overall, concentrated, and child (0 to 18 years of age) poverty rate","2000",9,"Total","CT","06073009000","0090.00","San Diego","06073",NA,NA,"Overall",3652,708.488,19.4,NA,NA,NA,NA,NA,1.3661972,"no",41661.5034577,90,"Mood Disorders","Hospitalization",2010,1,3,"CENTRAL",5,"Very Urban Area",2,"Low Income",4,"Supervisorial District 4",1082,653.496083251294,629.498605903139,597,659.522757401679,485,646.227232148805,753,915.04538770947,113,984.149102943738,158,274.200826073375,21,247.087892693258,26,457.988374141272,26,134.30445787489,108,469.769464984776,392,562.152240004589,473,1246.44250026352,83,534.036803500193
"127","CENTRAL SAN DIEGO",754,"Overall, concentrated, and child (0 to 18 years of age) poverty rate","2000",9,"Total","CT","06073008509","0085.09","San Diego","06073",NA,NA,"Child",1543,280.826,18.2,NA,NA,NA,NA,NA,0.9578947,"no",41661.5034577,85.09,"Mood Disorders","Hospitalization",2010,1,3,"CENTRAL",5,"Very Urban Area",2,"Low Income",4,"Supervisorial District 4",1082,653.496083251294,629.498605903139,597,659.522757401679,485,646.227232148805,753,915.04538770947,113,984.149102943738,158,274.200826073375,21,247.087892693258,26,457.988374141272,26,134.30445787489,108,469.769464984776,392,562.152240004589,473,1246.44250026352,83,534.036803500193
"128","CENTRAL SAN DIEGO",754,"Overall, concentrated, and child (0 to 18 years of age) poverty rate","2000",9,"Total","CT","06073009504","0095.04","San Diego","06073",NA,NA,"Child",1398,19.572,1.4,NA,NA,NA,NA,NA,0.0736842,"no",41661.5034577,95.04,"Mood Disorders","Hospitalization",2010,1,3,"CENTRAL",5,"Very Urban Area",2,"Low Income",4,"Supervisorial District 4",1082,653.496083251294,629.498605903139,597,659.522757401679,485,646.227232148805,753,915.04538770947,113,984.149102943738,158,274.200826073375,21,247.087892693258,26,457.988374141272,26,134.30445787489,108,469.769464984776,392,562.152240004589,473,1246.44250026352,83,534.036803500193
"129","CENTRAL SAN DIEGO",754,"Overall, concentrated, and child (0 to 18 years of age) poverty rate","2000",9,"Total","CT","06073001800","0018.00","San Diego","06073",NA,NA,"Overall",6254,1438.42,23,NA,NA,NA,NA,NA,1.6197183,"no",41661.5034576,18,"Mood Disorders","Hospitalization",2010,1,3,"CENTRAL",5,"Very Urban Area",2,"Low Income",4,"Supervisorial District 4",1082,653.496083251294,629.498605903139,597,659.522757401679,485,646.227232148805,753,915.04538770947,113,984.149102943738,158,274.200826073375,21,247.087892693258,26,457.988374141272,26,134.30445787489,108,469.769464984776,392,562.152240004589,473,1246.44250026352,83,534.036803500193
"130","CENTRAL SAN DIEGO",754,"Overall, concentrated, and child (0 to 18 years of age) poverty rate","2000",9,"Total","CT","06073002002","0020.02","San Diego","06073",NA,NA,"Overall",2521,370.587,14.7,NA,NA,NA,NA,NA,1.0352113,"no",41661.5034576,20.02,"Mood Disorders","Hospitalization",2010,1,3,"CENTRAL",5,"Very Urban Area",2,"Low Income",4,"Supervisorial District 4",1082,653.496083251294,629.498605903139,597,659.522757401679,485,646.227232148805,753,915.04538770947,113,984.149102943738,158,274.200826073375,21,247.087892693258,26,457.988374141272,26,134.30445787489,108,469.769464984776,392,562.152240004589,473,1246.44250026352,83,534.036803500193
"131","CENTRAL SAN DIEGO",754,"Overall, concentrated, and child (0 to 18 years of age) poverty rate","2000",9,"Total","CT","06073008512","0085.12","San Diego","06073",NA,NA,"Overall",4178,250.68,6,NA,NA,NA,NA,NA,0.4225352,"no",41661.5034577,85.12,"Mood Disorders","Hospitalization",2010,1,3,"CENTRAL",5,"Very Urban Area",2,"Low Income",4,"Supervisorial District 4",1082,653.496083251294,629.498605903139,597,659.522757401679,485,646.227232148805,753,915.04538770947,113,984.149102943738,158,274.200826073375,21,247.087892693258,26,457.988374141272,26,134.30445787489,108,469.769464984776,392,562.152240004589,473,1246.44250026352,83,534.036803500193
"132","CENTRAL SAN DIEGO",754,"Overall, concentrated, and child (0 to 18 years of age) poverty rate","2000",9,"Total","CT","06073008512","0085.12","San Diego","06073",NA,NA,"Child",852,50.268,5.9,NA,NA,NA,NA,NA,0.3105263,"no",41661.5034577,85.12,"Mood Disorders","Hospitalization",2010,1,3,"CENTRAL",5,"Very Urban Area",2,"Low Income",4,"Supervisorial District 4",1082,653.496083251294,629.498605903139,597,659.522757401679,485,646.227232148805,753,915.04538770947,113,984.149102943738,158,274.200826073375,21,247.087892693258,26,457.988374141272,26,134.30445787489,108,469.769464984776,392,562.152240004589,473,1246.44250026352,83,534.036803500193
"133","CENTRAL SAN DIEGO",754,"Overall, concentrated, and child (0 to 18 years of age) poverty rate","2000",9,"Total","CT","06073008902","0089.02","San Diego","06073",NA,NA,"Overall",1697,123.881,7.3,NA,NA,NA,NA,NA,0.5140845,"no",41661.5034577,89.02,"Mood Disorders","Hospitalization",2010,1,3,"CENTRAL",5,"Very Urban Area",2,"Low Income",4,"Supervisorial District 4",1082,653.496083251294,629.498605903139,597,659.522757401679,485,646.227232148805,753,915.04538770947,113,984.149102943738,158,274.200826073375,21,247.087892693258,26,457.988374141272,26,134.30445787489,108,469.769464984776,392,562.152240004589,473,1246.44250026352,83,534.036803500193
"134","CENTRAL SAN DIEGO",754,"Overall, concentrated, and child (0 to 18 years of age) poverty rate","2000",9,"Total","CT","06073009603","0096.03","San Diego","06073",NA,NA,"Child",396,19.008,4.8,NA,NA,NA,NA,NA,0.2526316,"no",41661.5034577,96.03,"Mood Disorders","Hospitalization",2010,1,3,"CENTRAL",5,"Very Urban Area",2,"Low Income",4,"Supervisorial District 4",1082,653.496083251294,629.498605903139,597,659.522757401679,485,646.227232148805,753,915.04538770947,113,984.149102943738,158,274.200826073375,21,247.087892693258,26,457.988374141272,26,134.30445787489,108,469.769464984776,392,562.152240004589,473,1246.44250026352,83,534.036803500193
"135","CENTRAL SAN DIEGO",754,"Overall, concentrated, and child (0 to 18 years of age) poverty rate","2000",9,"Total","CT","06073008902","0089.02","San Diego","06073",NA,NA,"Child",94,21.902,23.3,NA,NA,NA,NA,NA,1.2263158,"no",41661.5034577,89.02,"Mood Disorders","Hospitalization",2010,1,3,"CENTRAL",5,"Very Urban Area",2,"Low Income",4,"Supervisorial District 4",1082,653.496083251294,629.498605903139,597,659.522757401679,485,646.227232148805,753,915.04538770947,113,984.149102943738,158,274.200826073375,21,247.087892693258,26,457.988374141272,26,134.30445787489,108,469.769464984776,392,562.152240004589,473,1246.44250026352,83,534.036803500193
"136","CENTRAL SAN DIEGO",754,"Overall, concentrated, and child (0 to 18 years of age) poverty rate","2000",9,"Total","CT","06073002502","0025.02","San Diego","06073",NA,NA,"Child",1859,559.559,30.1,NA,NA,NA,NA,NA,1.5842105,"no",41661.5034576,25.02,"Mood Disorders","Hospitalization",2010,1,3,"CENTRAL",5,"Very Urban Area",2,"Low Income",4,"Supervisorial District 4",1082,653.496083251294,629.498605903139,597,659.522757401679,485,646.227232148805,753,915.04538770947,113,984.149102943738,158,274.200826073375,21,247.087892693258,26,457.988374141272,26,134.30445787489,108,469.769464984776,392,562.152240004589,473,1246.44250026352,83,534.036803500193
"137","CENTRAL SAN DIEGO",754,"Overall, concentrated, and child (0 to 18 years of age) poverty rate","2000",9,"Total","CT","06073009604","0096.04","San Diego","06073",NA,NA,"Overall",3215,180.04,5.6,NA,NA,NA,NA,NA,0.3943662,"no",41661.5034577,96.04,"Mood Disorders","Hospitalization",2010,1,3,"CENTRAL",5,"Very Urban Area",2,"Low Income",4,"Supervisorial District 4",1082,653.496083251294,629.498605903139,597,659.522757401679,485,646.227232148805,753,915.04538770947,113,984.149102943738,158,274.200826073375,21,247.087892693258,26,457.988374141272,26,134.30445787489,108,469.769464984776,392,562.152240004589,473,1246.44250026352,83,534.036803500193
"138","CENTRAL SAN DIEGO",754,"Overall, concentrated, and child (0 to 18 years of age) poverty rate","2000",9,"Total","CT","06073009703","0097.03","San Diego","06073",NA,NA,"Child",718,47.388,6.6,NA,NA,NA,NA,NA,0.3473684,"no",41661.5034577,97.03,"Mood Disorders","Hospitalization",2010,1,3,"CENTRAL",5,"Very Urban Area",2,"Low Income",4,"Supervisorial District 4",1082,653.496083251294,629.498605903139,597,659.522757401679,485,646.227232148805,753,915.04538770947,113,984.149102943738,158,274.200826073375,21,247.087892693258,26,457.988374141272,26,134.30445787489,108,469.769464984776,392,562.152240004589,473,1246.44250026352,83,534.036803500193
"139","CENTRAL SAN DIEGO",754,"Overall, concentrated, and child (0 to 18 years of age) poverty rate","2000",9,"Total","CT","06073009202","0092.02","San Diego","06073",NA,NA,"Overall",3187,143.415,4.5,NA,NA,NA,NA,NA,0.3169014,"no",41661.5034577,92.02,"Mood Disorders","Hospitalization",2010,1,3,"CENTRAL",5,"Very Urban Area",2,"Low Income",4,"Supervisorial District 4",1082,653.496083251294,629.498605903139,597,659.522757401679,485,646.227232148805,753,915.04538770947,113,984.149102943738,158,274.200826073375,21,247.087892693258,26,457.988374141272,26,134.30445787489,108,469.769464984776,392,562.152240004589,473,1246.44250026352,83,534.036803500193
"140","CENTRAL SAN DIEGO",754,"Overall, concentrated, and child (0 to 18 years of age) poverty rate","2000",9,"Total","CT","06073009506","0095.06","San Diego","06073",NA,NA,"Overall",4306,241.136,5.6,NA,NA,NA,NA,NA,0.3943662,"no",41661.5034577,95.06,"Mood Disorders","Hospitalization",2010,1,3,"CENTRAL",5,"Very Urban Area",2,"Low Income",4,"Supervisorial District 4",1082,653.496083251294,629.498605903139,597,659.522757401679,485,646.227232148805,753,915.04538770947,113,984.149102943738,158,274.200826073375,21,247.087892693258,26,457.988374141272,26,134.30445787489,108,469.769464984776,392,562.152240004589,473,1246.44250026352,83,534.036803500193
"141","CENTRAL SAN DIEGO",754,"Overall, concentrated, and child (0 to 18 years of age) poverty rate","2000",9,"Total","CT","06073008507","0085.07","San Diego","06073",NA,NA,"Overall",7910,822.64,10.4,NA,NA,NA,NA,NA,0.7323944,"no",41661.5034577,85.07,"Mood Disorders","Hospitalization",2010,1,3,"CENTRAL",5,"Very Urban Area",2,"Low Income",4,"Supervisorial District 4",1082,653.496083251294,629.498605903139,597,659.522757401679,485,646.227232148805,753,915.04538770947,113,984.149102943738,158,274.200826073375,21,247.087892693258,26,457.988374141272,26,134.30445787489,108,469.769464984776,392,562.152240004589,473,1246.44250026352,83,534.036803500193
"142","CENTRAL SAN DIEGO",754,"Overall, concentrated, and child (0 to 18 years of age) poverty rate","2000",9,"Total","CT","06073009506","0095.06","San Diego","06073",NA,NA,"Child",1108,118.556,10.7,NA,NA,NA,NA,NA,0.5631579,"no",41661.5034577,95.06,"Mood Disorders","Hospitalization",2010,1,3,"CENTRAL",5,"Very Urban Area",2,"Low Income",4,"Supervisorial District 4",1082,653.496083251294,629.498605903139,597,659.522757401679,485,646.227232148805,753,915.04538770947,113,984.149102943738,158,274.200826073375,21,247.087892693258,26,457.988374141272,26,134.30445787489,108,469.769464984776,392,562.152240004589,473,1246.44250026352,83,534.036803500193
"143","CENTRAL SAN DIEGO",754,"Overall, concentrated, and child (0 to 18 years of age) poverty rate","2000",9,"Total","CT","06073002302","0023.02","San Diego","06073",NA,NA,"Overall",6709,2636.637,39.3,NA,NA,NA,NA,NA,2.7676056,"no",41661.5034576,23.02,"Mood Disorders","Hospitalization",2010,1,3,"CENTRAL",5,"Very Urban Area",2,"Low Income",4,"Supervisorial District 4",1082,653.496083251294,629.498605903139,597,659.522757401679,485,646.227232148805,753,915.04538770947,113,984.149102943738,158,274.200826073375,21,247.087892693258,26,457.988374141272,26,134.30445787489,108,469.769464984776,392,562.152240004589,473,1246.44250026352,83,534.036803500193
"144","CENTRAL SAN DIEGO",754,"Overall, concentrated, and child (0 to 18 years of age) poverty rate","2000",9,"Total","CT","06073001900","0019.00","San Diego","06073",NA,NA,"Overall",2946,197.382,6.7,NA,NA,NA,NA,NA,0.471831,"no",41661.5034576,19,"Mood Disorders","Hospitalization",2010,1,3,"CENTRAL",5,"Very Urban Area",2,"Low Income",4,"Supervisorial District 4",1082,653.496083251294,629.498605903139,597,659.522757401679,485,646.227232148805,753,915.04538770947,113,984.149102943738,158,274.200826073375,21,247.087892693258,26,457.988374141272,26,134.30445787489,108,469.769464984776,392,562.152240004589,473,1246.44250026352,83,534.036803500193
"145","CENTRAL SAN DIEGO",754,"Overall, concentrated, and child (0 to 18 years of age) poverty rate","2000",9,"Total","CT","06073002001","0020.01","San Diego","06073",NA,NA,"Child",442,13.702,3.1,NA,NA,NA,NA,NA,0.1631579,"no",41661.5034576,20.01,"Mood Disorders","Hospitalization",2010,1,3,"CENTRAL",5,"Very Urban Area",2,"Low Income",4,"Supervisorial District 4",1082,653.496083251294,629.498605903139,597,659.522757401679,485,646.227232148805,753,915.04538770947,113,984.149102943738,158,274.200826073375,21,247.087892693258,26,457.988374141272,26,134.30445787489,108,469.769464984776,392,562.152240004589,473,1246.44250026352,83,534.036803500193
"146","CENTRAL SAN DIEGO",754,"Overall, concentrated, and child (0 to 18 years of age) poverty rate","2000",9,"Total","CT","06073009602","0096.02","San Diego","06073",NA,NA,"Child",643,50.154,7.8,NA,NA,NA,NA,NA,0.4105263,"no",41661.5034577,96.02,"Mood Disorders","Hospitalization",2010,1,3,"CENTRAL",5,"Very Urban Area",2,"Low Income",4,"Supervisorial District 4",1082,653.496083251294,629.498605903139,597,659.522757401679,485,646.227232148805,753,915.04538770947,113,984.149102943738,158,274.200826073375,21,247.087892693258,26,457.988374141272,26,134.30445787489,108,469.769464984776,392,562.152240004589,473,1246.44250026352,83,534.036803500193
"147","CENTRAL SAN DIEGO",754,"Overall, concentrated, and child (0 to 18 years of age) poverty rate","2000",9,"Total","CT","06073002501","0025.01","San Diego","06073",NA,NA,"Overall",6107,2113.022,34.6,NA,NA,NA,NA,NA,2.4366197,"no",41661.5034576,25.01,"Mood Disorders","Hospitalization",2010,1,3,"CENTRAL",5,"Very Urban Area",2,"Low Income",4,"Supervisorial District 4",1082,653.496083251294,629.498605903139,597,659.522757401679,485,646.227232148805,753,915.04538770947,113,984.149102943738,158,274.200826073375,21,247.087892693258,26,457.988374141272,26,134.30445787489,108,469.769464984776,392,562.152240004589,473,1246.44250026352,83,534.036803500193
"148","CENTRAL SAN DIEGO",754,"Overall, concentrated, and child (0 to 18 years of age) poverty rate","2000",9,"Total","CT","06073002402","0024.02","San Diego","06073",NA,NA,"Overall",5102,2331.614,45.7,NA,NA,NA,NA,NA,3.2183099,"yes",41661.5034576,24.02,"Mood Disorders","Hospitalization",2010,1,3,"CENTRAL",5,"Very Urban Area",2,"Low Income",4,"Supervisorial District 4",1082,653.496083251294,629.498605903139,597,659.522757401679,485,646.227232148805,753,915.04538770947,113,984.149102943738,158,274.200826073375,21,247.087892693258,26,457.988374141272,26,134.30445787489,108,469.769464984776,392,562.152240004589,473,1246.44250026352,83,534.036803500193
"149","CENTRAL SAN DIEGO",754,"Overall, concentrated, and child (0 to 18 years of age) poverty rate","2000",9,"Total","CT","06073008901","0089.01","San Diego","06073",NA,NA,"Overall",4410,670.32,15.2,NA,NA,NA,NA,NA,1.0704225,"no",41661.5034577,89.01,"Mood Disorders","Hospitalization",2010,1,3,"CENTRAL",5,"Very Urban Area",2,"Low Income",4,"Supervisorial District 4",1082,653.496083251294,629.498605903139,597,659.522757401679,485,646.227232148805,753,915.04538770947,113,984.149102943738,158,274.200826073375,21,247.087892693258,26,457.988374141272,26,134.30445787489,108,469.769464984776,392,562.152240004589,473,1246.44250026352,83,534.036803500193
"150","CENTRAL SAN DIEGO",754,"Overall, concentrated, and child (0 to 18 years of age) poverty rate","2000",9,"Total","CT","06073008506","0085.06","San Diego","06073",NA,NA,"Overall",3872,278.784,7.2,NA,NA,NA,NA,NA,0.5070423,"no",41661.5034577,85.06,"Mood Disorders","Hospitalization",2010,1,3,"CENTRAL",5,"Very Urban Area",2,"Low Income",4,"Supervisorial District 4",1082,653.496083251294,629.498605903139,597,659.522757401679,485,646.227232148805,753,915.04538770947,113,984.149102943738,158,274.200826073375,21,247.087892693258,26,457.988374141272,26,134.30445787489,108,469.769464984776,392,562.152240004589,473,1246.44250026352,83,534.036803500193
"151","CENTRAL SAN DIEGO",754,"Overall, concentrated, and child (0 to 18 years of age) poverty rate","2000",9,"Total","CT","06073002601","0026.01","San Diego","06073",NA,NA,"Child",2514,1126.272,44.8,NA,NA,NA,NA,NA,2.3578947,"no",41661.5034576,26.01,"Mood Disorders","Hospitalization",2010,1,3,"CENTRAL",5,"Very Urban Area",2,"Low Income",4,"Supervisorial District 4",1082,653.496083251294,629.498605903139,597,659.522757401679,485,646.227232148805,753,915.04538770947,113,984.149102943738,158,274.200826073375,21,247.087892693258,26,457.988374141272,26,134.30445787489,108,469.769464984776,392,562.152240004589,473,1246.44250026352,83,534.036803500193
"152","CENTRAL SAN DIEGO",754,"Overall, concentrated, and child (0 to 18 years of age) poverty rate","2000",9,"Total","CT","06073008600","0086.00","San Diego","06073",NA,NA,"Child",2267,924.936,40.8,NA,NA,NA,NA,NA,2.1473684,"no",41661.5034577,86,"Mood Disorders","Hospitalization",2010,1,3,"CENTRAL",5,"Very Urban Area",2,"Low Income",4,"Supervisorial District 4",1082,653.496083251294,629.498605903139,597,659.522757401679,485,646.227232148805,753,915.04538770947,113,984.149102943738,158,274.200826073375,21,247.087892693258,26,457.988374141272,26,134.30445787489,108,469.769464984776,392,562.152240004589,473,1246.44250026352,83,534.036803500193
"153","CENTRAL SAN DIEGO",754,"Overall, concentrated, and child (0 to 18 years of age) poverty rate","2000",9,"Total","CT","06073002201","0022.01","San Diego","06073",NA,NA,"Overall",3820,1654.06,43.3,NA,NA,NA,NA,NA,3.0492958,"yes",41661.5034576,22.01,"Mood Disorders","Hospitalization",2010,1,3,"CENTRAL",5,"Very Urban Area",2,"Low Income",4,"Supervisorial District 4",1082,653.496083251294,629.498605903139,597,659.522757401679,485,646.227232148805,753,915.04538770947,113,984.149102943738,158,274.200826073375,21,247.087892693258,26,457.988374141272,26,134.30445787489,108,469.769464984776,392,562.152240004589,473,1246.44250026352,83,534.036803500193
"154","CENTRAL SAN DIEGO",754,"Overall, concentrated, and child (0 to 18 years of age) poverty rate","2000",9,"Total","CT","06073008600","0086.00","San Diego","06073",NA,NA,"Overall",7125,2052,28.8,NA,NA,NA,NA,NA,2.028169,"no",41661.5034577,86,"Mood Disorders","Hospitalization",2010,1,3,"CENTRAL",5,"Very Urban Area",2,"Low Income",4,"Supervisorial District 4",1082,653.496083251294,629.498605903139,597,659.522757401679,485,646.227232148805,753,915.04538770947,113,984.149102943738,158,274.200826073375,21,247.087892693258,26,457.988374141272,26,134.30445787489,108,469.769464984776,392,562.152240004589,473,1246.44250026352,83,534.036803500193
"155","CENTRAL SAN DIEGO",754,"Overall, concentrated, and child (0 to 18 years of age) poverty rate","2000",9,"Total","CT","06073000900","0009.00","San Diego","06073",NA,NA,"Overall",5594,1102.018,19.7,NA,NA,NA,NA,NA,1.3873239,"no",41661.5034576,9,"Mood Disorders","Hospitalization",2010,1,3,"CENTRAL",5,"Very Urban Area",2,"Low Income",4,"Supervisorial District 4",1082,653.496083251294,629.498605903139,597,659.522757401679,485,646.227232148805,753,915.04538770947,113,984.149102943738,158,274.200826073375,21,247.087892693258,26,457.988374141272,26,134.30445787489,108,469.769464984776,392,562.152240004589,473,1246.44250026352,83,534.036803500193
"156","CENTRAL SAN DIEGO",754,"Overall, concentrated, and child (0 to 18 years of age) poverty rate","2000",9,"Total","CT","06073009504","0095.04","San Diego","06073",NA,NA,"Overall",3971,79.42,2,NA,NA,NA,NA,NA,0.1408451,"no",41661.5034577,95.04,"Mood Disorders","Hospitalization",2010,1,3,"CENTRAL",5,"Very Urban Area",2,"Low Income",4,"Supervisorial District 4",1082,653.496083251294,629.498605903139,597,659.522757401679,485,646.227232148805,753,915.04538770947,113,984.149102943738,158,274.200826073375,21,247.087892693258,26,457.988374141272,26,134.30445787489,108,469.769464984776,392,562.152240004589,473,1246.44250026352,83,534.036803500193
"157","CENTRAL SAN DIEGO",754,"Overall, concentrated, and child (0 to 18 years of age) poverty rate","2000",9,"Total","CT","06073001900","0019.00","San Diego","06073",NA,NA,"Child",433,25.98,6,NA,NA,NA,NA,NA,0.3157895,"no",41661.5034576,19,"Mood Disorders","Hospitalization",2010,1,3,"CENTRAL",5,"Very Urban Area",2,"Low Income",4,"Supervisorial District 4",1082,653.496083251294,629.498605903139,597,659.522757401679,485,646.227232148805,753,915.04538770947,113,984.149102943738,158,274.200826073375,21,247.087892693258,26,457.988374141272,26,134.30445787489,108,469.769464984776,392,562.152240004589,473,1246.44250026352,83,534.036803500193
"158","CENTRAL SAN DIEGO",754,"Overall, concentrated, and child (0 to 18 years of age) poverty rate","2000",9,"Total","CT","06073008511","0085.11","San Diego","06073",NA,NA,"Overall",1177,100.045,8.5,NA,NA,NA,NA,NA,0.5985915,"no",41661.5034577,85.11,"Mood Disorders","Hospitalization",2010,1,3,"CENTRAL",5,"Very Urban Area",2,"Low Income",4,"Supervisorial District 4",1082,653.496083251294,629.498605903139,597,659.522757401679,485,646.227232148805,753,915.04538770947,113,984.149102943738,158,274.200826073375,21,247.087892693258,26,457.988374141272,26,134.30445787489,108,469.769464984776,392,562.152240004589,473,1246.44250026352,83,534.036803500193
"159","CENTRAL SAN DIEGO",754,"Overall, concentrated, and child (0 to 18 years of age) poverty rate","2000",9,"Total","CT","06073008511","0085.11","San Diego","06073",NA,NA,"Child",359,0,0,NA,NA,NA,NA,NA,0,"no",41661.5034577,85.11,"Mood Disorders","Hospitalization",2010,1,3,"CENTRAL",5,"Very Urban Area",2,"Low Income",4,"Supervisorial District 4",1082,653.496083251294,629.498605903139,597,659.522757401679,485,646.227232148805,753,915.04538770947,113,984.149102943738,158,274.200826073375,21,247.087892693258,26,457.988374141272,26,134.30445787489,108,469.769464984776,392,562.152240004589,473,1246.44250026352,83,534.036803500193
"160","CENTRAL SAN DIEGO",754,"Overall, concentrated, and child (0 to 18 years of age) poverty rate","2000",9,"Total","CT","06073009509","0095.09","San Diego","06073",NA,NA,"Overall",3298,263.84,8,NA,NA,NA,NA,NA,0.5633803,"no",41661.5034577,95.09,"Mood Disorders","Hospitalization",2010,1,3,"CENTRAL",5,"Very Urban Area",2,"Low Income",4,"Supervisorial District 4",1082,653.496083251294,629.498605903139,597,659.522757401679,485,646.227232148805,753,915.04538770947,113,984.149102943738,158,274.200826073375,21,247.087892693258,26,457.988374141272,26,134.30445787489,108,469.769464984776,392,562.152240004589,473,1246.44250026352,83,534.036803500193
"161","CENTRAL SAN DIEGO",754,"Overall, concentrated, and child (0 to 18 years of age) poverty rate","2000",9,"Total","CT","06073000700","0007.00","San Diego","06073",NA,NA,"Child",153,5.049,3.3,NA,NA,NA,NA,NA,0.1736842,"no",41661.5034576,7,"Mood Disorders","Hospitalization",2010,1,3,"CENTRAL",5,"Very Urban Area",2,"Low Income",4,"Supervisorial District 4",1082,653.496083251294,629.498605903139,597,659.522757401679,485,646.227232148805,753,915.04538770947,113,984.149102943738,158,274.200826073375,21,247.087892693258,26,457.988374141272,26,134.30445787489,108,469.769464984776,392,562.152240004589,473,1246.44250026352,83,534.036803500193
"162","CENTRAL SAN DIEGO",754,"Overall, concentrated, and child (0 to 18 years of age) poverty rate","2000",9,"Total","CT","06073009802","0098.02","San Diego","06073",NA,NA,"Child",1314,120.888,9.2,NA,NA,NA,NA,NA,0.4842105,"no",41661.5034577,98.02,"Mood Disorders","Hospitalization",2010,1,3,"CENTRAL",5,"Very Urban Area",2,"Low Income",4,"Supervisorial District 4",1082,653.496083251294,629.498605903139,597,659.522757401679,485,646.227232148805,753,915.04538770947,113,984.149102943738,158,274.200826073375,21,247.087892693258,26,457.988374141272,26,134.30445787489,108,469.769464984776,392,562.152240004589,473,1246.44250026352,83,534.036803500193
"163","CENTRAL SAN DIEGO",754,"Overall, concentrated, and child (0 to 18 years of age) poverty rate","2000",9,"Total","CT","06073001600","0016.00","San Diego","06073",NA,NA,"Overall",6126,1966.446,32.1,NA,NA,NA,NA,NA,2.2605634,"no",41661.5034576,16,"Mood Disorders","Hospitalization",2010,1,3,"CENTRAL",5,"Very Urban Area",2,"Low Income",4,"Supervisorial District 4",1082,653.496083251294,629.498605903139,597,659.522757401679,485,646.227232148805,753,915.04538770947,113,984.149102943738,158,274.200826073375,21,247.087892693258,26,457.988374141272,26,134.30445787489,108,469.769464984776,392,562.152240004589,473,1246.44250026352,83,534.036803500193
"164","CENTRAL SAN DIEGO",754,"Overall, concentrated, and child (0 to 18 years of age) poverty rate","2000",9,"Total","CT","06073008513","0085.13","San Diego","06073",NA,NA,"Overall",2654,135.354,5.1,NA,NA,NA,NA,NA,0.3591549,"no",41661.5034577,85.13,"Mood Disorders","Hospitalization",2010,1,3,"CENTRAL",5,"Very Urban Area",2,"Low Income",4,"Supervisorial District 4",1082,653.496083251294,629.498605903139,597,659.522757401679,485,646.227232148805,753,915.04538770947,113,984.149102943738,158,274.200826073375,21,247.087892693258,26,457.988374141272,26,134.30445787489,108,469.769464984776,392,562.152240004589,473,1246.44250026352,83,534.036803500193
"165","CENTRAL SAN DIEGO",754,"Overall, concentrated, and child (0 to 18 years of age) poverty rate","2000",9,"Total","CT","06073009805","0098.05","San Diego","06073",NA,NA,"Child",1104,122.544,11.1,NA,NA,NA,NA,NA,0.5842105,"no",41661.5034577,98.05,"Mood Disorders","Hospitalization",2010,1,3,"CENTRAL",5,"Very Urban Area",2,"Low Income",4,"Supervisorial District 4",1082,653.496083251294,629.498605903139,597,659.522757401679,485,646.227232148805,753,915.04538770947,113,984.149102943738,158,274.200826073375,21,247.087892693258,26,457.988374141272,26,134.30445787489,108,469.769464984776,392,562.152240004589,473,1246.44250026352,83,534.036803500193
"166","CENTRAL SAN DIEGO",754,"Overall, concentrated, and child (0 to 18 years of age) poverty rate","2000",9,"Total","CT","06073001000","0010.00","San Diego","06073",NA,NA,"Overall",4948,588.812,11.9,NA,NA,NA,NA,NA,0.8380282,"no",41661.5034576,10,"Mood Disorders","Hospitalization",2010,1,3,"CENTRAL",5,"Very Urban Area",2,"Low Income",4,"Supervisorial District 4",1082,653.496083251294,629.498605903139,597,659.522757401679,485,646.227232148805,753,915.04538770947,113,984.149102943738,158,274.200826073375,21,247.087892693258,26,457.988374141272,26,134.30445787489,108,469.769464984776,392,562.152240004589,473,1246.44250026352,83,534.036803500193
"167","CENTRAL SAN DIEGO",754,"Overall, concentrated, and child (0 to 18 years of age) poverty rate","2000",9,"Total","CT","06073001000","0010.00","San Diego","06073",NA,NA,"Child",743,144.885,19.5,NA,NA,NA,NA,NA,1.0263158,"no",41661.5034576,10,"Mood Disorders","Hospitalization",2010,1,3,"CENTRAL",5,"Very Urban Area",2,"Low Income",4,"Supervisorial District 4",1082,653.496083251294,629.498605903139,597,659.522757401679,485,646.227232148805,753,915.04538770947,113,984.149102943738,158,274.200826073375,21,247.087892693258,26,457.988374141272,26,134.30445787489,108,469.769464984776,392,562.152240004589,473,1246.44250026352,83,534.036803500193
"168","CENTRAL SAN DIEGO",754,"Overall, concentrated, and child (0 to 18 years of age) poverty rate","2000",9,"Total","CT","06073009502","0095.02","San Diego","06073",NA,NA,"Overall",3578,107.34,3,NA,NA,NA,NA,NA,0.2112676,"no",41661.5034577,95.02,"Mood Disorders","Hospitalization",2010,1,3,"CENTRAL",5,"Very Urban Area",2,"Low Income",4,"Supervisorial District 4",1082,653.496083251294,629.498605903139,597,659.522757401679,485,646.227232148805,753,915.04538770947,113,984.149102943738,158,274.200826073375,21,247.087892693258,26,457.988374141272,26,134.30445787489,108,469.769464984776,392,562.152240004589,473,1246.44250026352,83,534.036803500193
"169","CENTRAL SAN DIEGO",754,"Overall, concentrated, and child (0 to 18 years of age) poverty rate","2000",9,"Total","CT","06073009801","0098.01","San Diego","06073",NA,NA,"Overall",4470,397.83,8.9,NA,NA,NA,NA,NA,0.6267606,"no",41661.5034577,98.01,"Mood Disorders","Hospitalization",2010,1,3,"CENTRAL",5,"Very Urban Area",2,"Low Income",4,"Supervisorial District 4",1082,653.496083251294,629.498605903139,597,659.522757401679,485,646.227232148805,753,915.04538770947,113,984.149102943738,158,274.200826073375,21,247.087892693258,26,457.988374141272,26,134.30445787489,108,469.769464984776,392,562.152240004589,473,1246.44250026352,83,534.036803500193
"170","CENTRAL SAN DIEGO",754,"Overall, concentrated, and child (0 to 18 years of age) poverty rate","2000",9,"Total","CT","06073002401","0024.01","San Diego","06073",NA,NA,"Child",1979,953.878,48.2,NA,NA,NA,NA,NA,2.5368421,"no",41661.5034576,24.01,"Mood Disorders","Hospitalization",2010,1,3,"CENTRAL",5,"Very Urban Area",2,"Low Income",4,"Supervisorial District 4",1082,653.496083251294,629.498605903139,597,659.522757401679,485,646.227232148805,753,915.04538770947,113,984.149102943738,158,274.200826073375,21,247.087892693258,26,457.988374141272,26,134.30445787489,108,469.769464984776,392,562.152240004589,473,1246.44250026352,83,534.036803500193
"171","CENTRAL SAN DIEGO",754,"Overall, concentrated, and child (0 to 18 years of age) poverty rate","2000",9,"Total","CT","06073009507","0095.07","San Diego","06073",NA,NA,"Overall",3409,78.407,2.3,NA,NA,NA,NA,NA,0.1619718,"no",41661.5034577,95.07,"Mood Disorders","Hospitalization",2010,1,3,"CENTRAL",5,"Very Urban Area",2,"Low Income",4,"Supervisorial District 4",1082,653.496083251294,629.498605903139,597,659.522757401679,485,646.227232148805,753,915.04538770947,113,984.149102943738,158,274.200826073375,21,247.087892693258,26,457.988374141272,26,134.30445787489,108,469.769464984776,392,562.152240004589,473,1246.44250026352,83,534.036803500193
"172","CENTRAL SAN DIEGO",754,"Overall, concentrated, and child (0 to 18 years of age) poverty rate","2000",9,"Total","CT","06073009509","0095.09","San Diego","06073",NA,NA,"Child",396,12.672,3.2,NA,NA,NA,NA,NA,0.1684211,"no",41661.5034577,95.09,"Mood Disorders","Hospitalization",2010,1,3,"CENTRAL",5,"Very Urban Area",2,"Low Income",4,"Supervisorial District 4",1082,653.496083251294,629.498605903139,597,659.522757401679,485,646.227232148805,753,915.04538770947,113,984.149102943738,158,274.200826073375,21,247.087892693258,26,457.988374141272,26,134.30445787489,108,469.769464984776,392,562.152240004589,473,1246.44250026352,83,534.036803500193
"173","CENTRAL SAN DIEGO",754,"Overall, concentrated, and child (0 to 18 years of age) poverty rate","2000",9,"Total","CT","06073009104","0091.04","San Diego","06073",NA,NA,"Child",489,24.939,5.1,NA,NA,NA,NA,NA,0.2684211,"no",41661.5034577,91.04,"Mood Disorders","Hospitalization",2010,1,3,"CENTRAL",5,"Very Urban Area",2,"Low Income",4,"Supervisorial District 4",1082,653.496083251294,629.498605903139,597,659.522757401679,485,646.227232148805,753,915.04538770947,113,984.149102943738,158,274.200826073375,21,247.087892693258,26,457.988374141272,26,134.30445787489,108,469.769464984776,392,562.152240004589,473,1246.44250026352,83,534.036803500193
"174","CENTRAL SAN DIEGO",754,"Overall, concentrated, and child (0 to 18 years of age) poverty rate","2000",9,"Total","CT","06073001700","0017.00","San Diego","06073",NA,NA,"Child",1155,364.98,31.6,NA,NA,NA,NA,NA,1.6631579,"no",41661.5034576,17,"Mood Disorders","Hospitalization",2010,1,3,"CENTRAL",5,"Very Urban Area",2,"Low Income",4,"Supervisorial District 4",1082,653.496083251294,629.498605903139,597,659.522757401679,485,646.227232148805,753,915.04538770947,113,984.149102943738,158,274.200826073375,21,247.087892693258,26,457.988374141272,26,134.30445787489,108,469.769464984776,392,562.152240004589,473,1246.44250026352,83,534.036803500193
"175","CENTRAL SAN DIEGO",754,"Overall, concentrated, and child (0 to 18 years of age) poverty rate","2000",9,"Total","CT","06073008503","0085.03","San Diego","06073",NA,NA,"Overall",6675,720.9,10.8,NA,NA,NA,NA,NA,0.7605634,"no",41661.5034577,85.03,"Mood Disorders","Hospitalization",2010,1,3,"CENTRAL",5,"Very Urban Area",2,"Low Income",4,"Supervisorial District 4",1082,653.496083251294,629.498605903139,597,659.522757401679,485,646.227232148805,753,915.04538770947,113,984.149102943738,158,274.200826073375,21,247.087892693258,26,457.988374141272,26,134.30445787489,108,469.769464984776,392,562.152240004589,473,1246.44250026352,83,534.036803500193
"176","CENTRAL SAN DIEGO",754,"Overall, concentrated, and child (0 to 18 years of age) poverty rate","2000",9,"Total","CT","06073009802","0098.02","San Diego","06073",NA,NA,"Overall",6071,485.68,8,NA,NA,NA,NA,NA,0.5633803,"no",41661.5034577,98.02,"Mood Disorders","Hospitalization",2010,1,3,"CENTRAL",5,"Very Urban Area",2,"Low Income",4,"Supervisorial District 4",1082,653.496083251294,629.498605903139,597,659.522757401679,485,646.227232148805,753,915.04538770947,113,984.149102943738,158,274.200826073375,21,247.087892693258,26,457.988374141272,26,134.30445787489,108,469.769464984776,392,562.152240004589,473,1246.44250026352,83,534.036803500193
"177","CENTRAL SAN DIEGO",754,"Overall, concentrated, and child (0 to 18 years of age) poverty rate","2000",9,"Total","CT","06073009201","0092.01","San Diego","06073",NA,NA,"Child",1776,348.096,19.6,NA,NA,NA,NA,NA,1.0315789,"no",41661.5034577,92.01,"Mood Disorders","Hospitalization",2010,1,3,"CENTRAL",5,"Very Urban Area",2,"Low Income",4,"Supervisorial District 4",1082,653.496083251294,629.498605903139,597,659.522757401679,485,646.227232148805,753,915.04538770947,113,984.149102943738,158,274.200826073375,21,247.087892693258,26,457.988374141272,26,134.30445787489,108,469.769464984776,392,562.152240004589,473,1246.44250026352,83,534.036803500193
"178","CENTRAL SAN DIEGO",754,"Overall, concentrated, and child (0 to 18 years of age) poverty rate","2000",9,"Total","CT","06073002401","0024.01","San Diego","06073",NA,NA,"Overall",5467,1918.917,35.1,NA,NA,NA,NA,NA,2.471831,"no",41661.5034576,24.01,"Mood Disorders","Hospitalization",2010,1,3,"CENTRAL",5,"Very Urban Area",2,"Low Income",4,"Supervisorial District 4",1082,653.496083251294,629.498605903139,597,659.522757401679,485,646.227232148805,753,915.04538770947,113,984.149102943738,158,274.200826073375,21,247.087892693258,26,457.988374141272,26,134.30445787489,108,469.769464984776,392,562.152240004589,473,1246.44250026352,83,534.036803500193
"179","CENTRAL SAN DIEGO",754,"Overall, concentrated, and child (0 to 18 years of age) poverty rate","2000",9,"Total","CT","06073009505","0095.05","San Diego","06073",NA,NA,"Overall",6793,149.446,2.2,NA,NA,NA,NA,NA,0.1549296,"no",41661.5034577,95.05,"Mood Disorders","Hospitalization",2010,1,3,"CENTRAL",5,"Very Urban Area",2,"Low Income",4,"Supervisorial District 4",1082,653.496083251294,629.498605903139,597,659.522757401679,485,646.227232148805,753,915.04538770947,113,984.149102943738,158,274.200826073375,21,247.087892693258,26,457.988374141272,26,134.30445787489,108,469.769464984776,392,562.152240004589,473,1246.44250026352,83,534.036803500193
"180","CENTRAL SAN DIEGO",754,"Overall, concentrated, and child (0 to 18 years of age) poverty rate","2000",9,"Total","CT","06073001600","0016.00","San Diego","06073",NA,NA,"Child",1891,828.258,43.8,NA,NA,NA,NA,NA,2.3052632,"no",41661.5034576,16,"Mood Disorders","Hospitalization",2010,1,3,"CENTRAL",5,"Very Urban Area",2,"Low Income",4,"Supervisorial District 4",1082,653.496083251294,629.498605903139,597,659.522757401679,485,646.227232148805,753,915.04538770947,113,984.149102943738,158,274.200826073375,21,247.087892693258,26,457.988374141272,26,134.30445787489,108,469.769464984776,392,562.152240004589,473,1246.44250026352,83,534.036803500193
"181","CENTRAL SAN DIEGO",754,"Overall, concentrated, and child (0 to 18 years of age) poverty rate","2000",9,"Total","CT","06073008505","0085.05","San Diego","06073",NA,NA,"Child",1244,39.808,3.2,NA,NA,NA,NA,NA,0.1684211,"no",41661.5034577,85.05,"Mood Disorders","Hospitalization",2010,1,3,"CENTRAL",5,"Very Urban Area",2,"Low Income",4,"Supervisorial District 4",1082,653.496083251294,629.498605903139,597,659.522757401679,485,646.227232148805,753,915.04538770947,113,984.149102943738,158,274.200826073375,21,247.087892693258,26,457.988374141272,26,134.30445787489,108,469.769464984776,392,562.152240004589,473,1246.44250026352,83,534.036803500193
"182","CENTRAL SAN DIEGO",754,"Overall, concentrated, and child (0 to 18 years of age) poverty rate","2000",9,"Total","CT","06073009706","0097.06","San Diego","06073",NA,NA,"Child",1111,37.774,3.4,NA,NA,NA,NA,NA,0.1789474,"no",41661.5034577,97.06,"Mood Disorders","Hospitalization",2010,1,3,"CENTRAL",5,"Very Urban Area",2,"Low Income",4,"Supervisorial District 4",1082,653.496083251294,629.498605903139,597,659.522757401679,485,646.227232148805,753,915.04538770947,113,984.149102943738,158,274.200826073375,21,247.087892693258,26,457.988374141272,26,134.30445787489,108,469.769464984776,392,562.152240004589,473,1246.44250026352,83,534.036803500193
"183","CENTRAL SAN DIEGO",754,"Overall, concentrated, and child (0 to 18 years of age) poverty rate","2000",9,"Total","CT","06073008504","0085.04","San Diego","06073",NA,NA,"Overall",6048,489.888,8.1,NA,NA,NA,NA,NA,0.5704225,"no",41661.5034577,85.04,"Mood Disorders","Hospitalization",2010,1,3,"CENTRAL",5,"Very Urban Area",2,"Low Income",4,"Supervisorial District 4",1082,653.496083251294,629.498605903139,597,659.522757401679,485,646.227232148805,753,915.04538770947,113,984.149102943738,158,274.200826073375,21,247.087892693258,26,457.988374141272,26,134.30445787489,108,469.769464984776,392,562.152240004589,473,1246.44250026352,83,534.036803500193
"184","CENTRAL SAN DIEGO",754,"Overall, concentrated, and child (0 to 18 years of age) poverty rate","2000",9,"Total","CT","06073000600","0006.00","San Diego","06073",NA,NA,"Overall",2963,417.783,14.1,NA,NA,NA,NA,NA,0.9929577,"no",41661.5034576,6,"Mood Disorders","Hospitalization",2010,1,3,"CENTRAL",5,"Very Urban Area",2,"Low Income",4,"Supervisorial District 4",1082,653.496083251294,629.498605903139,597,659.522757401679,485,646.227232148805,753,915.04538770947,113,984.149102943738,158,274.200826073375,21,247.087892693258,26,457.988374141272,26,134.30445787489,108,469.769464984776,392,562.152240004589,473,1246.44250026352,83,534.036803500193
"185","CENTRAL SAN DIEGO",754,"Overall, concentrated, and child (0 to 18 years of age) poverty rate","2000",9,"Total","CT","06073009103","0091.03","San Diego","06073",NA,NA,"Overall",3639,218.34,6,NA,NA,NA,NA,NA,0.4225352,"no",41661.5034577,91.03,"Mood Disorders","Hospitalization",2010,1,3,"CENTRAL",5,"Very Urban Area",2,"Low Income",4,"Supervisorial District 4",1082,653.496083251294,629.498605903139,597,659.522757401679,485,646.227232148805,753,915.04538770947,113,984.149102943738,158,274.200826073375,21,247.087892693258,26,457.988374141272,26,134.30445787489,108,469.769464984776,392,562.152240004589,473,1246.44250026352,83,534.036803500193
"186","CENTRAL SAN DIEGO",754,"Overall, concentrated, and child (0 to 18 years of age) poverty rate","2000",9,"Total","CT","06073008505","0085.05","San Diego","06073",NA,NA,"Overall",5639,411.647,7.3,NA,NA,NA,NA,NA,0.5140845,"no",41661.5034577,85.05,"Mood Disorders","Hospitalization",2010,1,3,"CENTRAL",5,"Very Urban Area",2,"Low Income",4,"Supervisorial District 4",1082,653.496083251294,629.498605903139,597,659.522757401679,485,646.227232148805,753,915.04538770947,113,984.149102943738,158,274.200826073375,21,247.087892693258,26,457.988374141272,26,134.30445787489,108,469.769464984776,392,562.152240004589,473,1246.44250026352,83,534.036803500193
"187","CENTRAL SAN DIEGO",754,"Overall, concentrated, and child (0 to 18 years of age) poverty rate","2000",9,"Total","CT","06073000800","0008.00","San Diego","06073",NA,NA,"Overall",4218,535.686,12.7,NA,NA,NA,NA,NA,0.8943662,"no",41661.5034576,8,"Mood Disorders","Hospitalization",2010,1,3,"CENTRAL",5,"Very Urban Area",2,"Low Income",4,"Supervisorial District 4",1082,653.496083251294,629.498605903139,597,659.522757401679,485,646.227232148805,753,915.04538770947,113,984.149102943738,158,274.200826073375,21,247.087892693258,26,457.988374141272,26,134.30445787489,108,469.769464984776,392,562.152240004589,473,1246.44250026352,83,534.036803500193
"188","CENTRAL SAN DIEGO",754,"Overall, concentrated, and child (0 to 18 years of age) poverty rate","2000",9,"Total","CT","06073009706","0097.06","San Diego","06073",NA,NA,"Overall",6870,247.32,3.6,NA,NA,NA,NA,NA,0.2535211,"no",41661.5034577,97.06,"Mood Disorders","Hospitalization",2010,1,3,"CENTRAL",5,"Very Urban Area",2,"Low Income",4,"Supervisorial District 4",1082,653.496083251294,629.498605903139,597,659.522757401679,485,646.227232148805,753,915.04538770947,113,984.149102943738,158,274.200826073375,21,247.087892693258,26,457.988374141272,26,134.30445787489,108,469.769464984776,392,562.152240004589,473,1246.44250026352,83,534.036803500193
"189","CENTRAL SAN DIEGO",754,"Overall, concentrated, and child (0 to 18 years of age) poverty rate","2000",9,"Total","CT","06073008504","0085.04","San Diego","06073",NA,NA,"Child",1277,135.362,10.6,NA,NA,NA,NA,NA,0.5578947,"no",41661.5034577,85.04,"Mood Disorders","Hospitalization",2010,1,3,"CENTRAL",5,"Very Urban Area",2,"Low Income",4,"Supervisorial District 4",1082,653.496083251294,629.498605903139,597,659.522757401679,485,646.227232148805,753,915.04538770947,113,984.149102943738,158,274.200826073375,21,247.087892693258,26,457.988374141272,26,134.30445787489,108,469.769464984776,392,562.152240004589,473,1246.44250026352,83,534.036803500193
"190","CENTRAL SAN DIEGO",754,"Overall, concentrated, and child (0 to 18 years of age) poverty rate","2000",9,"Total","CT","06073009107","0091.07","San Diego","06073",NA,NA,"Child",269,44.654,16.6,NA,NA,NA,NA,NA,0.8736842,"no",41661.5034577,91.07,"Mood Disorders","Hospitalization",2010,1,3,"CENTRAL",5,"Very Urban Area",2,"Low Income",4,"Supervisorial District 4",1082,653.496083251294,629.498605903139,597,659.522757401679,485,646.227232148805,753,915.04538770947,113,984.149102943738,158,274.200826073375,21,247.087892693258,26,457.988374141272,26,134.30445787489,108,469.769464984776,392,562.152240004589,473,1246.44250026352,83,534.036803500193
"191","CENTRAL SAN DIEGO",754,"Overall, concentrated, and child (0 to 18 years of age) poverty rate","2000",9,"Total","CT","06073002402","0024.02","San Diego","06073",NA,NA,"Child",1944,1078.92,55.5,NA,NA,NA,NA,NA,2.9210526,"yes",41661.5034576,24.02,"Mood Disorders","Hospitalization",2010,1,3,"CENTRAL",5,"Very Urban Area",2,"Low Income",4,"Supervisorial District 4",1082,653.496083251294,629.498605903139,597,659.522757401679,485,646.227232148805,753,915.04538770947,113,984.149102943738,158,274.200826073375,21,247.087892693258,26,457.988374141272,26,134.30445787489,108,469.769464984776,392,562.152240004589,473,1246.44250026352,83,534.036803500193
"192","CENTRAL SAN DIEGO",754,"Overall, concentrated, and child (0 to 18 years of age) poverty rate","2000",9,"Total","CT","06073009804","0098.04","San Diego","06073",NA,NA,"Child",1051,57.805,5.5,NA,NA,NA,NA,NA,0.2894737,"no",41661.5034577,98.04,"Mood Disorders","Hospitalization",2010,1,3,"CENTRAL",5,"Very Urban Area",2,"Low Income",4,"Supervisorial District 4",1082,653.496083251294,629.498605903139,597,659.522757401679,485,646.227232148805,753,915.04538770947,113,984.149102943738,158,274.200826073375,21,247.087892693258,26,457.988374141272,26,134.30445787489,108,469.769464984776,392,562.152240004589,473,1246.44250026352,83,534.036803500193
"193","CENTRAL SAN DIEGO",754,"Overall, concentrated, and child (0 to 18 years of age) poverty rate","2000",9,"Total","CT","06073008507","0085.07","San Diego","06073",NA,NA,"Child",1731,212.913,12.3,NA,NA,NA,NA,NA,0.6473684,"no",41661.5034577,85.07,"Mood Disorders","Hospitalization",2010,1,3,"CENTRAL",5,"Very Urban Area",2,"Low Income",4,"Supervisorial District 4",1082,653.496083251294,629.498605903139,597,659.522757401679,485,646.227232148805,753,915.04538770947,113,984.149102943738,158,274.200826073375,21,247.087892693258,26,457.988374141272,26,134.30445787489,108,469.769464984776,392,562.152240004589,473,1246.44250026352,83,534.036803500193
"194","CENTRAL SAN DIEGO",754,"Overall, concentrated, and child (0 to 18 years of age) poverty rate","2000",9,"Total","CT","06073000700","0007.00","San Diego","06073",NA,NA,"Overall",3414,368.712,10.8,NA,NA,NA,NA,NA,0.7605634,"no",41661.5034576,7,"Mood Disorders","Hospitalization",2010,1,3,"CENTRAL",5,"Very Urban Area",2,"Low Income",4,"Supervisorial District 4",1082,653.496083251294,629.498605903139,597,659.522757401679,485,646.227232148805,753,915.04538770947,113,984.149102943738,158,274.200826073375,21,247.087892693258,26,457.988374141272,26,134.30445787489,108,469.769464984776,392,562.152240004589,473,1246.44250026352,83,534.036803500193
"195","CENTRAL SAN DIEGO",754,"Overall, concentrated, and child (0 to 18 years of age) poverty rate","2000",9,"Total","CT","06073008506","0085.06","San Diego","06073",NA,NA,"Child",835,65.965,7.9,NA,NA,NA,NA,NA,0.4157895,"no",41661.5034577,85.06,"Mood Disorders","Hospitalization",2010,1,3,"CENTRAL",5,"Very Urban Area",2,"Low Income",4,"Supervisorial District 4",1082,653.496083251294,629.498605903139,597,659.522757401679,485,646.227232148805,753,915.04538770947,113,984.149102943738,158,274.200826073375,21,247.087892693258,26,457.988374141272,26,134.30445787489,108,469.769464984776,392,562.152240004589,473,1246.44250026352,83,534.036803500193
"196","CENTRAL SAN DIEGO",754,"Overall, concentrated, and child (0 to 18 years of age) poverty rate","2000",9,"Total","CT","06073000900","0009.00","San Diego","06073",NA,NA,"Child",929,291.706,31.4,NA,NA,NA,NA,NA,1.6526316,"no",41661.5034576,9,"Mood Disorders","Hospitalization",2010,1,3,"CENTRAL",5,"Very Urban Area",2,"Low Income",4,"Supervisorial District 4",1082,653.496083251294,629.498605903139,597,659.522757401679,485,646.227232148805,753,915.04538770947,113,984.149102943738,158,274.200826073375,21,247.087892693258,26,457.988374141272,26,134.30445787489,108,469.769464984776,392,562.152240004589,473,1246.44250026352,83,534.036803500193
"197","CENTRAL SAN DIEGO",754,"Overall, concentrated, and child (0 to 18 years of age) poverty rate","2000",9,"Total","CT","06073001500","0015.00","San Diego","06073",NA,NA,"Overall",4010,733.83,18.3,NA,NA,NA,NA,NA,1.2887324,"no",41661.5034576,15,"Mood Disorders","Hospitalization",2010,1,3,"CENTRAL",5,"Very Urban Area",2,"Low Income",4,"Supervisorial District 4",1082,653.496083251294,629.498605903139,597,659.522757401679,485,646.227232148805,753,915.04538770947,113,984.149102943738,158,274.200826073375,21,247.087892693258,26,457.988374141272,26,134.30445787489,108,469.769464984776,392,562.152240004589,473,1246.44250026352,83,534.036803500193
"198","CENTRAL SAN DIEGO",754,"Overall, concentrated, and child (0 to 18 years of age) poverty rate","2000",9,"Total","CT","06073001500","0015.00","San Diego","06073",NA,NA,"Child",743,188.722,25.4,NA,NA,NA,NA,NA,1.3368421,"no",41661.5034576,15,"Mood Disorders","Hospitalization",2010,1,3,"CENTRAL",5,"Very Urban Area",2,"Low Income",4,"Supervisorial District 4",1082,653.496083251294,629.498605903139,597,659.522757401679,485,646.227232148805,753,915.04538770947,113,984.149102943738,158,274.200826073375,21,247.087892693258,26,457.988374141272,26,134.30445787489,108,469.769464984776,392,562.152240004589,473,1246.44250026352,83,534.036803500193
"199","CENTRAL SAN DIEGO",754,"Overall, concentrated, and child (0 to 18 years of age) poverty rate","2000",9,"Total","CT","06073000800","0008.00","San Diego","06073",NA,NA,"Child",385,34.65,9,NA,NA,NA,NA,NA,0.4736842,"no",41661.5034576,8,"Mood Disorders","Hospitalization",2010,1,3,"CENTRAL",5,"Very Urban Area",2,"Low Income",4,"Supervisorial District 4",1082,653.496083251294,629.498605903139,597,659.522757401679,485,646.227232148805,753,915.04538770947,113,984.149102943738,158,274.200826073375,21,247.087892693258,26,457.988374141272,26,134.30445787489,108,469.769464984776,392,562.152240004589,473,1246.44250026352,83,534.036803500193
"200","CENTRAL SAN DIEGO",754,"Overall, concentrated, and child (0 to 18 years of age) poverty rate","2000",9,"Total","CT","06073009104","0091.04","San Diego","06073",NA,NA,"Overall",2687,99.419,3.7,NA,NA,NA,NA,NA,0.2605634,"no",41661.5034577,91.04,"Mood Disorders","Hospitalization",2010,1,3,"CENTRAL",5,"Very Urban Area",2,"Low Income",4,"Supervisorial District 4",1082,653.496083251294,629.498605903139,597,659.522757401679,485,646.227232148805,753,915.04538770947,113,984.149102943738,158,274.200826073375,21,247.087892693258,26,457.988374141272,26,134.30445787489,108,469.769464984776,392,562.152240004589,473,1246.44250026352,83,534.036803500193
"201","CENTRAL SAN DIEGO",754,"Overall, concentrated, and child (0 to 18 years of age) poverty rate","2000",9,"Total","CT","06073009106","0091.06","San Diego","06073",NA,NA,"Child",321,54.57,17,NA,NA,NA,NA,NA,0.8947368,"no",41661.5034577,91.06,"Mood Disorders","Hospitalization",2010,1,3,"CENTRAL",5,"Very Urban Area",2,"Low Income",4,"Supervisorial District 4",1082,653.496083251294,629.498605903139,597,659.522757401679,485,646.227232148805,753,915.04538770947,113,984.149102943738,158,274.200826073375,21,247.087892693258,26,457.988374141272,26,134.30445787489,108,469.769464984776,392,562.152240004589,473,1246.44250026352,83,534.036803500193
"202","CENTRAL SAN DIEGO",754,"Overall, concentrated, and child (0 to 18 years of age) poverty rate","2000",9,"Total","CT","06073009107","0091.07","San Diego","06073",NA,NA,"Overall",3306,624.834,18.9,NA,NA,NA,NA,NA,1.3309859,"no",41661.5034577,91.07,"Mood Disorders","Hospitalization",2010,1,3,"CENTRAL",5,"Very Urban Area",2,"Low Income",4,"Supervisorial District 4",1082,653.496083251294,629.498605903139,597,659.522757401679,485,646.227232148805,753,915.04538770947,113,984.149102943738,158,274.200826073375,21,247.087892693258,26,457.988374141272,26,134.30445787489,108,469.769464984776,392,562.152240004589,473,1246.44250026352,83,534.036803500193
"203","CENTRAL SAN DIEGO",754,"Overall, concentrated, and child (0 to 18 years of age) poverty rate","2000",9,"Total","CT","06073001400","0014.00","San Diego","06073",NA,NA,"Overall",3283,397.243,12.1,NA,NA,NA,NA,NA,0.8521127,"no",41661.5034576,14,"Mood Disorders","Hospitalization",2010,1,3,"CENTRAL",5,"Very Urban Area",2,"Low Income",4,"Supervisorial District 4",1082,653.496083251294,629.498605903139,597,659.522757401679,485,646.227232148805,753,915.04538770947,113,984.149102943738,158,274.200826073375,21,247.087892693258,26,457.988374141272,26,134.30445787489,108,469.769464984776,392,562.152240004589,473,1246.44250026352,83,534.036803500193
"204","CENTRAL SAN DIEGO",754,"Overall, concentrated, and child (0 to 18 years of age) poverty rate","2000",9,"Total","CT","06073009106","0091.06","San Diego","06073",NA,NA,"Overall",4044,614.688,15.2,NA,NA,NA,NA,NA,1.0704225,"no",41661.5034577,91.06,"Mood Disorders","Hospitalization",2010,1,3,"CENTRAL",5,"Very Urban Area",2,"Low Income",4,"Supervisorial District 4",1082,653.496083251294,629.498605903139,597,659.522757401679,485,646.227232148805,753,915.04538770947,113,984.149102943738,158,274.200826073375,21,247.087892693258,26,457.988374141272,26,134.30445787489,108,469.769464984776,392,562.152240004589,473,1246.44250026352,83,534.036803500193
"205","CENTRAL SAN DIEGO",754,"Overall, concentrated, and child (0 to 18 years of age) poverty rate","2000",9,"Total","CT","06073009801","0098.01","San Diego","06073",NA,NA,"Child",703,85.063,12.1,NA,NA,NA,NA,NA,0.6368421,"no",41661.5034577,98.01,"Mood Disorders","Hospitalization",2010,1,3,"CENTRAL",5,"Very Urban Area",2,"Low Income",4,"Supervisorial District 4",1082,653.496083251294,629.498605903139,597,659.522757401679,485,646.227232148805,753,915.04538770947,113,984.149102943738,158,274.200826073375,21,247.087892693258,26,457.988374141272,26,134.30445787489,108,469.769464984776,392,562.152240004589,473,1246.44250026352,83,534.036803500193
"206","CHULA VISTA",754,"Overall, concentrated, and child (0 to 18 years of age) poverty rate","2000",9,"Total","CT","06073020404","0204.04","San Diego","06073",NA,NA,"Child",1320,190.08,14.4,NA,NA,NA,NA,NA,0.7578947,"no",41661.5034577,204.04,"Mood Disorders","Hospitalization",2010,21,4,"SOUTH",5,"Very Urban Area",1,"Lowest Income",1,"Supervisorial District 1",482,418.279327281879,409.652124706096,201,361.894816441908,281,470.741963044243,249,1165.62119651718,19,480.890913692736,184,226.224872441139,16,265.604249667995,8,312.256049960968,44,179.665169456921,126,670.46240621508,108,348.657024793388,166,627.338347001247,38,261.816177483809
"207","CHULA VISTA",754,"Overall, concentrated, and child (0 to 18 years of age) poverty rate","2000",9,"Total","CT","06073020707","0207.07","San Diego","06073",NA,NA,"Overall",4294,807.272,18.8,NA,NA,NA,NA,NA,1.3239437,"no",41661.5034577,207.07,"Mood Disorders","Hospitalization",2010,21,4,"SOUTH",5,"Very Urban Area",1,"Lowest Income",1,"Supervisorial District 1",482,418.279327281879,409.652124706096,201,361.894816441908,281,470.741963044243,249,1165.62119651718,19,480.890913692736,184,226.224872441139,16,265.604249667995,8,312.256049960968,44,179.665169456921,126,670.46240621508,108,348.657024793388,166,627.338347001247,38,261.816177483809
"208","CHULA VISTA",754,"Overall, concentrated, and child (0 to 18 years of age) poverty rate","2000",9,"Total","CT","06073020708","0207.08","San Diego","06073",NA,NA,"Overall",2840,127.8,4.5,NA,NA,NA,NA,NA,0.3169014,"no",41661.5034577,207.08,"Mood Disorders","Hospitalization",2010,21,4,"SOUTH",5,"Very Urban Area",1,"Lowest Income",1,"Supervisorial District 1",482,418.279327281879,409.652124706096,201,361.894816441908,281,470.741963044243,249,1165.62119651718,19,480.890913692736,184,226.224872441139,16,265.604249667995,8,312.256049960968,44,179.665169456921,126,670.46240621508,108,348.657024793388,166,627.338347001247,38,261.816177483809
"209","CHULA VISTA",754,"Overall, concentrated, and child (0 to 18 years of age) poverty rate","2000",9,"Total","CT","06073020708","0207.08","San Diego","06073",NA,NA,"Child",698,0,0,NA,NA,NA,NA,NA,0,"no",41661.5034577,207.08,"Mood Disorders","Hospitalization",2010,21,4,"SOUTH",5,"Very Urban Area",1,"Lowest Income",1,"Supervisorial District 1",482,418.279327281879,409.652124706096,201,361.894816441908,281,470.741963044243,249,1165.62119651718,19,480.890913692736,184,226.224872441139,16,265.604249667995,8,312.256049960968,44,179.665169456921,126,670.46240621508,108,348.657024793388,166,627.338347001247,38,261.816177483809
"210","CHULA VISTA",754,"Overall, concentrated, and child (0 to 18 years of age) poverty rate","2000",9,"Total","CT","06073020805","0208.05","San Diego","06073",NA,NA,"Overall",3491,460.812,13.2,NA,NA,NA,NA,NA,0.9295775,"no",41661.5034577,208.05,"Mood Disorders","Hospitalization",2010,21,4,"SOUTH",5,"Very Urban Area",1,"Lowest Income",1,"Supervisorial District 1",482,418.279327281879,409.652124706096,201,361.894816441908,281,470.741963044243,249,1165.62119651718,19,480.890913692736,184,226.224872441139,16,265.604249667995,8,312.256049960968,44,179.665169456921,126,670.46240621508,108,348.657024793388,166,627.338347001247,38,261.816177483809
"211","CHULA VISTA",754,"Overall, concentrated, and child (0 to 18 years of age) poverty rate","2000",9,"Total","CT","06073020403","0204.03","San Diego","06073",NA,NA,"Overall",3803,155.923,4.1,NA,NA,NA,NA,NA,0.2887324,"no",41661.5034577,204.03,"Mood Disorders","Hospitalization",2010,21,4,"SOUTH",5,"Very Urban Area",1,"Lowest Income",1,"Supervisorial District 1",482,418.279327281879,409.652124706096,201,361.894816441908,281,470.741963044243,249,1165.62119651718,19,480.890913692736,184,226.224872441139,16,265.604249667995,8,312.256049960968,44,179.665169456921,126,670.46240621508,108,348.657024793388,166,627.338347001247,38,261.816177483809
"212","CHULA VISTA",754,"Overall, concentrated, and child (0 to 18 years of age) poverty rate","2000",9,"Total","CT","06073020805","0208.05","San Diego","06073",NA,NA,"Child",1128,163.56,14.5,NA,NA,NA,NA,NA,0.7631579,"no",41661.5034577,208.05,"Mood Disorders","Hospitalization",2010,21,4,"SOUTH",5,"Very Urban Area",1,"Lowest Income",1,"Supervisorial District 1",482,418.279327281879,409.652124706096,201,361.894816441908,281,470.741963044243,249,1165.62119651718,19,480.890913692736,184,226.224872441139,16,265.604249667995,8,312.256049960968,44,179.665169456921,126,670.46240621508,108,348.657024793388,166,627.338347001247,38,261.816177483809
"213","CHULA VISTA",754,"Overall, concentrated, and child (0 to 18 years of age) poverty rate","2000",9,"Total","CT","06073021100","0211.00","San Diego","06073",NA,NA,"Child",1947,506.22,26,NA,NA,NA,NA,NA,1.3684211,"no",41661.5034577,211,"Mood Disorders","Hospitalization",2010,21,4,"SOUTH",5,"Very Urban Area",1,"Lowest Income",1,"Supervisorial District 1",482,418.279327281879,409.652124706096,201,361.894816441908,281,470.741963044243,249,1165.62119651718,19,480.890913692736,184,226.224872441139,16,265.604249667995,8,312.256049960968,44,179.665169456921,126,670.46240621508,108,348.657024793388,166,627.338347001247,38,261.816177483809
"214","CHULA VISTA",754,"Overall, concentrated, and child (0 to 18 years of age) poverty rate","2000",9,"Total","CT","06073020401","0204.01","San Diego","06073",NA,NA,"Overall",2417,29.004,1.2,NA,NA,NA,NA,NA,0.084507,"no",41661.5034577,204.01,"Mood Disorders","Hospitalization",2010,21,4,"SOUTH",5,"Very Urban Area",1,"Lowest Income",1,"Supervisorial District 1",482,418.279327281879,409.652124706096,201,361.894816441908,281,470.741963044243,249,1165.62119651718,19,480.890913692736,184,226.224872441139,16,265.604249667995,8,312.256049960968,44,179.665169456921,126,670.46240621508,108,348.657024793388,166,627.338347001247,38,261.816177483809
"215","CHULA VISTA",754,"Overall, concentrated, and child (0 to 18 years of age) poverty rate","2006-2010",9,"Total","CT","06073000100","0001.00","San Diego","06073",NA,NA,"Overall",3149,103.917,3.3,0.7978723,5.8021277,1.2765957,38.6847195,NA,0.2408759,"no",41661.5034576,1,"Mood Disorders","Hospitalization",2010,21,4,"SOUTH",5,"Very Urban Area",1,"Lowest Income",1,"Supervisorial District 1",482,418.279327281879,409.652124706096,201,361.894816441908,281,470.741963044243,249,1165.62119651718,19,480.890913692736,184,226.224872441139,16,265.604249667995,8,312.256049960968,44,179.665169456921,126,670.46240621508,108,348.657024793388,166,627.338347001247,38,261.816177483809
"216","CHULA VISTA",754,"Overall, concentrated, and child (0 to 18 years of age) poverty rate","2006-2010",9,"Total","CT","06073001300","0013.00","San Diego","06073",NA,NA,"Overall",6890,1419.34,20.6,12.3787234,28.8212766,4.1945289,20.3617907,NA,1.5036496,"no",41661.5034576,13,"Mood Disorders","Hospitalization",2010,21,4,"SOUTH",5,"Very Urban Area",1,"Lowest Income",1,"Supervisorial District 1",482,418.279327281879,409.652124706096,201,361.894816441908,281,470.741963044243,249,1165.62119651718,19,480.890913692736,184,226.224872441139,16,265.604249667995,8,312.256049960968,44,179.665169456921,126,670.46240621508,108,348.657024793388,166,627.338347001247,38,261.816177483809
"217","CHULA VISTA",754,"Overall, concentrated, and child (0 to 18 years of age) poverty rate","2006-2010",9,"Total","CT","06073001200","0012.00","San Diego","06073",NA,NA,"Child",928,333.152,35.9,12.4276596,59.3723404,11.9756839,33.3584509,NA,1.8795812,"no",41661.5034576,12,"Mood Disorders","Hospitalization",2010,21,4,"SOUTH",5,"Very Urban Area",1,"Lowest Income",1,"Supervisorial District 1",482,418.279327281879,409.652124706096,201,361.894816441908,281,470.741963044243,249,1165.62119651718,19,480.890913692736,184,226.224872441139,16,265.604249667995,8,312.256049960968,44,179.665169456921,126,670.46240621508,108,348.657024793388,166,627.338347001247,38,261.816177483809
"218","CHULA VISTA",754,"Overall, concentrated, and child (0 to 18 years of age) poverty rate","2000",9,"Total","CT","06073020709","0207.09","San Diego","06073",NA,NA,"Child",1672,38.456,2.3,NA,NA,NA,NA,NA,0.1210526,"no",41661.5034577,207.09,"Mood Disorders","Hospitalization",2010,21,4,"SOUTH",5,"Very Urban Area",1,"Lowest Income",1,"Supervisorial District 1",482,418.279327281879,409.652124706096,201,361.894816441908,281,470.741963044243,249,1165.62119651718,19,480.890913692736,184,226.224872441139,16,265.604249667995,8,312.256049960968,44,179.665169456921,126,670.46240621508,108,348.657024793388,166,627.338347001247,38,261.816177483809
"219","CHULA VISTA",754,"Overall, concentrated, and child (0 to 18 years of age) poverty rate","2006-2010",9,"Total","CT","06073001400","0014.00","San Diego","06073",NA,NA,"Child",289,39.015,13.5,0,32.4446809,9.6656535,71.5974333,NA,0.7068063,"no",41661.5034576,14,"Mood Disorders","Hospitalization",2010,21,4,"SOUTH",5,"Very Urban Area",1,"Lowest Income",1,"Supervisorial District 1",482,418.279327281879,409.652124706096,201,361.894816441908,281,470.741963044243,249,1165.62119651718,19,480.890913692736,184,226.224872441139,16,265.604249667995,8,312.256049960968,44,179.665169456921,126,670.46240621508,108,348.657024793388,166,627.338347001247,38,261.816177483809
"220","CHULA VISTA",754,"Overall, concentrated, and child (0 to 18 years of age) poverty rate","2000",9,"Total","CT","06073020806","0208.06","San Diego","06073",NA,NA,"Child",1705,332.475,19.5,NA,NA,NA,NA,NA,1.0263158,"no",41661.5034577,208.06,"Mood Disorders","Hospitalization",2010,21,4,"SOUTH",5,"Very Urban Area",1,"Lowest Income",1,"Supervisorial District 1",482,418.279327281879,409.652124706096,201,361.894816441908,281,470.741963044243,249,1165.62119651718,19,480.890913692736,184,226.224872441139,16,265.604249667995,8,312.256049960968,44,179.665169456921,126,670.46240621508,108,348.657024793388,166,627.338347001247,38,261.816177483809
"221","CHULA VISTA",754,"Overall, concentrated, and child (0 to 18 years of age) poverty rate","2006-2010",9,"Total","CT","06073001300","0013.00","San Diego","06073",NA,NA,"Child",1242,366.39,29.5,9.2446809,49.7553191,10.3343465,35.0316831,NA,1.5445026,"no",41661.5034576,13,"Mood Disorders","Hospitalization",2010,21,4,"SOUTH",5,"Very Urban Area",1,"Lowest Income",1,"Supervisorial District 1",482,418.279327281879,409.652124706096,201,361.894816441908,281,470.741963044243,249,1165.62119651718,19,480.890913692736,184,226.224872441139,16,265.604249667995,8,312.256049960968,44,179.665169456921,126,670.46240621508,108,348.657024793388,166,627.338347001247,38,261.816177483809
"222","CHULA VISTA",754,"Overall, concentrated, and child (0 to 18 years of age) poverty rate","2000",9,"Total","CT","06073020705","0207.05","San Diego","06073",NA,NA,"Overall",4285,304.235,7.1,NA,NA,NA,NA,NA,0.5,"no",41661.5034577,207.05,"Mood Disorders","Hospitalization",2010,21,4,"SOUTH",5,"Very Urban Area",1,"Lowest Income",1,"Supervisorial District 1",482,418.279327281879,409.652124706096,201,361.894816441908,281,470.741963044243,249,1165.62119651718,19,480.890913692736,184,226.224872441139,16,265.604249667995,8,312.256049960968,44,179.665169456921,126,670.46240621508,108,348.657024793388,166,627.338347001247,38,261.816177483809
"223","CHULA VISTA",754,"Overall, concentrated, and child (0 to 18 years of age) poverty rate","2006-2010",9,"Total","CT","06073001200","0012.00","San Diego","06073",NA,NA,"Overall",5420,1262.86,23.3,14.1255319,32.4744681,4.6808511,20.0894895,NA,1.7007299,"no",41661.5034576,12,"Mood Disorders","Hospitalization",2010,21,4,"SOUTH",5,"Very Urban Area",1,"Lowest Income",1,"Supervisorial District 1",482,418.279327281879,409.652124706096,201,361.894816441908,281,470.741963044243,249,1165.62119651718,19,480.890913692736,184,226.224872441139,16,265.604249667995,8,312.256049960968,44,179.665169456921,126,670.46240621508,108,348.657024793388,166,627.338347001247,38,261.816177483809
"224","CHULA VISTA",754,"Overall, concentrated, and child (0 to 18 years of age) poverty rate","2000",9,"Total","CT","06073020707","0207.07","San Diego","06073",NA,NA,"Child",1294,318.324,24.6,NA,NA,NA,NA,NA,1.2947368,"no",41661.5034577,207.07,"Mood Disorders","Hospitalization",2010,21,4,"SOUTH",5,"Very Urban Area",1,"Lowest Income",1,"Supervisorial District 1",482,418.279327281879,409.652124706096,201,361.894816441908,281,470.741963044243,249,1165.62119651718,19,480.890913692736,184,226.224872441139,16,265.604249667995,8,312.256049960968,44,179.665169456921,126,670.46240621508,108,348.657024793388,166,627.338347001247,38,261.816177483809
"225","CHULA VISTA",754,"Overall, concentrated, and child (0 to 18 years of age) poverty rate","2000",9,"Total","CT","06073020706","0207.06","San Diego","06073",NA,NA,"Child",1440,97.92,6.8,NA,NA,NA,NA,NA,0.3578947,"no",41661.5034577,207.06,"Mood Disorders","Hospitalization",2010,21,4,"SOUTH",5,"Very Urban Area",1,"Lowest Income",1,"Supervisorial District 1",482,418.279327281879,409.652124706096,201,361.894816441908,281,470.741963044243,249,1165.62119651718,19,480.890913692736,184,226.224872441139,16,265.604249667995,8,312.256049960968,44,179.665169456921,126,670.46240621508,108,348.657024793388,166,627.338347001247,38,261.816177483809
"226","CHULA VISTA",754,"Overall, concentrated, and child (0 to 18 years of age) poverty rate","2006-2010",9,"Total","CT","06073000400","0004.00","San Diego","06073",NA,NA,"Child",58,24.998,43.1,0,98.0276596,28.0243161,65.0216151,NA,2.2565445,"no",41661.5034576,4,"Mood Disorders","Hospitalization",2010,21,4,"SOUTH",5,"Very Urban Area",1,"Lowest Income",1,"Supervisorial District 1",482,418.279327281879,409.652124706096,201,361.894816441908,281,470.741963044243,249,1165.62119651718,19,480.890913692736,184,226.224872441139,16,265.604249667995,8,312.256049960968,44,179.665169456921,126,670.46240621508,108,348.657024793388,166,627.338347001247,38,261.816177483809
"227","CHULA VISTA",754,"Overall, concentrated, and child (0 to 18 years of age) poverty rate","2000",9,"Total","CT","06073020801","0208.01","San Diego","06073",NA,NA,"Overall",4742,317.714,6.7,NA,NA,NA,NA,NA,0.471831,"no",41661.5034577,208.01,"Mood Disorders","Hospitalization",2010,21,4,"SOUTH",5,"Very Urban Area",1,"Lowest Income",1,"Supervisorial District 1",482,418.279327281879,409.652124706096,201,361.894816441908,281,470.741963044243,249,1165.62119651718,19,480.890913692736,184,226.224872441139,16,265.604249667995,8,312.256049960968,44,179.665169456921,126,670.46240621508,108,348.657024793388,166,627.338347001247,38,261.816177483809
"228","CHULA VISTA",754,"Overall, concentrated, and child (0 to 18 years of age) poverty rate","2006-2010",9,"Total","CT","06073000600","0006.00","San Diego","06073",NA,NA,"Child",181,0,0,0,23.4723404,11.9756839,NA,NA,0,"no",41661.5034576,6,"Mood Disorders","Hospitalization",2010,21,4,"SOUTH",5,"Very Urban Area",1,"Lowest Income",1,"Supervisorial District 1",482,418.279327281879,409.652124706096,201,361.894816441908,281,470.741963044243,249,1165.62119651718,19,480.890913692736,184,226.224872441139,16,265.604249667995,8,312.256049960968,44,179.665169456921,126,670.46240621508,108,348.657024793388,166,627.338347001247,38,261.816177483809
"229","CHULA VISTA",754,"Overall, concentrated, and child (0 to 18 years of age) poverty rate","2006-2010",9,"Total","CT","06073000600","0006.00","San Diego","06073",NA,NA,"Overall",2867,346.907,12.1,3.2829787,20.9170213,4.4984802,37.1775227,NA,0.8832117,"no",41661.5034576,6,"Mood Disorders","Hospitalization",2010,21,4,"SOUTH",5,"Very Urban Area",1,"Lowest Income",1,"Supervisorial District 1",482,418.279327281879,409.652124706096,201,361.894816441908,281,470.741963044243,249,1165.62119651718,19,480.890913692736,184,226.224872441139,16,265.604249667995,8,312.256049960968,44,179.665169456921,126,670.46240621508,108,348.657024793388,166,627.338347001247,38,261.816177483809
"230","CHULA VISTA",754,"Overall, concentrated, and child (0 to 18 years of age) poverty rate","2000",9,"Total","CT","06073020904","0209.04","San Diego","06073",NA,NA,"Overall",3193,268.212,8.4,NA,NA,NA,NA,NA,0.5915493,"no",41661.5034577,209.04,"Mood Disorders","Hospitalization",2010,21,4,"SOUTH",5,"Very Urban Area",1,"Lowest Income",1,"Supervisorial District 1",482,418.279327281879,409.652124706096,201,361.894816441908,281,470.741963044243,249,1165.62119651718,19,480.890913692736,184,226.224872441139,16,265.604249667995,8,312.256049960968,44,179.665169456921,126,670.46240621508,108,348.657024793388,166,627.338347001247,38,261.816177483809
"231","CHULA VISTA",754,"Overall, concentrated, and child (0 to 18 years of age) poverty rate","2000",9,"Total","CT","06073020809","0208.09","San Diego","06073",NA,NA,"Overall",6618,721.362,10.9,NA,NA,NA,NA,NA,0.7676056,"no",41661.5034577,208.09,"Mood Disorders","Hospitalization",2010,21,4,"SOUTH",5,"Very Urban Area",1,"Lowest Income",1,"Supervisorial District 1",482,418.279327281879,409.652124706096,201,361.894816441908,281,470.741963044243,249,1165.62119651718,19,480.890913692736,184,226.224872441139,16,265.604249667995,8,312.256049960968,44,179.665169456921,126,670.46240621508,108,348.657024793388,166,627.338347001247,38,261.816177483809
"232","CHULA VISTA",754,"Overall, concentrated, and child (0 to 18 years of age) poverty rate","2006-2010",9,"Total","CT","06073000201","0002.01","San Diego","06073",NA,NA,"Overall",1666,118.286,7.1,1.6191489,12.5808511,2.7963526,39.3852477,NA,0.5182482,"no",41661.5034576,2.01,"Mood Disorders","Hospitalization",2010,21,4,"SOUTH",5,"Very Urban Area",1,"Lowest Income",1,"Supervisorial District 1",482,418.279327281879,409.652124706096,201,361.894816441908,281,470.741963044243,249,1165.62119651718,19,480.890913692736,184,226.224872441139,16,265.604249667995,8,312.256049960968,44,179.665169456921,126,670.46240621508,108,348.657024793388,166,627.338347001247,38,261.816177483809
"233","CHULA VISTA",754,"Overall, concentrated, and child (0 to 18 years of age) poverty rate","2000",9,"Total","CT","06073021000","0210.00","San Diego","06073",NA,NA,"Overall",3203,467.638,14.6,NA,NA,NA,NA,NA,1.028169,"no",41661.5034577,210,"Mood Disorders","Hospitalization",2010,21,4,"SOUTH",5,"Very Urban Area",1,"Lowest Income",1,"Supervisorial District 1",482,418.279327281879,409.652124706096,201,361.894816441908,281,470.741963044243,249,1165.62119651718,19,480.890913692736,184,226.224872441139,16,265.604249667995,8,312.256049960968,44,179.665169456921,126,670.46240621508,108,348.657024793388,166,627.338347001247,38,261.816177483809
"234","CHULA VISTA",754,"Overall, concentrated, and child (0 to 18 years of age) poverty rate","2006-2010",9,"Total","CT","06073001100","0011.00","San Diego","06073",NA,NA,"Overall",2864,655.856,22.9,15.393617,30.406383,3.8297872,16.7239617,NA,1.6715328,"no",41661.5034576,11,"Mood Disorders","Hospitalization",2010,21,4,"SOUTH",5,"Very Urban Area",1,"Lowest Income",1,"Supervisorial District 1",482,418.279327281879,409.652124706096,201,361.894816441908,281,470.741963044243,249,1165.62119651718,19,480.890913692736,184,226.224872441139,16,265.604249667995,8,312.256049960968,44,179.665169456921,126,670.46240621508,108,348.657024793388,166,627.338347001247,38,261.816177483809
"235","CHULA VISTA",754,"Overall, concentrated, and child (0 to 18 years of age) poverty rate","2000",9,"Total","CT","06073020801","0208.01","San Diego","06073",NA,NA,"Child",1277,117.484,9.2,NA,NA,NA,NA,NA,0.4842105,"no",41661.5034577,208.01,"Mood Disorders","Hospitalization",2010,21,4,"SOUTH",5,"Very Urban Area",1,"Lowest Income",1,"Supervisorial District 1",482,418.279327281879,409.652124706096,201,361.894816441908,281,470.741963044243,249,1165.62119651718,19,480.890913692736,184,226.224872441139,16,265.604249667995,8,312.256049960968,44,179.665169456921,126,670.46240621508,108,348.657024793388,166,627.338347001247,38,261.816177483809
"236","CHULA VISTA",754,"Overall, concentrated, and child (0 to 18 years of age) poverty rate","2000",9,"Total","CT","06073020403","0204.03","San Diego","06073",NA,NA,"Child",1094,49.23,4.5,NA,NA,NA,NA,NA,0.2368421,"no",41661.5034577,204.03,"Mood Disorders","Hospitalization",2010,21,4,"SOUTH",5,"Very Urban Area",1,"Lowest Income",1,"Supervisorial District 1",482,418.279327281879,409.652124706096,201,361.894816441908,281,470.741963044243,249,1165.62119651718,19,480.890913692736,184,226.224872441139,16,265.604249667995,8,312.256049960968,44,179.665169456921,126,670.46240621508,108,348.657024793388,166,627.338347001247,38,261.816177483809
"237","CHULA VISTA",754,"Overall, concentrated, and child (0 to 18 years of age) poverty rate","2000",9,"Total","CT","06073020904","0209.04","San Diego","06073",NA,NA,"Child",742,94.976,12.8,NA,NA,NA,NA,NA,0.6736842,"no",41661.5034577,209.04,"Mood Disorders","Hospitalization",2010,21,4,"SOUTH",5,"Very Urban Area",1,"Lowest Income",1,"Supervisorial District 1",482,418.279327281879,409.652124706096,201,361.894816441908,281,470.741963044243,249,1165.62119651718,19,480.890913692736,184,226.224872441139,16,265.604249667995,8,312.256049960968,44,179.665169456921,126,670.46240621508,108,348.657024793388,166,627.338347001247,38,261.816177483809
"238","CHULA VISTA",754,"Overall, concentrated, and child (0 to 18 years of age) poverty rate","2000",9,"Total","CT","06073020902","0209.02","San Diego","06073",NA,NA,"Overall",2192,67.952,3.1,NA,NA,NA,NA,NA,0.2183099,"no",41661.5034577,209.02,"Mood Disorders","Hospitalization",2010,21,4,"SOUTH",5,"Very Urban Area",1,"Lowest Income",1,"Supervisorial District 1",482,418.279327281879,409.652124706096,201,361.894816441908,281,470.741963044243,249,1165.62119651718,19,480.890913692736,184,226.224872441139,16,265.604249667995,8,312.256049960968,44,179.665169456921,126,670.46240621508,108,348.657024793388,166,627.338347001247,38,261.816177483809
"239","CHULA VISTA",754,"Overall, concentrated, and child (0 to 18 years of age) poverty rate","2000",9,"Total","CT","06073020903","0209.03","San Diego","06073",NA,NA,"Overall",3000,423,14.1,NA,NA,NA,NA,NA,0.9929577,"no",41661.5034577,209.03,"Mood Disorders","Hospitalization",2010,21,4,"SOUTH",5,"Very Urban Area",1,"Lowest Income",1,"Supervisorial District 1",482,418.279327281879,409.652124706096,201,361.894816441908,281,470.741963044243,249,1165.62119651718,19,480.890913692736,184,226.224872441139,16,265.604249667995,8,312.256049960968,44,179.665169456921,126,670.46240621508,108,348.657024793388,166,627.338347001247,38,261.816177483809
"240","CHULA VISTA",754,"Overall, concentrated, and child (0 to 18 years of age) poverty rate","2000",9,"Total","CT","06073021100","0211.00","San Diego","06073",NA,NA,"Overall",6485,1322.94,20.4,NA,NA,NA,NA,NA,1.4366197,"no",41661.5034577,211,"Mood Disorders","Hospitalization",2010,21,4,"SOUTH",5,"Very Urban Area",1,"Lowest Income",1,"Supervisorial District 1",482,418.279327281879,409.652124706096,201,361.894816441908,281,470.741963044243,249,1165.62119651718,19,480.890913692736,184,226.224872441139,16,265.604249667995,8,312.256049960968,44,179.665169456921,126,670.46240621508,108,348.657024793388,166,627.338347001247,38,261.816177483809
"241","CHULA VISTA",754,"Overall, concentrated, and child (0 to 18 years of age) poverty rate","2000",9,"Total","CT","06073020807","0208.07","San Diego","06073",NA,NA,"Overall",2439,151.218,6.2,NA,NA,NA,NA,NA,0.4366197,"no",41661.5034577,208.07,"Mood Disorders","Hospitalization",2010,21,4,"SOUTH",5,"Very Urban Area",1,"Lowest Income",1,"Supervisorial District 1",482,418.279327281879,409.652124706096,201,361.894816441908,281,470.741963044243,249,1165.62119651718,19,480.890913692736,184,226.224872441139,16,265.604249667995,8,312.256049960968,44,179.665169456921,126,670.46240621508,108,348.657024793388,166,627.338347001247,38,261.816177483809
"242","CHULA VISTA",754,"Overall, concentrated, and child (0 to 18 years of age) poverty rate","2006-2010",9,"Total","CT","06073000100","0001.00","San Diego","06073",NA,NA,"Child",637,0,0,0,7.2680851,3.7082067,NA,NA,0,"no",41661.5034576,1,"Mood Disorders","Hospitalization",2010,21,4,"SOUTH",5,"Very Urban Area",1,"Lowest Income",1,"Supervisorial District 1",482,418.279327281879,409.652124706096,201,361.894816441908,281,470.741963044243,249,1165.62119651718,19,480.890913692736,184,226.224872441139,16,265.604249667995,8,312.256049960968,44,179.665169456921,126,670.46240621508,108,348.657024793388,166,627.338347001247,38,261.816177483809
"243","CHULA VISTA",754,"Overall, concentrated, and child (0 to 18 years of age) poverty rate","2006-2010",9,"Total","CT","06073001900","0019.00","San Diego","06073",NA,NA,"Overall",2733,221.373,8.1,3.2148936,12.9851064,2.4924012,30.7703854,NA,0.5912409,"no",41661.5034576,19,"Mood Disorders","Hospitalization",2010,21,4,"SOUTH",5,"Very Urban Area",1,"Lowest Income",1,"Supervisorial District 1",482,418.279327281879,409.652124706096,201,361.894816441908,281,470.741963044243,249,1165.62119651718,19,480.890913692736,184,226.224872441139,16,265.604249667995,8,312.256049960968,44,179.665169456921,126,670.46240621508,108,348.657024793388,166,627.338347001247,38,261.816177483809
"244","CHULA VISTA",754,"Overall, concentrated, and child (0 to 18 years of age) poverty rate","2000",9,"Total","CT","06073020500","0205.00","San Diego","06073",NA,NA,"Overall",5162,722.68,14,NA,NA,NA,NA,NA,0.9859155,"no",41661.5034577,205,"Mood Disorders","Hospitalization",2010,21,4,"SOUTH",5,"Very Urban Area",1,"Lowest Income",1,"Supervisorial District 1",482,418.279327281879,409.652124706096,201,361.894816441908,281,470.741963044243,249,1165.62119651718,19,480.890913692736,184,226.224872441139,16,265.604249667995,8,312.256049960968,44,179.665169456921,126,670.46240621508,108,348.657024793388,166,627.338347001247,38,261.816177483809
"245","CHULA VISTA",754,"Overall, concentrated, and child (0 to 18 years of age) poverty rate","2000",9,"Total","CT","06073020706","0207.06","San Diego","06073",NA,NA,"Overall",5706,256.77,4.5,NA,NA,NA,NA,NA,0.3169014,"no",41661.5034577,207.06,"Mood Disorders","Hospitalization",2010,21,4,"SOUTH",5,"Very Urban Area",1,"Lowest Income",1,"Supervisorial District 1",482,418.279327281879,409.652124706096,201,361.894816441908,281,470.741963044243,249,1165.62119651718,19,480.890913692736,184,226.224872441139,16,265.604249667995,8,312.256049960968,44,179.665169456921,126,670.46240621508,108,348.657024793388,166,627.338347001247,38,261.816177483809
"246","CHULA VISTA",754,"Overall, concentrated, and child (0 to 18 years of age) poverty rate","2006-2010",9,"Total","CT","06073000500","0005.00","San Diego","06073",NA,NA,"Child",199,0,0,0,21.5659574,11.0030395,NA,NA,0,"no",41661.5034576,5,"Mood Disorders","Hospitalization",2010,21,4,"SOUTH",5,"Very Urban Area",1,"Lowest Income",1,"Supervisorial District 1",482,418.279327281879,409.652124706096,201,361.894816441908,281,470.741963044243,249,1165.62119651718,19,480.890913692736,184,226.224872441139,16,265.604249667995,8,312.256049960968,44,179.665169456921,126,670.46240621508,108,348.657024793388,166,627.338347001247,38,261.816177483809
"247","CHULA VISTA",754,"Overall, concentrated, and child (0 to 18 years of age) poverty rate","2006-2010",9,"Total","CT","06073000400","0004.00","San Diego","06073",NA,NA,"Overall",3294,424.926,12.9,7.0617021,18.7382979,2.9787234,23.0908791,NA,0.9416058,"no",41661.5034576,4,"Mood Disorders","Hospitalization",2010,21,4,"SOUTH",5,"Very Urban Area",1,"Lowest Income",1,"Supervisorial District 1",482,418.279327281879,409.652124706096,201,361.894816441908,281,470.741963044243,249,1165.62119651718,19,480.890913692736,184,226.224872441139,16,265.604249667995,8,312.256049960968,44,179.665169456921,126,670.46240621508,108,348.657024793388,166,627.338347001247,38,261.816177483809
"248","CHULA VISTA",754,"Overall, concentrated, and child (0 to 18 years of age) poverty rate","2006-2010",9,"Total","CT","06073001100","0011.00","San Diego","06073",NA,NA,"Child",458,233.122,50.9,28.5,73.3,11.4285714,22.4529891,NA,2.6649215,"no",41661.5034576,11,"Mood Disorders","Hospitalization",2010,21,4,"SOUTH",5,"Very Urban Area",1,"Lowest Income",1,"Supervisorial District 1",482,418.279327281879,409.652124706096,201,361.894816441908,281,470.741963044243,249,1165.62119651718,19,480.890913692736,184,226.224872441139,16,265.604249667995,8,312.256049960968,44,179.665169456921,126,670.46240621508,108,348.657024793388,166,627.338347001247,38,261.816177483809
"249","CHULA VISTA",754,"Overall, concentrated, and child (0 to 18 years of age) poverty rate","2006-2010",9,"Total","CT","06073000500","0005.00","San Diego","06073",NA,NA,"Overall",2675,109.675,4.1,1.5978723,6.6021277,1.2765957,31.1364816,NA,0.2992701,"no",41661.5034576,5,"Mood Disorders","Hospitalization",2010,21,4,"SOUTH",5,"Very Urban Area",1,"Lowest Income",1,"Supervisorial District 1",482,418.279327281879,409.652124706096,201,361.894816441908,281,470.741963044243,249,1165.62119651718,19,480.890913692736,184,226.224872441139,16,265.604249667995,8,312.256049960968,44,179.665169456921,126,670.46240621508,108,348.657024793388,166,627.338347001247,38,261.816177483809
"250","CHULA VISTA",754,"Overall, concentrated, and child (0 to 18 years of age) poverty rate","2000",9,"Total","CT","06073020809","0208.09","San Diego","06073",NA,NA,"Child",2013,287.859,14.3,NA,NA,NA,NA,NA,0.7526316,"no",41661.5034577,208.09,"Mood Disorders","Hospitalization",2010,21,4,"SOUTH",5,"Very Urban Area",1,"Lowest Income",1,"Supervisorial District 1",482,418.279327281879,409.652124706096,201,361.894816441908,281,470.741963044243,249,1165.62119651718,19,480.890913692736,184,226.224872441139,16,265.604249667995,8,312.256049960968,44,179.665169456921,126,670.46240621508,108,348.657024793388,166,627.338347001247,38,261.816177483809
"251","CHULA VISTA",754,"Overall, concentrated, and child (0 to 18 years of age) poverty rate","2006-2010",9,"Total","CT","06073000700","0007.00","San Diego","06073",NA,NA,"Overall",3615,314.505,8.7,4.1723404,13.2276596,2.3100304,26.5520735,NA,0.6350365,"no",41661.5034576,7,"Mood Disorders","Hospitalization",2010,21,4,"SOUTH",5,"Very Urban Area",1,"Lowest Income",1,"Supervisorial District 1",482,418.279327281879,409.652124706096,201,361.894816441908,281,470.741963044243,249,1165.62119651718,19,480.890913692736,184,226.224872441139,16,265.604249667995,8,312.256049960968,44,179.665169456921,126,670.46240621508,108,348.657024793388,166,627.338347001247,38,261.816177483809
"252","CHULA VISTA",754,"Overall, concentrated, and child (0 to 18 years of age) poverty rate","2006-2010",9,"Total","CT","06073001000","0010.00","San Diego","06073",NA,NA,"Child",595,170.765,28.7,4.6319149,52.7680851,12.2796353,42.7861856,NA,1.5026178,"no",41661.5034576,10,"Mood Disorders","Hospitalization",2010,21,4,"SOUTH",5,"Very Urban Area",1,"Lowest Income",1,"Supervisorial District 1",482,418.279327281879,409.652124706096,201,361.894816441908,281,470.741963044243,249,1165.62119651718,19,480.890913692736,184,226.224872441139,16,265.604249667995,8,312.256049960968,44,179.665169456921,126,670.46240621508,108,348.657024793388,166,627.338347001247,38,261.816177483809
"253","CHULA VISTA",754,"Overall, concentrated, and child (0 to 18 years of age) poverty rate","2000",9,"Total","CT","06073020806","0208.06","San Diego","06073",NA,NA,"Overall",5409,822.168,15.2,NA,NA,NA,NA,NA,1.0704225,"no",41661.5034577,208.06,"Mood Disorders","Hospitalization",2010,21,4,"SOUTH",5,"Very Urban Area",1,"Lowest Income",1,"Supervisorial District 1",482,418.279327281879,409.652124706096,201,361.894816441908,281,470.741963044243,249,1165.62119651718,19,480.890913692736,184,226.224872441139,16,265.604249667995,8,312.256049960968,44,179.665169456921,126,670.46240621508,108,348.657024793388,166,627.338347001247,38,261.816177483809
"254","CHULA VISTA",754,"Overall, concentrated, and child (0 to 18 years of age) poverty rate","2000",9,"Total","CT","06073020602","0206.02","San Diego","06073",NA,NA,"Overall",5337,715.158,13.4,NA,NA,NA,NA,NA,0.943662,"no",41661.5034577,206.02,"Mood Disorders","Hospitalization",2010,21,4,"SOUTH",5,"Very Urban Area",1,"Lowest Income",1,"Supervisorial District 1",482,418.279327281879,409.652124706096,201,361.894816441908,281,470.741963044243,249,1165.62119651718,19,480.890913692736,184,226.224872441139,16,265.604249667995,8,312.256049960968,44,179.665169456921,126,670.46240621508,108,348.657024793388,166,627.338347001247,38,261.816177483809
"255","CHULA VISTA",754,"Overall, concentrated, and child (0 to 18 years of age) poverty rate","2006-2010",9,"Total","CT","06073001900","0019.00","San Diego","06073",NA,NA,"Child",273,9.009,3.3,0,10.3297872,3.5866261,108.6856406,NA,0.1727749,"no",41661.5034576,19,"Mood Disorders","Hospitalization",2010,21,4,"SOUTH",5,"Very Urban Area",1,"Lowest Income",1,"Supervisorial District 1",482,418.279327281879,409.652124706096,201,361.894816441908,281,470.741963044243,249,1165.62119651718,19,480.890913692736,184,226.224872441139,16,265.604249667995,8,312.256049960968,44,179.665169456921,126,670.46240621508,108,348.657024793388,166,627.338347001247,38,261.816177483809
"256","CHULA VISTA",754,"Overall, concentrated, and child (0 to 18 years of age) poverty rate","2006-2010",9,"Total","CT","06073001800","0018.00","San Diego","06073",NA,NA,"Overall",5365,1094.46,20.4,11.3446809,29.4553191,4.6200608,22.6473568,NA,1.4890511,"no",41661.5034576,18,"Mood Disorders","Hospitalization",2010,21,4,"SOUTH",5,"Very Urban Area",1,"Lowest Income",1,"Supervisorial District 1",482,418.279327281879,409.652124706096,201,361.894816441908,281,470.741963044243,249,1165.62119651718,19,480.890913692736,184,226.224872441139,16,265.604249667995,8,312.256049960968,44,179.665169456921,126,670.46240621508,108,348.657024793388,166,627.338347001247,38,261.816177483809
"257","CHULA VISTA",754,"Overall, concentrated, and child (0 to 18 years of age) poverty rate","2000",9,"Total","CT","06073021302","0213.02","San Diego","06073",NA,NA,"Overall",4412,379.432,8.6,NA,NA,NA,NA,NA,0.6056338,"no",41661.5034577,213.02,"Mood Disorders","Hospitalization",2010,21,4,"SOUTH",5,"Very Urban Area",1,"Lowest Income",1,"Supervisorial District 1",482,418.279327281879,409.652124706096,201,361.894816441908,281,470.741963044243,249,1165.62119651718,19,480.890913692736,184,226.224872441139,16,265.604249667995,8,312.256049960968,44,179.665169456921,126,670.46240621508,108,348.657024793388,166,627.338347001247,38,261.816177483809
"258","CHULA VISTA",754,"Overall, concentrated, and child (0 to 18 years of age) poverty rate","2000",9,"Total","CT","06073020500","0205.00","San Diego","06073",NA,NA,"Child",1681,289.132,17.2,NA,NA,NA,NA,NA,0.9052632,"no",41661.5034577,205,"Mood Disorders","Hospitalization",2010,21,4,"SOUTH",5,"Very Urban Area",1,"Lowest Income",1,"Supervisorial District 1",482,418.279327281879,409.652124706096,201,361.894816441908,281,470.741963044243,249,1165.62119651718,19,480.890913692736,184,226.224872441139,16,265.604249667995,8,312.256049960968,44,179.665169456921,126,670.46240621508,108,348.657024793388,166,627.338347001247,38,261.816177483809
"259","CHULA VISTA",754,"Overall, concentrated, and child (0 to 18 years of age) poverty rate","2000",9,"Total","CT","06073021000","0210.00","San Diego","06073",NA,NA,"Child",602,140.266,23.3,NA,NA,NA,NA,NA,1.2263158,"no",41661.5034577,210,"Mood Disorders","Hospitalization",2010,21,4,"SOUTH",5,"Very Urban Area",1,"Lowest Income",1,"Supervisorial District 1",482,418.279327281879,409.652124706096,201,361.894816441908,281,470.741963044243,249,1165.62119651718,19,480.890913692736,184,226.224872441139,16,265.604249667995,8,312.256049960968,44,179.665169456921,126,670.46240621508,108,348.657024793388,166,627.338347001247,38,261.816177483809
"260","CHULA VISTA",754,"Overall, concentrated, and child (0 to 18 years of age) poverty rate","2000",9,"Total","CT","06073020401","0204.01","San Diego","06073",NA,NA,"Child",526,0,0,NA,NA,NA,NA,NA,0,"no",41661.5034577,204.01,"Mood Disorders","Hospitalization",2010,21,4,"SOUTH",5,"Very Urban Area",1,"Lowest Income",1,"Supervisorial District 1",482,418.279327281879,409.652124706096,201,361.894816441908,281,470.741963044243,249,1165.62119651718,19,480.890913692736,184,226.224872441139,16,265.604249667995,8,312.256049960968,44,179.665169456921,126,670.46240621508,108,348.657024793388,166,627.338347001247,38,261.816177483809
"261","CHULA VISTA",754,"Overall, concentrated, and child (0 to 18 years of age) poverty rate","2000",9,"Total","CT","06073020902","0209.02","San Diego","06073",NA,NA,"Child",552,18.216,3.3,NA,NA,NA,NA,NA,0.1736842,"no",41661.5034577,209.02,"Mood Disorders","Hospitalization",2010,21,4,"SOUTH",5,"Very Urban Area",1,"Lowest Income",1,"Supervisorial District 1",482,418.279327281879,409.652124706096,201,361.894816441908,281,470.741963044243,249,1165.62119651718,19,480.890913692736,184,226.224872441139,16,265.604249667995,8,312.256049960968,44,179.665169456921,126,670.46240621508,108,348.657024793388,166,627.338347001247,38,261.816177483809
"262","CHULA VISTA",754,"Overall, concentrated, and child (0 to 18 years of age) poverty rate","2006-2010",9,"Total","CT","06073000201","0002.01","San Diego","06073",NA,NA,"Child",229,0,0,0,19.0638298,9.7264438,NA,NA,0,"no",41661.5034576,2.01,"Mood Disorders","Hospitalization",2010,21,4,"SOUTH",5,"Very Urban Area",1,"Lowest Income",1,"Supervisorial District 1",482,418.279327281879,409.652124706096,201,361.894816441908,281,470.741963044243,249,1165.62119651718,19,480.890913692736,184,226.224872441139,16,265.604249667995,8,312.256049960968,44,179.665169456921,126,670.46240621508,108,348.657024793388,166,627.338347001247,38,261.816177483809
"263","CHULA VISTA",754,"Overall, concentrated, and child (0 to 18 years of age) poverty rate","2000",9,"Total","CT","06073020602","0206.02","San Diego","06073",NA,NA,"Child",1473,254.829,17.3,NA,NA,NA,NA,NA,0.9105263,"no",41661.5034577,206.02,"Mood Disorders","Hospitalization",2010,21,4,"SOUTH",5,"Very Urban Area",1,"Lowest Income",1,"Supervisorial District 1",482,418.279327281879,409.652124706096,201,361.894816441908,281,470.741963044243,249,1165.62119651718,19,480.890913692736,184,226.224872441139,16,265.604249667995,8,312.256049960968,44,179.665169456921,126,670.46240621508,108,348.657024793388,166,627.338347001247,38,261.816177483809
"264","CHULA VISTA",754,"Overall, concentrated, and child (0 to 18 years of age) poverty rate","2006-2010",9,"Total","CT","06073001400","0014.00","San Diego","06073",NA,NA,"Overall",2602,408.514,15.7,7.9553191,23.4446809,3.9513678,25.1679477,NA,1.1459854,"no",41661.5034576,14,"Mood Disorders","Hospitalization",2010,21,4,"SOUTH",5,"Very Urban Area",1,"Lowest Income",1,"Supervisorial District 1",482,418.279327281879,409.652124706096,201,361.894816441908,281,470.741963044243,249,1165.62119651718,19,480.890913692736,184,226.224872441139,16,265.604249667995,8,312.256049960968,44,179.665169456921,126,670.46240621508,108,348.657024793388,166,627.338347001247,38,261.816177483809
"265","CHULA VISTA",754,"Overall, concentrated, and child (0 to 18 years of age) poverty rate","2000",9,"Total","CT","06073020601","0206.01","San Diego","06073",NA,NA,"Overall",4987,1196.88,24,NA,NA,NA,NA,NA,1.6901408,"no",41661.5034577,206.01,"Mood Disorders","Hospitalization",2010,21,4,"SOUTH",5,"Very Urban Area",1,"Lowest Income",1,"Supervisorial District 1",482,418.279327281879,409.652124706096,201,361.894816441908,281,470.741963044243,249,1165.62119651718,19,480.890913692736,184,226.224872441139,16,265.604249667995,8,312.256049960968,44,179.665169456921,126,670.46240621508,108,348.657024793388,166,627.338347001247,38,261.816177483809
"266","CHULA VISTA",754,"Overall, concentrated, and child (0 to 18 years of age) poverty rate","2000",9,"Total","CT","06073020405","0204.05","San Diego","06073",NA,NA,"Child",677,32.496,4.8,NA,NA,NA,NA,NA,0.2526316,"no",41661.5034577,204.05,"Mood Disorders","Hospitalization",2010,21,4,"SOUTH",5,"Very Urban Area",1,"Lowest Income",1,"Supervisorial District 1",482,418.279327281879,409.652124706096,201,361.894816441908,281,470.741963044243,249,1165.62119651718,19,480.890913692736,184,226.224872441139,16,265.604249667995,8,312.256049960968,44,179.665169456921,126,670.46240621508,108,348.657024793388,166,627.338347001247,38,261.816177483809
"267","CHULA VISTA",754,"Overall, concentrated, and child (0 to 18 years of age) poverty rate","2006-2010",9,"Total","CT","06073001500","0015.00","San Diego","06073",NA,NA,"Overall",3765,530.865,14.1,7.7851064,20.4148936,3.2218845,22.8502447,NA,1.0291971,"no",41661.5034576,15,"Mood Disorders","Hospitalization",2010,21,4,"SOUTH",5,"Very Urban Area",1,"Lowest Income",1,"Supervisorial District 1",482,418.279327281879,409.652124706096,201,361.894816441908,281,470.741963044243,249,1165.62119651718,19,480.890913692736,184,226.224872441139,16,265.604249667995,8,312.256049960968,44,179.665169456921,126,670.46240621508,108,348.657024793388,166,627.338347001247,38,261.816177483809
"268","CHULA VISTA",754,"Overall, concentrated, and child (0 to 18 years of age) poverty rate","2006-2010",9,"Total","CT","06073001800","0018.00","San Diego","06073",NA,NA,"Child",860,364.64,42.4,23.5744681,61.2255319,9.6048632,22.6529793,NA,2.2198953,"no",41661.5034576,18,"Mood Disorders","Hospitalization",2010,21,4,"SOUTH",5,"Very Urban Area",1,"Lowest Income",1,"Supervisorial District 1",482,418.279327281879,409.652124706096,201,361.894816441908,281,470.741963044243,249,1165.62119651718,19,480.890913692736,184,226.224872441139,16,265.604249667995,8,312.256049960968,44,179.665169456921,126,670.46240621508,108,348.657024793388,166,627.338347001247,38,261.816177483809
"269","CHULA VISTA",754,"Overall, concentrated, and child (0 to 18 years of age) poverty rate","2000",9,"Total","CT","06073020903","0209.03","San Diego","06073",NA,NA,"Child",670,131.32,19.6,NA,NA,NA,NA,NA,1.0315789,"no",41661.5034577,209.03,"Mood Disorders","Hospitalization",2010,21,4,"SOUTH",5,"Very Urban Area",1,"Lowest Income",1,"Supervisorial District 1",482,418.279327281879,409.652124706096,201,361.894816441908,281,470.741963044243,249,1165.62119651718,19,480.890913692736,184,226.224872441139,16,265.604249667995,8,312.256049960968,44,179.665169456921,126,670.46240621508,108,348.657024793388,166,627.338347001247,38,261.816177483809
"270","CHULA VISTA",754,"Overall, concentrated, and child (0 to 18 years of age) poverty rate","2000",9,"Total","CT","06073020404","0204.04","San Diego","06073",NA,NA,"Overall",4990,494.01,9.9,NA,NA,NA,NA,NA,0.6971831,"no",41661.5034577,204.04,"Mood Disorders","Hospitalization",2010,21,4,"SOUTH",5,"Very Urban Area",1,"Lowest Income",1,"Supervisorial District 1",482,418.279327281879,409.652124706096,201,361.894816441908,281,470.741963044243,249,1165.62119651718,19,480.890913692736,184,226.224872441139,16,265.604249667995,8,312.256049960968,44,179.665169456921,126,670.46240621508,108,348.657024793388,166,627.338347001247,38,261.816177483809
"271","CHULA VISTA",754,"Overall, concentrated, and child (0 to 18 years of age) poverty rate","2000",9,"Total","CT","06073020705","0207.05","San Diego","06073",NA,NA,"Child",1125,150.75,13.4,NA,NA,NA,NA,NA,0.7052632,"no",41661.5034577,207.05,"Mood Disorders","Hospitalization",2010,21,4,"SOUTH",5,"Very Urban Area",1,"Lowest Income",1,"Supervisorial District 1",482,418.279327281879,409.652124706096,201,361.894816441908,281,470.741963044243,249,1165.62119651718,19,480.890913692736,184,226.224872441139,16,265.604249667995,8,312.256049960968,44,179.665169456921,126,670.46240621508,108,348.657024793388,166,627.338347001247,38,261.816177483809
"272","CHULA VISTA",754,"Overall, concentrated, and child (0 to 18 years of age) poverty rate","2000",9,"Total","CT","06073021204","0212.04","San Diego","06073",NA,NA,"Overall",5010,150.3,3,NA,NA,NA,NA,NA,0.2112676,"no",41661.5034577,212.04,"Mood Disorders","Hospitalization",2010,21,4,"SOUTH",5,"Very Urban Area",1,"Lowest Income",1,"Supervisorial District 1",482,418.279327281879,409.652124706096,201,361.894816441908,281,470.741963044243,249,1165.62119651718,19,480.890913692736,184,226.224872441139,16,265.604249667995,8,312.256049960968,44,179.665169456921,126,670.46240621508,108,348.657024793388,166,627.338347001247,38,261.816177483809
"273","CHULA VISTA",754,"Overall, concentrated, and child (0 to 18 years of age) poverty rate","2000",9,"Total","CT","06073020807","0208.07","San Diego","06073",NA,NA,"Child",613,21.455,3.5,NA,NA,NA,NA,NA,0.1842105,"no",41661.5034577,208.07,"Mood Disorders","Hospitalization",2010,21,4,"SOUTH",5,"Very Urban Area",1,"Lowest Income",1,"Supervisorial District 1",482,418.279327281879,409.652124706096,201,361.894816441908,281,470.741963044243,249,1165.62119651718,19,480.890913692736,184,226.224872441139,16,265.604249667995,8,312.256049960968,44,179.665169456921,126,670.46240621508,108,348.657024793388,166,627.338347001247,38,261.816177483809
"274","CHULA VISTA",754,"Overall, concentrated, and child (0 to 18 years of age) poverty rate","2006-2010",9,"Total","CT","06073001000","0010.00","San Diego","06073",NA,NA,"Overall",5403,869.883,16.1,8.9510638,23.2489362,3.6474164,22.6547603,NA,1.1751825,"no",41661.5034576,10,"Mood Disorders","Hospitalization",2010,21,4,"SOUTH",5,"Very Urban Area",1,"Lowest Income",1,"Supervisorial District 1",482,418.279327281879,409.652124706096,201,361.894816441908,281,470.741963044243,249,1165.62119651718,19,480.890913692736,184,226.224872441139,16,265.604249667995,8,312.256049960968,44,179.665169456921,126,670.46240621508,108,348.657024793388,166,627.338347001247,38,261.816177483809
"275","CHULA VISTA",754,"Overall, concentrated, and child (0 to 18 years of age) poverty rate","2006-2010",9,"Total","CT","06073001500","0015.00","San Diego","06073",NA,NA,"Child",624,111.696,17.9,0,37.4404255,9.9696049,55.6961166,NA,0.9371728,"no",41661.5034576,15,"Mood Disorders","Hospitalization",2010,21,4,"SOUTH",5,"Very Urban Area",1,"Lowest Income",1,"Supervisorial District 1",482,418.279327281879,409.652124706096,201,361.894816441908,281,470.741963044243,249,1165.62119651718,19,480.890913692736,184,226.224872441139,16,265.604249667995,8,312.256049960968,44,179.665169456921,126,670.46240621508,108,348.657024793388,166,627.338347001247,38,261.816177483809
"276","CHULA VISTA",754,"Overall, concentrated, and child (0 to 18 years of age) poverty rate","2000",9,"Total","CT","06073020710","0207.10","San Diego","06073",NA,NA,"Child",396,0,0,NA,NA,NA,NA,NA,0,"no",41661.5034577,207.1,"Mood Disorders","Hospitalization",2010,21,4,"SOUTH",5,"Very Urban Area",1,"Lowest Income",1,"Supervisorial District 1",482,418.279327281879,409.652124706096,201,361.894816441908,281,470.741963044243,249,1165.62119651718,19,480.890913692736,184,226.224872441139,16,265.604249667995,8,312.256049960968,44,179.665169456921,126,670.46240621508,108,348.657024793388,166,627.338347001247,38,261.816177483809
"277","CHULA VISTA",754,"Overall, concentrated, and child (0 to 18 years of age) poverty rate","2000",9,"Total","CT","06073020710","0207.10","San Diego","06073",NA,NA,"Overall",1776,23.088,1.3,NA,NA,NA,NA,NA,0.0915493,"no",41661.5034577,207.1,"Mood Disorders","Hospitalization",2010,21,4,"SOUTH",5,"Very Urban Area",1,"Lowest Income",1,"Supervisorial District 1",482,418.279327281879,409.652124706096,201,361.894816441908,281,470.741963044243,249,1165.62119651718,19,480.890913692736,184,226.224872441139,16,265.604249667995,8,312.256049960968,44,179.665169456921,126,670.46240621508,108,348.657024793388,166,627.338347001247,38,261.816177483809
"278","CHULA VISTA",754,"Overall, concentrated, and child (0 to 18 years of age) poverty rate","2000",9,"Total","CT","06073021204","0212.04","San Diego","06073",NA,NA,"Child",1317,34.242,2.6,NA,NA,NA,NA,NA,0.1368421,"no",41661.5034577,212.04,"Mood Disorders","Hospitalization",2010,21,4,"SOUTH",5,"Very Urban Area",1,"Lowest Income",1,"Supervisorial District 1",482,418.279327281879,409.652124706096,201,361.894816441908,281,470.741963044243,249,1165.62119651718,19,480.890913692736,184,226.224872441139,16,265.604249667995,8,312.256049960968,44,179.665169456921,126,670.46240621508,108,348.657024793388,166,627.338347001247,38,261.816177483809
"279","CHULA VISTA",754,"Overall, concentrated, and child (0 to 18 years of age) poverty rate","2006-2010",9,"Total","CT","06073000700","0007.00","San Diego","06073",NA,NA,"Child",176,11.088,6.3,0,18.5723404,6.2613982,99.3872726,NA,0.3298429,"no",41661.5034576,7,"Mood Disorders","Hospitalization",2010,21,4,"SOUTH",5,"Very Urban Area",1,"Lowest Income",1,"Supervisorial District 1",482,418.279327281879,409.652124706096,201,361.894816441908,281,470.741963044243,249,1165.62119651718,19,480.890913692736,184,226.224872441139,16,265.604249667995,8,312.256049960968,44,179.665169456921,126,670.46240621508,108,348.657024793388,166,627.338347001247,38,261.816177483809
"280","CHULA VISTA",754,"Overall, concentrated, and child (0 to 18 years of age) poverty rate","2000",9,"Total","CT","06073020405","0204.05","San Diego","06073",NA,NA,"Overall",3161,154.889,4.9,NA,NA,NA,NA,NA,0.3450704,"no",41661.5034577,204.05,"Mood Disorders","Hospitalization",2010,21,4,"SOUTH",5,"Very Urban Area",1,"Lowest Income",1,"Supervisorial District 1",482,418.279327281879,409.652124706096,201,361.894816441908,281,470.741963044243,249,1165.62119651718,19,480.890913692736,184,226.224872441139,16,265.604249667995,8,312.256049960968,44,179.665169456921,126,670.46240621508,108,348.657024793388,166,627.338347001247,38,261.816177483809
"281","CHULA VISTA",754,"Overall, concentrated, and child (0 to 18 years of age) poverty rate","2000",9,"Total","CT","06073020709","0207.09","San Diego","06073",NA,NA,"Overall",5813,226.707,3.9,NA,NA,NA,NA,NA,0.2746479,"no",41661.5034577,207.09,"Mood Disorders","Hospitalization",2010,21,4,"SOUTH",5,"Very Urban Area",1,"Lowest Income",1,"Supervisorial District 1",482,418.279327281879,409.652124706096,201,361.894816441908,281,470.741963044243,249,1165.62119651718,19,480.890913692736,184,226.224872441139,16,265.604249667995,8,312.256049960968,44,179.665169456921,126,670.46240621508,108,348.657024793388,166,627.338347001247,38,261.816177483809
"282","CHULA VISTA",754,"Overall, concentrated, and child (0 to 18 years of age) poverty rate","2000",9,"Total","CT","06073020601","0206.01","San Diego","06073",NA,NA,"Child",1724,527.544,30.6,NA,NA,NA,NA,NA,1.6105263,"no",41661.5034577,206.01,"Mood Disorders","Hospitalization",2010,21,4,"SOUTH",5,"Very Urban Area",1,"Lowest Income",1,"Supervisorial District 1",482,418.279327281879,409.652124706096,201,361.894816441908,281,470.741963044243,249,1165.62119651718,19,480.890913692736,184,226.224872441139,16,265.604249667995,8,312.256049960968,44,179.665169456921,126,670.46240621508,108,348.657024793388,166,627.338347001247,38,261.816177483809
"283","CHULA VISTA",754,"Overall, concentrated, and child (0 to 18 years of age) poverty rate","2000",9,"Total","CT","06073021302","0213.02","San Diego","06073",NA,NA,"Child",1118,70.434,6.3,NA,NA,NA,NA,NA,0.3315789,"no",41661.5034577,213.02,"Mood Disorders","Hospitalization",2010,21,4,"SOUTH",5,"Very Urban Area",1,"Lowest Income",1,"Supervisorial District 1",482,418.279327281879,409.652124706096,201,361.894816441908,281,470.741963044243,249,1165.62119651718,19,480.890913692736,184,226.224872441139,16,265.604249667995,8,312.256049960968,44,179.665169456921,126,670.46240621508,108,348.657024793388,166,627.338347001247,38,261.816177483809
"284","CHULA VISTA",754,"Overall, concentrated, and child (0 to 18 years of age) poverty rate","2000",9,"Total","CT","06073021202","0212.02","San Diego","06073",NA,NA,"Overall",3031,421.309,13.9,NA,NA,NA,NA,NA,0.9788732,"no",41661.5034577,212.02,"Mood Disorders","Hospitalization",2010,21,4,"SOUTH",5,"Very Urban Area",1,"Lowest Income",1,"Supervisorial District 1",482,418.279327281879,409.652124706096,201,361.894816441908,281,470.741963044243,249,1165.62119651718,19,480.890913692736,184,226.224872441139,16,265.604249667995,8,312.256049960968,44,179.665169456921,126,670.46240621508,108,348.657024793388,166,627.338347001247,38,261.816177483809
"285","CHULA VISTA",754,"Overall, concentrated, and child (0 to 18 years of age) poverty rate","2000",9,"Total","CT","06073021202","0212.02","San Diego","06073",NA,NA,"Child",644,137.816,21.4,NA,NA,NA,NA,NA,1.1263158,"no",41661.5034577,212.02,"Mood Disorders","Hospitalization",2010,21,4,"SOUTH",5,"Very Urban Area",1,"Lowest Income",1,"Supervisorial District 1",482,418.279327281879,409.652124706096,201,361.894816441908,281,470.741963044243,249,1165.62119651718,19,480.890913692736,184,226.224872441139,16,265.604249667995,8,312.256049960968,44,179.665169456921,126,670.46240621508,108,348.657024793388,166,627.338347001247,38,261.816177483809
"286","COASTAL",754,"Overall, concentrated, and child (0 to 18 years of age) poverty rate","2000",9,"Total","CT","06073012700","0127.00","San Diego","06073",NA,NA,"Overall",4745,972.725,20.5,NA,NA,NA,NA,NA,1.443662,"no",41661.5034577,127,"Mood Disorders","Hospitalization",2010,11,2,"N CENTRAL",3,"Suburban Area",5,"High Income",4,"Supervisorial District 4",204,270.646766169154,270.120834542941,80,205.962617784872,124,339.419155284264,161,264.667685883842,5,686.813186813187,15,186.428038777032,8,242.571255306246,9,364.077669902913,14,182.007280291212,34,305.124293278291,76,274.437583504857,54,328.267477203647,26,209.728160038719
"287","COASTAL",754,"Overall, concentrated, and child (0 to 18 years of age) poverty rate","2000",9,"Total","CT","06073011000","0110.00","San Diego","06073",NA,NA,"Overall",2804,81.316,2.9,NA,NA,NA,NA,NA,0.2042254,"no",41661.5034577,110,"Mood Disorders","Hospitalization",2010,11,2,"N CENTRAL",3,"Suburban Area",5,"High Income",4,"Supervisorial District 4",204,270.646766169154,270.120834542941,80,205.962617784872,124,339.419155284264,161,264.667685883842,5,686.813186813187,15,186.428038777032,8,242.571255306246,9,364.077669902913,14,182.007280291212,34,305.124293278291,76,274.437583504857,54,328.267477203647,26,209.728160038719
"288","COASTAL",754,"Overall, concentrated, and child (0 to 18 years of age) poverty rate","2000",9,"Total","CT","06073011000","0110.00","San Diego","06073",NA,NA,"Child",412,0,0,NA,NA,NA,NA,NA,0,"no",41661.5034577,110,"Mood Disorders","Hospitalization",2010,11,2,"N CENTRAL",3,"Suburban Area",5,"High Income",4,"Supervisorial District 4",204,270.646766169154,270.120834542941,80,205.962617784872,124,339.419155284264,161,264.667685883842,5,686.813186813187,15,186.428038777032,8,242.571255306246,9,364.077669902913,14,182.007280291212,34,305.124293278291,76,274.437583504857,54,328.267477203647,26,209.728160038719
"289","COASTAL",754,"Overall, concentrated, and child (0 to 18 years of age) poverty rate","2000",9,"Total","CT","06073012302","0123.02","San Diego","06073",NA,NA,"Overall",1482,179.322,12.1,NA,NA,NA,NA,NA,0.8521127,"no",41661.5034577,123.02,"Mood Disorders","Hospitalization",2010,11,2,"N CENTRAL",3,"Suburban Area",5,"High Income",4,"Supervisorial District 4",204,270.646766169154,270.120834542941,80,205.962617784872,124,339.419155284264,161,264.667685883842,5,686.813186813187,15,186.428038777032,8,242.571255306246,9,364.077669902913,14,182.007280291212,34,305.124293278291,76,274.437583504857,54,328.267477203647,26,209.728160038719
"290","COASTAL",754,"Overall, concentrated, and child (0 to 18 years of age) poverty rate","2000",9,"Total","CT","06073012303","0123.03","San Diego","06073",NA,NA,"Child",693,0,0,NA,NA,NA,NA,NA,0,"no",41661.5034577,123.03,"Mood Disorders","Hospitalization",2010,11,2,"N CENTRAL",3,"Suburban Area",5,"High Income",4,"Supervisorial District 4",204,270.646766169154,270.120834542941,80,205.962617784872,124,339.419155284264,161,264.667685883842,5,686.813186813187,15,186.428038777032,8,242.571255306246,9,364.077669902913,14,182.007280291212,34,305.124293278291,76,274.437583504857,54,328.267477203647,26,209.728160038719
"291","COASTAL",754,"Overall, concentrated, and child (0 to 18 years of age) poverty rate","2000",9,"Total","CT","06073011601","0116.01","San Diego","06073",NA,NA,"Child",2186,854.726,39.1,NA,NA,NA,NA,NA,2.0578947,"no",41661.5034577,116.01,"Mood Disorders","Hospitalization",2010,11,2,"N CENTRAL",3,"Suburban Area",5,"High Income",4,"Supervisorial District 4",204,270.646766169154,270.120834542941,80,205.962617784872,124,339.419155284264,161,264.667685883842,5,686.813186813187,15,186.428038777032,8,242.571255306246,9,364.077669902913,14,182.007280291212,34,305.124293278291,76,274.437583504857,54,328.267477203647,26,209.728160038719
"292","COASTAL",754,"Overall, concentrated, and child (0 to 18 years of age) poverty rate","2000",9,"Total","CT","06073012402","0124.02","San Diego","06073",NA,NA,"Overall",5165,1089.815,21.1,NA,NA,NA,NA,NA,1.4859155,"no",41661.5034577,124.02,"Mood Disorders","Hospitalization",2010,11,2,"N CENTRAL",3,"Suburban Area",5,"High Income",4,"Supervisorial District 4",204,270.646766169154,270.120834542941,80,205.962617784872,124,339.419155284264,161,264.667685883842,5,686.813186813187,15,186.428038777032,8,242.571255306246,9,364.077669902913,14,182.007280291212,34,305.124293278291,76,274.437583504857,54,328.267477203647,26,209.728160038719
"293","COASTAL",754,"Overall, concentrated, and child (0 to 18 years of age) poverty rate","2000",9,"Total","CT","06073012200","0122.00","San Diego","06073",NA,NA,"Child",909,194.526,21.4,NA,NA,NA,NA,NA,1.1263158,"no",41661.5034577,122,"Mood Disorders","Hospitalization",2010,11,2,"N CENTRAL",3,"Suburban Area",5,"High Income",4,"Supervisorial District 4",204,270.646766169154,270.120834542941,80,205.962617784872,124,339.419155284264,161,264.667685883842,5,686.813186813187,15,186.428038777032,8,242.571255306246,9,364.077669902913,14,182.007280291212,34,305.124293278291,76,274.437583504857,54,328.267477203647,26,209.728160038719
"294","COASTAL",754,"Overall, concentrated, and child (0 to 18 years of age) poverty rate","2000",9,"Total","CT","06073012600","0126.00","San Diego","06073",NA,NA,"Child",1493,152.286,10.2,NA,NA,NA,NA,NA,0.5368421,"no",41661.5034577,126,"Mood Disorders","Hospitalization",2010,11,2,"N CENTRAL",3,"Suburban Area",5,"High Income",4,"Supervisorial District 4",204,270.646766169154,270.120834542941,80,205.962617784872,124,339.419155284264,161,264.667685883842,5,686.813186813187,15,186.428038777032,8,242.571255306246,9,364.077669902913,14,182.007280291212,34,305.124293278291,76,274.437583504857,54,328.267477203647,26,209.728160038719
"295","COASTAL",754,"Overall, concentrated, and child (0 to 18 years of age) poverty rate","2000",9,"Total","CT","06073012102","0121.02","San Diego","06073",NA,NA,"Overall",3237,615.03,19,NA,NA,NA,NA,NA,1.3380282,"no",41661.5034577,121.02,"Mood Disorders","Hospitalization",2010,11,2,"N CENTRAL",3,"Suburban Area",5,"High Income",4,"Supervisorial District 4",204,270.646766169154,270.120834542941,80,205.962617784872,124,339.419155284264,161,264.667685883842,5,686.813186813187,15,186.428038777032,8,242.571255306246,9,364.077669902913,14,182.007280291212,34,305.124293278291,76,274.437583504857,54,328.267477203647,26,209.728160038719
"296","COASTAL",754,"Overall, concentrated, and child (0 to 18 years of age) poverty rate","2000",9,"Total","CT","06073011601","0116.01","San Diego","06073",NA,NA,"Overall",5986,1735.94,29,NA,NA,NA,NA,NA,2.0422535,"no",41661.5034577,116.01,"Mood Disorders","Hospitalization",2010,11,2,"N CENTRAL",3,"Suburban Area",5,"High Income",4,"Supervisorial District 4",204,270.646766169154,270.120834542941,80,205.962617784872,124,339.419155284264,161,264.667685883842,5,686.813186813187,15,186.428038777032,8,242.571255306246,9,364.077669902913,14,182.007280291212,34,305.124293278291,76,274.437583504857,54,328.267477203647,26,209.728160038719
"297","COASTAL",754,"Overall, concentrated, and child (0 to 18 years of age) poverty rate","2000",9,"Total","CT","06073010900","0109.00","San Diego","06073",NA,NA,"Overall",1919,103.626,5.4,NA,NA,NA,NA,NA,0.3802817,"no",41661.5034577,109,"Mood Disorders","Hospitalization",2010,11,2,"N CENTRAL",3,"Suburban Area",5,"High Income",4,"Supervisorial District 4",204,270.646766169154,270.120834542941,80,205.962617784872,124,339.419155284264,161,264.667685883842,5,686.813186813187,15,186.428038777032,8,242.571255306246,9,364.077669902913,14,182.007280291212,34,305.124293278291,76,274.437583504857,54,328.267477203647,26,209.728160038719
"298","COASTAL",754,"Overall, concentrated, and child (0 to 18 years of age) poverty rate","2000",9,"Total","CT","06073010800","0108.00","San Diego","06073",NA,NA,"Overall",2495,142.215,5.7,NA,NA,NA,NA,NA,0.4014085,"no",41661.5034577,108,"Mood Disorders","Hospitalization",2010,11,2,"N CENTRAL",3,"Suburban Area",5,"High Income",4,"Supervisorial District 4",204,270.646766169154,270.120834542941,80,205.962617784872,124,339.419155284264,161,264.667685883842,5,686.813186813187,15,186.428038777032,8,242.571255306246,9,364.077669902913,14,182.007280291212,34,305.124293278291,76,274.437583504857,54,328.267477203647,26,209.728160038719
"299","COASTAL",754,"Overall, concentrated, and child (0 to 18 years of age) poverty rate","2000",9,"Total","CT","06073012302","0123.02","San Diego","06073",NA,NA,"Child",260,15.08,5.8,NA,NA,NA,NA,NA,0.3052632,"no",41661.5034577,123.02,"Mood Disorders","Hospitalization",2010,11,2,"N CENTRAL",3,"Suburban Area",5,"High Income",4,"Supervisorial District 4",204,270.646766169154,270.120834542941,80,205.962617784872,124,339.419155284264,161,264.667685883842,5,686.813186813187,15,186.428038777032,8,242.571255306246,9,364.077669902913,14,182.007280291212,34,305.124293278291,76,274.437583504857,54,328.267477203647,26,209.728160038719
"300","COASTAL",754,"Overall, concentrated, and child (0 to 18 years of age) poverty rate","2000",9,"Total","CT","06073011300","0113.00","San Diego","06073",NA,NA,"Overall",5176,439.96,8.5,NA,NA,NA,NA,NA,0.5985915,"no",41661.5034577,113,"Mood Disorders","Hospitalization",2010,11,2,"N CENTRAL",3,"Suburban Area",5,"High Income",4,"Supervisorial District 4",204,270.646766169154,270.120834542941,80,205.962617784872,124,339.419155284264,161,264.667685883842,5,686.813186813187,15,186.428038777032,8,242.571255306246,9,364.077669902913,14,182.007280291212,34,305.124293278291,76,274.437583504857,54,328.267477203647,26,209.728160038719
"301","COASTAL",754,"Overall, concentrated, and child (0 to 18 years of age) poverty rate","2000",9,"Total","CT","06073012200","0122.00","San Diego","06073",NA,NA,"Overall",2750,420.75,15.3,NA,NA,NA,NA,NA,1.0774648,"no",41661.5034577,122,"Mood Disorders","Hospitalization",2010,11,2,"N CENTRAL",3,"Suburban Area",5,"High Income",4,"Supervisorial District 4",204,270.646766169154,270.120834542941,80,205.962617784872,124,339.419155284264,161,264.667685883842,5,686.813186813187,15,186.428038777032,8,242.571255306246,9,364.077669902913,14,182.007280291212,34,305.124293278291,76,274.437583504857,54,328.267477203647,26,209.728160038719
"302","COASTAL",754,"Overall, concentrated, and child (0 to 18 years of age) poverty rate","2000",9,"Total","CT","06073013308","0133.08","San Diego","06073",NA,NA,"Child",1357,115.345,8.5,NA,NA,NA,NA,NA,0.4473684,"no",41661.5034577,133.08,"Mood Disorders","Hospitalization",2010,11,2,"N CENTRAL",3,"Suburban Area",5,"High Income",4,"Supervisorial District 4",204,270.646766169154,270.120834542941,80,205.962617784872,124,339.419155284264,161,264.667685883842,5,686.813186813187,15,186.428038777032,8,242.571255306246,9,364.077669902913,14,182.007280291212,34,305.124293278291,76,274.437583504857,54,328.267477203647,26,209.728160038719
"303","COASTAL",754,"Overall, concentrated, and child (0 to 18 years of age) poverty rate","2000",9,"Total","CT","06073011100","0111.00","San Diego","06073",NA,NA,"Child",844,13.504,1.6,NA,NA,NA,NA,NA,0.0842105,"no",41661.5034577,111,"Mood Disorders","Hospitalization",2010,11,2,"N CENTRAL",3,"Suburban Area",5,"High Income",4,"Supervisorial District 4",204,270.646766169154,270.120834542941,80,205.962617784872,124,339.419155284264,161,264.667685883842,5,686.813186813187,15,186.428038777032,8,242.571255306246,9,364.077669902913,14,182.007280291212,34,305.124293278291,76,274.437583504857,54,328.267477203647,26,209.728160038719
"304","COASTAL",754,"Overall, concentrated, and child (0 to 18 years of age) poverty rate","2000",9,"Total","CT","06073011700","0117.00","San Diego","06073",NA,NA,"Overall",6144,1628.16,26.5,NA,NA,NA,NA,NA,1.8661972,"no",41661.5034577,117,"Mood Disorders","Hospitalization",2010,11,2,"N CENTRAL",3,"Suburban Area",5,"High Income",4,"Supervisorial District 4",204,270.646766169154,270.120834542941,80,205.962617784872,124,339.419155284264,161,264.667685883842,5,686.813186813187,15,186.428038777032,8,242.571255306246,9,364.077669902913,14,182.007280291212,34,305.124293278291,76,274.437583504857,54,328.267477203647,26,209.728160038719
"305","COASTAL",754,"Overall, concentrated, and child (0 to 18 years of age) poverty rate","2000",9,"Total","CT","06073013307","0133.07","San Diego","06073",NA,NA,"Overall",3912,418.584,10.7,NA,NA,NA,NA,NA,0.7535211,"no",41661.5034577,133.07,"Mood Disorders","Hospitalization",2010,11,2,"N CENTRAL",3,"Suburban Area",5,"High Income",4,"Supervisorial District 4",204,270.646766169154,270.120834542941,80,205.962617784872,124,339.419155284264,161,264.667685883842,5,686.813186813187,15,186.428038777032,8,242.571255306246,9,364.077669902913,14,182.007280291212,34,305.124293278291,76,274.437583504857,54,328.267477203647,26,209.728160038719
"306","COASTAL",754,"Overall, concentrated, and child (0 to 18 years of age) poverty rate","2000",9,"Total","CT","06073012600","0126.00","San Diego","06073",NA,NA,"Overall",5013,531.378,10.6,NA,NA,NA,NA,NA,0.7464789,"no",41661.5034577,126,"Mood Disorders","Hospitalization",2010,11,2,"N CENTRAL",3,"Suburban Area",5,"High Income",4,"Supervisorial District 4",204,270.646766169154,270.120834542941,80,205.962617784872,124,339.419155284264,161,264.667685883842,5,686.813186813187,15,186.428038777032,8,242.571255306246,9,364.077669902913,14,182.007280291212,34,305.124293278291,76,274.437583504857,54,328.267477203647,26,209.728160038719
"307","COASTAL",754,"Overall, concentrated, and child (0 to 18 years of age) poverty rate","2000",9,"Total","CT","06073011801","0118.01","San Diego","06073",NA,NA,"Child",1345,462.68,34.4,NA,NA,NA,NA,NA,1.8105263,"no",41661.5034577,118.01,"Mood Disorders","Hospitalization",2010,11,2,"N CENTRAL",3,"Suburban Area",5,"High Income",4,"Supervisorial District 4",204,270.646766169154,270.120834542941,80,205.962617784872,124,339.419155284264,161,264.667685883842,5,686.813186813187,15,186.428038777032,8,242.571255306246,9,364.077669902913,14,182.007280291212,34,305.124293278291,76,274.437583504857,54,328.267477203647,26,209.728160038719
"308","COASTAL",754,"Overall, concentrated, and child (0 to 18 years of age) poverty rate","2000",9,"Total","CT","06073012800","0128.00","San Diego","06073",NA,NA,"Child",891,75.735,8.5,NA,NA,NA,NA,NA,0.4473684,"no",41661.5034577,128,"Mood Disorders","Hospitalization",2010,11,2,"N CENTRAL",3,"Suburban Area",5,"High Income",4,"Supervisorial District 4",204,270.646766169154,270.120834542941,80,205.962617784872,124,339.419155284264,161,264.667685883842,5,686.813186813187,15,186.428038777032,8,242.571255306246,9,364.077669902913,14,182.007280291212,34,305.124293278291,76,274.437583504857,54,328.267477203647,26,209.728160038719
"309","COASTAL",754,"Overall, concentrated, and child (0 to 18 years of age) poverty rate","2000",9,"Total","CT","06073013102","0131.02","San Diego","06073",NA,NA,"Child",1766,483.884,27.4,NA,NA,NA,NA,NA,1.4421053,"no",41661.5034577,131.02,"Mood Disorders","Hospitalization",2010,11,2,"N CENTRAL",3,"Suburban Area",5,"High Income",4,"Supervisorial District 4",204,270.646766169154,270.120834542941,80,205.962617784872,124,339.419155284264,161,264.667685883842,5,686.813186813187,15,186.428038777032,8,242.571255306246,9,364.077669902913,14,182.007280291212,34,305.124293278291,76,274.437583504857,54,328.267477203647,26,209.728160038719
"310","COASTAL",754,"Overall, concentrated, and child (0 to 18 years of age) poverty rate","2000",9,"Total","CT","06073012700","0127.00","San Diego","06073",NA,NA,"Child",1327,322.461,24.3,NA,NA,NA,NA,NA,1.2789474,"no",41661.5034577,127,"Mood Disorders","Hospitalization",2010,11,2,"N CENTRAL",3,"Suburban Area",5,"High Income",4,"Supervisorial District 4",204,270.646766169154,270.120834542941,80,205.962617784872,124,339.419155284264,161,264.667685883842,5,686.813186813187,15,186.428038777032,8,242.571255306246,9,364.077669902913,14,182.007280291212,34,305.124293278291,76,274.437583504857,54,328.267477203647,26,209.728160038719
"311","COASTAL",754,"Overall, concentrated, and child (0 to 18 years of age) poverty rate","2000",9,"Total","CT","06073010900","0109.00","San Diego","06073",NA,NA,"Child",434,20.398,4.7,NA,NA,NA,NA,NA,0.2473684,"no",41661.5034577,109,"Mood Disorders","Hospitalization",2010,11,2,"N CENTRAL",3,"Suburban Area",5,"High Income",4,"Supervisorial District 4",204,270.646766169154,270.120834542941,80,205.962617784872,124,339.419155284264,161,264.667685883842,5,686.813186813187,15,186.428038777032,8,242.571255306246,9,364.077669902913,14,182.007280291212,34,305.124293278291,76,274.437583504857,54,328.267477203647,26,209.728160038719
"312","COASTAL",754,"Overall, concentrated, and child (0 to 18 years of age) poverty rate","2000",9,"Total","CT","06073011602","0116.02","San Diego","06073",NA,NA,"Overall",3403,1088.96,32,NA,NA,NA,NA,NA,2.2535211,"no",41661.5034577,116.02,"Mood Disorders","Hospitalization",2010,11,2,"N CENTRAL",3,"Suburban Area",5,"High Income",4,"Supervisorial District 4",204,270.646766169154,270.120834542941,80,205.962617784872,124,339.419155284264,161,264.667685883842,5,686.813186813187,15,186.428038777032,8,242.571255306246,9,364.077669902913,14,182.007280291212,34,305.124293278291,76,274.437583504857,54,328.267477203647,26,209.728160038719
"313","COASTAL",754,"Overall, concentrated, and child (0 to 18 years of age) poverty rate","2000",9,"Total","CT","06073012303","0123.03","San Diego","06073",NA,NA,"Overall",3514,182.728,5.2,NA,NA,NA,NA,NA,0.3661972,"no",41661.5034577,123.03,"Mood Disorders","Hospitalization",2010,11,2,"N CENTRAL",3,"Suburban Area",5,"High Income",4,"Supervisorial District 4",204,270.646766169154,270.120834542941,80,205.962617784872,124,339.419155284264,161,264.667685883842,5,686.813186813187,15,186.428038777032,8,242.571255306246,9,364.077669902913,14,182.007280291212,34,305.124293278291,76,274.437583504857,54,328.267477203647,26,209.728160038719
"314","COASTAL",754,"Overall, concentrated, and child (0 to 18 years of age) poverty rate","2000",9,"Total","CT","06073012900","0129.00","San Diego","06073",NA,NA,"Overall",3009,111.333,3.7,NA,NA,NA,NA,NA,0.2605634,"no",41661.5034577,129,"Mood Disorders","Hospitalization",2010,11,2,"N CENTRAL",3,"Suburban Area",5,"High Income",4,"Supervisorial District 4",204,270.646766169154,270.120834542941,80,205.962617784872,124,339.419155284264,161,264.667685883842,5,686.813186813187,15,186.428038777032,8,242.571255306246,9,364.077669902913,14,182.007280291212,34,305.124293278291,76,274.437583504857,54,328.267477203647,26,209.728160038719
"315","COASTAL",754,"Overall, concentrated, and child (0 to 18 years of age) poverty rate","2000",9,"Total","CT","06073013306","0133.06","San Diego","06073",NA,NA,"Overall",4512,721.92,16,NA,NA,NA,NA,NA,1.1267606,"no",41661.5034577,133.06,"Mood Disorders","Hospitalization",2010,11,2,"N CENTRAL",3,"Suburban Area",5,"High Income",4,"Supervisorial District 4",204,270.646766169154,270.120834542941,80,205.962617784872,124,339.419155284264,161,264.667685883842,5,686.813186813187,15,186.428038777032,8,242.571255306246,9,364.077669902913,14,182.007280291212,34,305.124293278291,76,274.437583504857,54,328.267477203647,26,209.728160038719
"316","COASTAL",754,"Overall, concentrated, and child (0 to 18 years of age) poverty rate","2000",9,"Total","CT","06073012900","0129.00","San Diego","06073",NA,NA,"Child",715,22.88,3.2,NA,NA,NA,NA,NA,0.1684211,"no",41661.5034577,129,"Mood Disorders","Hospitalization",2010,11,2,"N CENTRAL",3,"Suburban Area",5,"High Income",4,"Supervisorial District 4",204,270.646766169154,270.120834542941,80,205.962617784872,124,339.419155284264,161,264.667685883842,5,686.813186813187,15,186.428038777032,8,242.571255306246,9,364.077669902913,14,182.007280291212,34,305.124293278291,76,274.437583504857,54,328.267477203647,26,209.728160038719
"317","COASTAL",754,"Overall, concentrated, and child (0 to 18 years of age) poverty rate","2000",9,"Total","CT","06073011602","0116.02","San Diego","06073",NA,NA,"Child",1126,487.558,43.3,NA,NA,NA,NA,NA,2.2789474,"no",41661.5034577,116.02,"Mood Disorders","Hospitalization",2010,11,2,"N CENTRAL",3,"Suburban Area",5,"High Income",4,"Supervisorial District 4",204,270.646766169154,270.120834542941,80,205.962617784872,124,339.419155284264,161,264.667685883842,5,686.813186813187,15,186.428038777032,8,242.571255306246,9,364.077669902913,14,182.007280291212,34,305.124293278291,76,274.437583504857,54,328.267477203647,26,209.728160038719
"318","COASTAL",754,"Overall, concentrated, and child (0 to 18 years of age) poverty rate","2000",9,"Total","CT","06073011700","0117.00","San Diego","06073",NA,NA,"Child",1796,669.908,37.3,NA,NA,NA,NA,NA,1.9631579,"no",41661.5034577,117,"Mood Disorders","Hospitalization",2010,11,2,"N CENTRAL",3,"Suburban Area",5,"High Income",4,"Supervisorial District 4",204,270.646766169154,270.120834542941,80,205.962617784872,124,339.419155284264,161,264.667685883842,5,686.813186813187,15,186.428038777032,8,242.571255306246,9,364.077669902913,14,182.007280291212,34,305.124293278291,76,274.437583504857,54,328.267477203647,26,209.728160038719
"319","COASTAL",754,"Overall, concentrated, and child (0 to 18 years of age) poverty rate","2000",9,"Total","CT","06073013307","0133.07","San Diego","06073",NA,NA,"Child",1142,156.454,13.7,NA,NA,NA,NA,NA,0.7210526,"no",41661.5034577,133.07,"Mood Disorders","Hospitalization",2010,11,2,"N CENTRAL",3,"Suburban Area",5,"High Income",4,"Supervisorial District 4",204,270.646766169154,270.120834542941,80,205.962617784872,124,339.419155284264,161,264.667685883842,5,686.813186813187,15,186.428038777032,8,242.571255306246,9,364.077669902913,14,182.007280291212,34,305.124293278291,76,274.437583504857,54,328.267477203647,26,209.728160038719
"320","COASTAL",754,"Overall, concentrated, and child (0 to 18 years of age) poverty rate","2000",9,"Total","CT","06073013000","0130.00","San Diego","06073",NA,NA,"Child",1173,161.874,13.8,NA,NA,NA,NA,NA,0.7263158,"no",41661.5034577,130,"Mood Disorders","Hospitalization",2010,11,2,"N CENTRAL",3,"Suburban Area",5,"High Income",4,"Supervisorial District 4",204,270.646766169154,270.120834542941,80,205.962617784872,124,339.419155284264,161,264.667685883842,5,686.813186813187,15,186.428038777032,8,242.571255306246,9,364.077669902913,14,182.007280291212,34,305.124293278291,76,274.437583504857,54,328.267477203647,26,209.728160038719
"321","COASTAL",754,"Overall, concentrated, and child (0 to 18 years of age) poverty rate","2000",9,"Total","CT","06073012304","0123.04","San Diego","06073",NA,NA,"Child",733,60.106,8.2,NA,NA,NA,NA,NA,0.4315789,"no",41661.5034577,123.04,"Mood Disorders","Hospitalization",2010,11,2,"N CENTRAL",3,"Suburban Area",5,"High Income",4,"Supervisorial District 4",204,270.646766169154,270.120834542941,80,205.962617784872,124,339.419155284264,161,264.667685883842,5,686.813186813187,15,186.428038777032,8,242.571255306246,9,364.077669902913,14,182.007280291212,34,305.124293278291,76,274.437583504857,54,328.267477203647,26,209.728160038719
"322","COASTAL",754,"Overall, concentrated, and child (0 to 18 years of age) poverty rate","2000",9,"Total","CT","06073012800","0128.00","San Diego","06073",NA,NA,"Overall",3656,347.32,9.5,NA,NA,NA,NA,NA,0.6690141,"no",41661.5034577,128,"Mood Disorders","Hospitalization",2010,11,2,"N CENTRAL",3,"Suburban Area",5,"High Income",4,"Supervisorial District 4",204,270.646766169154,270.120834542941,80,205.962617784872,124,339.419155284264,161,264.667685883842,5,686.813186813187,15,186.428038777032,8,242.571255306246,9,364.077669902913,14,182.007280291212,34,305.124293278291,76,274.437583504857,54,328.267477203647,26,209.728160038719
"323","COASTAL",754,"Overall, concentrated, and child (0 to 18 years of age) poverty rate","2000",9,"Total","CT","06073013000","0130.00","San Diego","06073",NA,NA,"Overall",5235,549.675,10.5,NA,NA,NA,NA,NA,0.7394366,"no",41661.5034577,130,"Mood Disorders","Hospitalization",2010,11,2,"N CENTRAL",3,"Suburban Area",5,"High Income",4,"Supervisorial District 4",204,270.646766169154,270.120834542941,80,205.962617784872,124,339.419155284264,161,264.667685883842,5,686.813186813187,15,186.428038777032,8,242.571255306246,9,364.077669902913,14,182.007280291212,34,305.124293278291,76,274.437583504857,54,328.267477203647,26,209.728160038719
"324","CORONADO",754,"Overall, concentrated, and child (0 to 18 years of age) poverty rate","2000",9,"Total","CT","06073020016","0200.16","San Diego","06073",NA,NA,"Child",2327,53.521,2.3,NA,NA,NA,NA,NA,0.1210526,"no",41661.5034577,200.16,"Mood Disorders","Hospitalization",2010,3,4,"SOUTH",2,"Exurban Area",6,"Highest Income",1,"Supervisorial District 1",37,149.803635774728,165.631416778558,14,96.2596259625963,23,226.489414081733,32,178.611297164546,NA,NA,NA,NA,NA,NA,NA,NA,5,159.744408945687,6,92.6640926640927,14,212.378640776699,11,219.079864568811,NA,NA
"325","CORONADO",754,"Overall, concentrated, and child (0 to 18 years of age) poverty rate","2000",9,"Total","CT","06073020016","0200.16","San Diego","06073",NA,NA,"Overall",7596,250.668,3.3,NA,NA,NA,NA,NA,0.2323944,"no",41661.5034577,200.16,"Mood Disorders","Hospitalization",2010,3,4,"SOUTH",2,"Exurban Area",6,"Highest Income",1,"Supervisorial District 1",37,149.803635774728,165.631416778558,14,96.2596259625963,23,226.489414081733,32,178.611297164546,NA,NA,NA,NA,NA,NA,NA,NA,5,159.744408945687,6,92.6640926640927,14,212.378640776699,11,219.079864568811,NA,NA
"326","CORONADO",754,"Overall, concentrated, and child (0 to 18 years of age) poverty rate","2000",9,"Total","CT","06073020017","0200.17","San Diego","06073",NA,NA,"Child",802,152.38,19,NA,NA,NA,NA,NA,1,"no",41661.5034577,200.17,"Mood Disorders","Hospitalization",2010,3,4,"SOUTH",2,"Exurban Area",6,"Highest Income",1,"Supervisorial District 1",37,149.803635774728,165.631416778558,14,96.2596259625963,23,226.489414081733,32,178.611297164546,NA,NA,NA,NA,NA,NA,NA,NA,5,159.744408945687,6,92.6640926640927,14,212.378640776699,11,219.079864568811,NA,NA
"327","CORONADO",754,"Overall, concentrated, and child (0 to 18 years of age) poverty rate","2000",9,"Total","CT","06073020015","0200.15","San Diego","06073",NA,NA,"Overall",3678,198.612,5.4,NA,NA,NA,NA,NA,0.3802817,"no",41661.5034577,200.15,"Mood Disorders","Hospitalization",2010,3,4,"SOUTH",2,"Exurban Area",6,"Highest Income",1,"Supervisorial District 1",37,149.803635774728,165.631416778558,14,96.2596259625963,23,226.489414081733,32,178.611297164546,NA,NA,NA,NA,NA,NA,NA,NA,5,159.744408945687,6,92.6640926640927,14,212.378640776699,11,219.079864568811,NA,NA
"328","CORONADO",754,"Overall, concentrated, and child (0 to 18 years of age) poverty rate","2000",9,"Total","CT","06073020015","0200.15","San Diego","06073",NA,NA,"Child",667,62.031,9.3,NA,NA,NA,NA,NA,0.4894737,"no",41661.5034577,200.15,"Mood Disorders","Hospitalization",2010,3,4,"SOUTH",2,"Exurban Area",6,"Highest Income",1,"Supervisorial District 1",37,149.803635774728,165.631416778558,14,96.2596259625963,23,226.489414081733,32,178.611297164546,NA,NA,NA,NA,NA,NA,NA,NA,5,159.744408945687,6,92.6640926640927,14,212.378640776699,11,219.079864568811,NA,NA
"329","CORONADO",754,"Overall, concentrated, and child (0 to 18 years of age) poverty rate","2000",9,"Total","CT","06073020020","0200.20","San Diego","06073",NA,NA,"Overall",3711,126.174,3.4,NA,NA,NA,NA,NA,0.2394366,"no",41661.5034577,200.2,"Mood Disorders","Hospitalization",2010,3,4,"SOUTH",2,"Exurban Area",6,"Highest Income",1,"Supervisorial District 1",37,149.803635774728,165.631416778558,14,96.2596259625963,23,226.489414081733,32,178.611297164546,NA,NA,NA,NA,NA,NA,NA,NA,5,159.744408945687,6,92.6640926640927,14,212.378640776699,11,219.079864568811,NA,NA
"330","CORONADO",754,"Overall, concentrated, and child (0 to 18 years of age) poverty rate","2000",9,"Total","CT","06073020018","0200.18","San Diego","06073",NA,NA,"Overall",6703,1219.946,18.2,NA,NA,NA,NA,NA,1.2816901,"no",41661.5034577,200.18,"Mood Disorders","Hospitalization",2010,3,4,"SOUTH",2,"Exurban Area",6,"Highest Income",1,"Supervisorial District 1",37,149.803635774728,165.631416778558,14,96.2596259625963,23,226.489414081733,32,178.611297164546,NA,NA,NA,NA,NA,NA,NA,NA,5,159.744408945687,6,92.6640926640927,14,212.378640776699,11,219.079864568811,NA,NA
"331","CORONADO",754,"Overall, concentrated, and child (0 to 18 years of age) poverty rate","2000",9,"Total","CT","06073020020","0200.20","San Diego","06073",NA,NA,"Child",1176,5.88,0.5,NA,NA,NA,NA,NA,0.0263158,"no",41661.5034577,200.2,"Mood Disorders","Hospitalization",2010,3,4,"SOUTH",2,"Exurban Area",6,"Highest Income",1,"Supervisorial District 1",37,149.803635774728,165.631416778558,14,96.2596259625963,23,226.489414081733,32,178.611297164546,NA,NA,NA,NA,NA,NA,NA,NA,5,159.744408945687,6,92.6640926640927,14,212.378640776699,11,219.079864568811,NA,NA
"332","CORONADO",754,"Overall, concentrated, and child (0 to 18 years of age) poverty rate","2000",9,"Total","CT","06073020014","0200.14","San Diego","06073",NA,NA,"Child",1094,36.102,3.3,NA,NA,NA,NA,NA,0.1736842,"no",41661.5034577,200.14,"Mood Disorders","Hospitalization",2010,3,4,"SOUTH",2,"Exurban Area",6,"Highest Income",1,"Supervisorial District 1",37,149.803635774728,165.631416778558,14,96.2596259625963,23,226.489414081733,32,178.611297164546,NA,NA,NA,NA,NA,NA,NA,NA,5,159.744408945687,6,92.6640926640927,14,212.378640776699,11,219.079864568811,NA,NA
"333","CORONADO",754,"Overall, concentrated, and child (0 to 18 years of age) poverty rate","2006-2010",9,"Total","CT","06073021600","0216.00","San Diego","06073",NA,NA,"Child",471,38.151,8.1,0,18.3468085,5.2279635,64.5427596,NA,0.4240838,"no",41661.5034577,216,"Mood Disorders","Hospitalization",2010,3,4,"SOUTH",2,"Exurban Area",6,"Highest Income",1,"Supervisorial District 1",37,149.803635774728,165.631416778558,14,96.2596259625963,23,226.489414081733,32,178.611297164546,NA,NA,NA,NA,NA,NA,NA,NA,5,159.744408945687,6,92.6640926640927,14,212.378640776699,11,219.079864568811,NA,NA
"334","CORONADO",754,"Overall, concentrated, and child (0 to 18 years of age) poverty rate","2000",9,"Total","CT","06073019905","0199.05","San Diego","06073",NA,NA,"Overall",5140,287.84,5.6,NA,NA,NA,NA,NA,0.3943662,"no",41661.5034577,199.05,"Mood Disorders","Hospitalization",2010,3,4,"SOUTH",2,"Exurban Area",6,"Highest Income",1,"Supervisorial District 1",37,149.803635774728,165.631416778558,14,96.2596259625963,23,226.489414081733,32,178.611297164546,NA,NA,NA,NA,NA,NA,NA,NA,5,159.744408945687,6,92.6640926640927,14,212.378640776699,11,219.079864568811,NA,NA
"335","CORONADO",754,"Overall, concentrated, and child (0 to 18 years of age) poverty rate","2000",9,"Total","CT","06073019902","0199.02","San Diego","06073",NA,NA,"Overall",4577,608.741,13.3,NA,NA,NA,NA,NA,0.9366197,"no",41661.5034577,199.02,"Mood Disorders","Hospitalization",2010,3,4,"SOUTH",2,"Exurban Area",6,"Highest Income",1,"Supervisorial District 1",37,149.803635774728,165.631416778558,14,96.2596259625963,23,226.489414081733,32,178.611297164546,NA,NA,NA,NA,NA,NA,NA,NA,5,159.744408945687,6,92.6640926640927,14,212.378640776699,11,219.079864568811,NA,NA
"336","CORONADO",754,"Overall, concentrated, and child (0 to 18 years of age) poverty rate","2000",9,"Total","CT","06073019904","0199.04","San Diego","06073",NA,NA,"Child",1055,99.17,9.4,NA,NA,NA,NA,NA,0.4947368,"no",41661.5034577,199.04,"Mood Disorders","Hospitalization",2010,3,4,"SOUTH",2,"Exurban Area",6,"Highest Income",1,"Supervisorial District 1",37,149.803635774728,165.631416778558,14,96.2596259625963,23,226.489414081733,32,178.611297164546,NA,NA,NA,NA,NA,NA,NA,NA,5,159.744408945687,6,92.6640926640927,14,212.378640776699,11,219.079864568811,NA,NA
"337","CORONADO",754,"Overall, concentrated, and child (0 to 18 years of age) poverty rate","2006-2010",9,"Total","CT","06073021800","0218.00","San Diego","06073",NA,NA,"Overall",1918,101.654,5.3,0.2957447,10.3042553,2.5531915,48.1734243,NA,0.3868613,"no",41661.5034577,218,"Mood Disorders","Hospitalization",2010,3,4,"SOUTH",2,"Exurban Area",6,"Highest Income",1,"Supervisorial District 1",37,149.803635774728,165.631416778558,14,96.2596259625963,23,226.489414081733,32,178.611297164546,NA,NA,NA,NA,NA,NA,NA,NA,5,159.744408945687,6,92.6640926640927,14,212.378640776699,11,219.079864568811,NA,NA
"338","CORONADO",754,"Overall, concentrated, and child (0 to 18 years of age) poverty rate","2000",9,"Total","CT","06073019903","0199.03","San Diego","06073",NA,NA,"Overall",3535,197.96,5.6,NA,NA,NA,NA,NA,0.3943662,"no",41661.5034577,199.03,"Mood Disorders","Hospitalization",2010,3,4,"SOUTH",2,"Exurban Area",6,"Highest Income",1,"Supervisorial District 1",37,149.803635774728,165.631416778558,14,96.2596259625963,23,226.489414081733,32,178.611297164546,NA,NA,NA,NA,NA,NA,NA,NA,5,159.744408945687,6,92.6640926640927,14,212.378640776699,11,219.079864568811,NA,NA
"339","CORONADO",754,"Overall, concentrated, and child (0 to 18 years of age) poverty rate","2000",9,"Total","CT","06073020018","0200.18","San Diego","06073",NA,NA,"Child",2202,486.642,22.1,NA,NA,NA,NA,NA,1.1631579,"no",41661.5034577,200.18,"Mood Disorders","Hospitalization",2010,3,4,"SOUTH",2,"Exurban Area",6,"Highest Income",1,"Supervisorial District 1",37,149.803635774728,165.631416778558,14,96.2596259625963,23,226.489414081733,32,178.611297164546,NA,NA,NA,NA,NA,NA,NA,NA,5,159.744408945687,6,92.6640926640927,14,212.378640776699,11,219.079864568811,NA,NA
"340","CORONADO",754,"Overall, concentrated, and child (0 to 18 years of age) poverty rate","2000",9,"Total","CT","06073019905","0199.05","San Diego","06073",NA,NA,"Child",1110,37.74,3.4,NA,NA,NA,NA,NA,0.1789474,"no",41661.5034577,199.05,"Mood Disorders","Hospitalization",2010,3,4,"SOUTH",2,"Exurban Area",6,"Highest Income",1,"Supervisorial District 1",37,149.803635774728,165.631416778558,14,96.2596259625963,23,226.489414081733,32,178.611297164546,NA,NA,NA,NA,NA,NA,NA,NA,5,159.744408945687,6,92.6640926640927,14,212.378640776699,11,219.079864568811,NA,NA
"341","CORONADO",754,"Overall, concentrated, and child (0 to 18 years of age) poverty rate","2000",9,"Total","CT","06073020014","0200.14","San Diego","06073",NA,NA,"Overall",5753,322.168,5.6,NA,NA,NA,NA,NA,0.3943662,"no",41661.5034577,200.14,"Mood Disorders","Hospitalization",2010,3,4,"SOUTH",2,"Exurban Area",6,"Highest Income",1,"Supervisorial District 1",37,149.803635774728,165.631416778558,14,96.2596259625963,23,226.489414081733,32,178.611297164546,NA,NA,NA,NA,NA,NA,NA,NA,5,159.744408945687,6,92.6640926640927,14,212.378640776699,11,219.079864568811,NA,NA
"342","CORONADO",754,"Overall, concentrated, and child (0 to 18 years of age) poverty rate","2000",9,"Total","CT","06073020019","0200.19","San Diego","06073",NA,NA,"Child",1070,24.61,2.3,NA,NA,NA,NA,NA,0.1210526,"no",41661.5034577,200.19,"Mood Disorders","Hospitalization",2010,3,4,"SOUTH",2,"Exurban Area",6,"Highest Income",1,"Supervisorial District 1",37,149.803635774728,165.631416778558,14,96.2596259625963,23,226.489414081733,32,178.611297164546,NA,NA,NA,NA,NA,NA,NA,NA,5,159.744408945687,6,92.6640926640927,14,212.378640776699,11,219.079864568811,NA,NA
"343","CORONADO",754,"Overall, concentrated, and child (0 to 18 years of age) poverty rate","2000",9,"Total","CT","06073019903","0199.03","San Diego","06073",NA,NA,"Child",917,54.103,5.9,NA,NA,NA,NA,NA,0.3105263,"no",41661.5034577,199.03,"Mood Disorders","Hospitalization",2010,3,4,"SOUTH",2,"Exurban Area",6,"Highest Income",1,"Supervisorial District 1",37,149.803635774728,165.631416778558,14,96.2596259625963,23,226.489414081733,32,178.611297164546,NA,NA,NA,NA,NA,NA,NA,NA,5,159.744408945687,6,92.6640926640927,14,212.378640776699,11,219.079864568811,NA,NA
"344","CORONADO",754,"Overall, concentrated, and child (0 to 18 years of age) poverty rate","2000",9,"Total","CT","06073020017","0200.17","San Diego","06073",NA,NA,"Overall",3009,550.647,18.3,NA,NA,NA,NA,NA,1.2887324,"no",41661.5034577,200.17,"Mood Disorders","Hospitalization",2010,3,4,"SOUTH",2,"Exurban Area",6,"Highest Income",1,"Supervisorial District 1",37,149.803635774728,165.631416778558,14,96.2596259625963,23,226.489414081733,32,178.611297164546,NA,NA,NA,NA,NA,NA,NA,NA,5,159.744408945687,6,92.6640926640927,14,212.378640776699,11,219.079864568811,NA,NA
"345","CORONADO",754,"Overall, concentrated, and child (0 to 18 years of age) poverty rate","2000",9,"Total","CT","06073019904","0199.04","San Diego","06073",NA,NA,"Overall",4738,317.446,6.7,NA,NA,NA,NA,NA,0.471831,"no",41661.5034577,199.04,"Mood Disorders","Hospitalization",2010,3,4,"SOUTH",2,"Exurban Area",6,"Highest Income",1,"Supervisorial District 1",37,149.803635774728,165.631416778558,14,96.2596259625963,23,226.489414081733,32,178.611297164546,NA,NA,NA,NA,NA,NA,NA,NA,5,159.744408945687,6,92.6640926640927,14,212.378640776699,11,219.079864568811,NA,NA
"346","CORONADO",754,"Overall, concentrated, and child (0 to 18 years of age) poverty rate","2000",9,"Total","CT","06073020013","0200.13","San Diego","06073",NA,NA,"Overall",4586,151.338,3.3,NA,NA,NA,NA,NA,0.2323944,"no",41661.5034577,200.13,"Mood Disorders","Hospitalization",2010,3,4,"SOUTH",2,"Exurban Area",6,"Highest Income",1,"Supervisorial District 1",37,149.803635774728,165.631416778558,14,96.2596259625963,23,226.489414081733,32,178.611297164546,NA,NA,NA,NA,NA,NA,NA,NA,5,159.744408945687,6,92.6640926640927,14,212.378640776699,11,219.079864568811,NA,NA
"347","CORONADO",754,"Overall, concentrated, and child (0 to 18 years of age) poverty rate","2006-2010",9,"Total","CT","06073021800","0218.00","San Diego","06073",NA,NA,"Child",489,45.966,9.4,0,22.387234,6.6261398,70.4908491,NA,0.4921466,"no",41661.5034577,218,"Mood Disorders","Hospitalization",2010,3,4,"SOUTH",2,"Exurban Area",6,"Highest Income",1,"Supervisorial District 1",37,149.803635774728,165.631416778558,14,96.2596259625963,23,226.489414081733,32,178.611297164546,NA,NA,NA,NA,NA,NA,NA,NA,5,159.744408945687,6,92.6640926640927,14,212.378640776699,11,219.079864568811,NA,NA
"348","CORONADO",754,"Overall, concentrated, and child (0 to 18 years of age) poverty rate","2000",9,"Total","CT","06073020013","0200.13","San Diego","06073",NA,NA,"Child",1020,69.36,6.8,NA,NA,NA,NA,NA,0.3578947,"no",41661.5034577,200.13,"Mood Disorders","Hospitalization",2010,3,4,"SOUTH",2,"Exurban Area",6,"Highest Income",1,"Supervisorial District 1",37,149.803635774728,165.631416778558,14,96.2596259625963,23,226.489414081733,32,178.611297164546,NA,NA,NA,NA,NA,NA,NA,NA,5,159.744408945687,6,92.6640926640927,14,212.378640776699,11,219.079864568811,NA,NA
"349","CORONADO",754,"Overall, concentrated, and child (0 to 18 years of age) poverty rate","2000",9,"Total","CT","06073020019","0200.19","San Diego","06073",NA,NA,"Overall",5774,265.604,4.6,NA,NA,NA,NA,NA,0.3239437,"no",41661.5034577,200.19,"Mood Disorders","Hospitalization",2010,3,4,"SOUTH",2,"Exurban Area",6,"Highest Income",1,"Supervisorial District 1",37,149.803635774728,165.631416778558,14,96.2596259625963,23,226.489414081733,32,178.611297164546,NA,NA,NA,NA,NA,NA,NA,NA,5,159.744408945687,6,92.6640926640927,14,212.378640776699,11,219.079864568811,NA,NA
"350","CORONADO",754,"Overall, concentrated, and child (0 to 18 years of age) poverty rate","2006-2010",9,"Total","CT","06073021600","0216.00","San Diego","06073",NA,NA,"Overall",3815,316.645,8.3,1.0319149,15.5680851,3.7082067,44.677189,NA,0.6058394,"no",41661.5034577,216,"Mood Disorders","Hospitalization",2010,3,4,"SOUTH",2,"Exurban Area",6,"Highest Income",1,"Supervisorial District 1",37,149.803635774728,165.631416778558,14,96.2596259625963,23,226.489414081733,32,178.611297164546,NA,NA,NA,NA,NA,NA,NA,NA,5,159.744408945687,6,92.6640926640927,14,212.378640776699,11,219.079864568811,NA,NA
"351","DEL MAR-MIRA MESA",754,"Overall, concentrated, and child (0 to 18 years of age) poverty rate","2000",9,"Total","CT","06073014200","0142.00","San Diego","06073",NA,NA,"Overall",5936,237.44,4,NA,NA,NA,NA,NA,0.2816901,"no",41661.5034577,142,"Mood Disorders","Hospitalization",2010,13,2,"N CENTRAL",3,"Suburban Area",6,"Highest Income",3,"Supervisorial District 3",286,181.507783891502,188.21115620657,111,140.383715489003,175,222.929936305732,214,281.74577052202,15,405.186385737439,16,101.272232419773,26,47.33296923357,10,139.217597104274,33,102.078693392725,78,404.166018964713,87,183.026886018429,65,145.108719917846,23,168.943734391068
"352","DEL MAR-MIRA MESA",754,"Overall, concentrated, and child (0 to 18 years of age) poverty rate","2000",9,"Total","CT","06073014200","0142.00","San Diego","06073",NA,NA,"Child",1655,52.96,3.2,NA,NA,NA,NA,NA,0.1684211,"no",41661.5034577,142,"Mood Disorders","Hospitalization",2010,13,2,"N CENTRAL",3,"Suburban Area",6,"Highest Income",3,"Supervisorial District 3",286,181.507783891502,188.21115620657,111,140.383715489003,175,222.929936305732,214,281.74577052202,15,405.186385737439,16,101.272232419773,26,47.33296923357,10,139.217597104274,33,102.078693392725,78,404.166018964713,87,183.026886018429,65,145.108719917846,23,168.943734391068
"353","DEL MAR-MIRA MESA",754,"Overall, concentrated, and child (0 to 18 years of age) poverty rate","2000",9,"Total","CT","06073015200","0152.00","San Diego","06073",NA,NA,"Child",806,0,0,NA,NA,NA,NA,NA,0,"no",41661.5034577,152,"Mood Disorders","Hospitalization",2010,13,2,"N CENTRAL",3,"Suburban Area",6,"Highest Income",3,"Supervisorial District 3",286,181.507783891502,188.21115620657,111,140.383715489003,175,222.929936305732,214,281.74577052202,15,405.186385737439,16,101.272232419773,26,47.33296923357,10,139.217597104274,33,102.078693392725,78,404.166018964713,87,183.026886018429,65,145.108719917846,23,168.943734391068
"354","DEL MAR-MIRA MESA",754,"Overall, concentrated, and child (0 to 18 years of age) poverty rate","2006-2010",9,"Total","CT","06073013313","0133.13","San Diego","06073",NA,NA,"Overall",7771,217.588,2.8,0.1787234,5.4212766,1.337386,47.7637864,NA,0.2043796,"no",41661.5034577,133.13,"Mood Disorders","Hospitalization",2010,13,2,"N CENTRAL",3,"Suburban Area",6,"Highest Income",3,"Supervisorial District 3",286,181.507783891502,188.21115620657,111,140.383715489003,175,222.929936305732,214,281.74577052202,15,405.186385737439,16,101.272232419773,26,47.33296923357,10,139.217597104274,33,102.078693392725,78,404.166018964713,87,183.026886018429,65,145.108719917846,23,168.943734391068
"355","DEL MAR-MIRA MESA",754,"Overall, concentrated, and child (0 to 18 years of age) poverty rate","2000",9,"Total","CT","06073015302","0153.02","San Diego","06073",NA,NA,"Child",808,47.672,5.9,NA,NA,NA,NA,NA,0.3105263,"no",41661.5034577,153.02,"Mood Disorders","Hospitalization",2010,13,2,"N CENTRAL",3,"Suburban Area",6,"Highest Income",3,"Supervisorial District 3",286,181.507783891502,188.21115620657,111,140.383715489003,175,222.929936305732,214,281.74577052202,15,405.186385737439,16,101.272232419773,26,47.33296923357,10,139.217597104274,33,102.078693392725,78,404.166018964713,87,183.026886018429,65,145.108719917846,23,168.943734391068
"356","DEL MAR-MIRA MESA",754,"Overall, concentrated, and child (0 to 18 years of age) poverty rate","2000",9,"Total","CT","06073014700","0147.00","San Diego","06073",NA,NA,"Child",1563,236.013,15.1,NA,NA,NA,NA,NA,0.7947368,"no",41661.5034577,147,"Mood Disorders","Hospitalization",2010,13,2,"N CENTRAL",3,"Suburban Area",6,"Highest Income",3,"Supervisorial District 3",286,181.507783891502,188.21115620657,111,140.383715489003,175,222.929936305732,214,281.74577052202,15,405.186385737439,16,101.272232419773,26,47.33296923357,10,139.217597104274,33,102.078693392725,78,404.166018964713,87,183.026886018429,65,145.108719917846,23,168.943734391068
"357","DEL MAR-MIRA MESA",754,"Overall, concentrated, and child (0 to 18 years of age) poverty rate","2000",9,"Total","CT","06073014300","0143.00","San Diego","06073",NA,NA,"Child",998,285.428,28.6,NA,NA,NA,NA,NA,1.5052632,"no",41661.5034577,143,"Mood Disorders","Hospitalization",2010,13,2,"N CENTRAL",3,"Suburban Area",6,"Highest Income",3,"Supervisorial District 3",286,181.507783891502,188.21115620657,111,140.383715489003,175,222.929936305732,214,281.74577052202,15,405.186385737439,16,101.272232419773,26,47.33296923357,10,139.217597104274,33,102.078693392725,78,404.166018964713,87,183.026886018429,65,145.108719917846,23,168.943734391068
"358","DEL MAR-MIRA MESA",754,"Overall, concentrated, and child (0 to 18 years of age) poverty rate","2006-2010",9,"Total","CT","06073013314","0133.14","San Diego","06073",NA,NA,"Child",4910,274.96,5.6,0.9531915,10.2468085,2.3708207,42.3360834,NA,0.2931937,"no",41661.5034577,133.14,"Mood Disorders","Hospitalization",2010,13,2,"N CENTRAL",3,"Suburban Area",6,"Highest Income",3,"Supervisorial District 3",286,181.507783891502,188.21115620657,111,140.383715489003,175,222.929936305732,214,281.74577052202,15,405.186385737439,16,101.272232419773,26,47.33296923357,10,139.217597104274,33,102.078693392725,78,404.166018964713,87,183.026886018429,65,145.108719917846,23,168.943734391068
"359","DEL MAR-MIRA MESA",754,"Overall, concentrated, and child (0 to 18 years of age) poverty rate","2000",9,"Total","CT","06073014602","0146.02","San Diego","06073",NA,NA,"Overall",3947,122.357,3.1,NA,NA,NA,NA,NA,0.2183099,"no",41661.5034577,146.02,"Mood Disorders","Hospitalization",2010,13,2,"N CENTRAL",3,"Suburban Area",6,"Highest Income",3,"Supervisorial District 3",286,181.507783891502,188.21115620657,111,140.383715489003,175,222.929936305732,214,281.74577052202,15,405.186385737439,16,101.272232419773,26,47.33296923357,10,139.217597104274,33,102.078693392725,78,404.166018964713,87,183.026886018429,65,145.108719917846,23,168.943734391068
"360","DEL MAR-MIRA MESA",754,"Overall, concentrated, and child (0 to 18 years of age) poverty rate","2000",9,"Total","CT","06073014601","0146.01","San Diego","06073",NA,NA,"Child",1013,152.963,15.1,NA,NA,NA,NA,NA,0.7947368,"no",41661.5034577,146.01,"Mood Disorders","Hospitalization",2010,13,2,"N CENTRAL",3,"Suburban Area",6,"Highest Income",3,"Supervisorial District 3",286,181.507783891502,188.21115620657,111,140.383715489003,175,222.929936305732,214,281.74577052202,15,405.186385737439,16,101.272232419773,26,47.33296923357,10,139.217597104274,33,102.078693392725,78,404.166018964713,87,183.026886018429,65,145.108719917846,23,168.943734391068
"361","DEL MAR-MIRA MESA",754,"Overall, concentrated, and child (0 to 18 years of age) poverty rate","2000",9,"Total","CT","06073015703","0157.03","San Diego","06073",NA,NA,"Child",1804,640.42,35.5,NA,NA,NA,NA,NA,1.8684211,"no",41661.5034577,157.03,"Mood Disorders","Hospitalization",2010,13,2,"N CENTRAL",3,"Suburban Area",6,"Highest Income",3,"Supervisorial District 3",286,181.507783891502,188.21115620657,111,140.383715489003,175,222.929936305732,214,281.74577052202,15,405.186385737439,16,101.272232419773,26,47.33296923357,10,139.217597104274,33,102.078693392725,78,404.166018964713,87,183.026886018429,65,145.108719917846,23,168.943734391068
"362","DEL MAR-MIRA MESA",754,"Overall, concentrated, and child (0 to 18 years of age) poverty rate","2000",9,"Total","CT","06073015200","0152.00","San Diego","06073",NA,NA,"Overall",3769,105.532,2.8,NA,NA,NA,NA,NA,0.1971831,"no",41661.5034577,152,"Mood Disorders","Hospitalization",2010,13,2,"N CENTRAL",3,"Suburban Area",6,"Highest Income",3,"Supervisorial District 3",286,181.507783891502,188.21115620657,111,140.383715489003,175,222.929936305732,214,281.74577052202,15,405.186385737439,16,101.272232419773,26,47.33296923357,10,139.217597104274,33,102.078693392725,78,404.166018964713,87,183.026886018429,65,145.108719917846,23,168.943734391068
"363","DEL MAR-MIRA MESA",754,"Overall, concentrated, and child (0 to 18 years of age) poverty rate","2000",9,"Total","CT","06073014102","0141.02","San Diego","06073",NA,NA,"Overall",3854,458.626,11.9,NA,NA,NA,NA,NA,0.8380282,"no",41661.5034577,141.02,"Mood Disorders","Hospitalization",2010,13,2,"N CENTRAL",3,"Suburban Area",6,"Highest Income",3,"Supervisorial District 3",286,181.507783891502,188.21115620657,111,140.383715489003,175,222.929936305732,214,281.74577052202,15,405.186385737439,16,101.272232419773,26,47.33296923357,10,139.217597104274,33,102.078693392725,78,404.166018964713,87,183.026886018429,65,145.108719917846,23,168.943734391068
"364","DEL MAR-MIRA MESA",754,"Overall, concentrated, and child (0 to 18 years of age) poverty rate","2000",9,"Total","CT","06073015406","0154.06","San Diego","06073",NA,NA,"Child",560,24.08,4.3,NA,NA,NA,NA,NA,0.2263158,"no",41661.5034577,154.06,"Mood Disorders","Hospitalization",2010,13,2,"N CENTRAL",3,"Suburban Area",6,"Highest Income",3,"Supervisorial District 3",286,181.507783891502,188.21115620657,111,140.383715489003,175,222.929936305732,214,281.74577052202,15,405.186385737439,16,101.272232419773,26,47.33296923357,10,139.217597104274,33,102.078693392725,78,404.166018964713,87,183.026886018429,65,145.108719917846,23,168.943734391068
"365","DEL MAR-MIRA MESA",754,"Overall, concentrated, and child (0 to 18 years of age) poverty rate","2000",9,"Total","CT","06073014500","0145.00","San Diego","06073",NA,NA,"Overall",3484,372.788,10.7,NA,NA,NA,NA,NA,0.7535211,"no",41661.5034577,145,"Mood Disorders","Hospitalization",2010,13,2,"N CENTRAL",3,"Suburban Area",6,"Highest Income",3,"Supervisorial District 3",286,181.507783891502,188.21115620657,111,140.383715489003,175,222.929936305732,214,281.74577052202,15,405.186385737439,16,101.272232419773,26,47.33296923357,10,139.217597104274,33,102.078693392725,78,404.166018964713,87,183.026886018429,65,145.108719917846,23,168.943734391068
"366","DEL MAR-MIRA MESA",754,"Overall, concentrated, and child (0 to 18 years of age) poverty rate","2000",9,"Total","CT","06073014601","0146.01","San Diego","06073",NA,NA,"Overall",4478,631.398,14.1,NA,NA,NA,NA,NA,0.9929577,"no",41661.5034577,146.01,"Mood Disorders","Hospitalization",2010,13,2,"N CENTRAL",3,"Suburban Area",6,"Highest Income",3,"Supervisorial District 3",286,181.507783891502,188.21115620657,111,140.383715489003,175,222.929936305732,214,281.74577052202,15,405.186385737439,16,101.272232419773,26,47.33296923357,10,139.217597104274,33,102.078693392725,78,404.166018964713,87,183.026886018429,65,145.108719917846,23,168.943734391068
"367","DEL MAR-MIRA MESA",754,"Overall, concentrated, and child (0 to 18 years of age) poverty rate","2000",9,"Total","CT","06073013411","0134.11","San Diego","06073",NA,NA,"Child",1349,0,0,NA,NA,NA,NA,NA,0,"no",41661.5034577,134.11,"Mood Disorders","Hospitalization",2010,13,2,"N CENTRAL",3,"Suburban Area",6,"Highest Income",3,"Supervisorial District 3",286,181.507783891502,188.21115620657,111,140.383715489003,175,222.929936305732,214,281.74577052202,15,405.186385737439,16,101.272232419773,26,47.33296923357,10,139.217597104274,33,102.078693392725,78,404.166018964713,87,183.026886018429,65,145.108719917846,23,168.943734391068
"368","DEL MAR-MIRA MESA",754,"Overall, concentrated, and child (0 to 18 years of age) poverty rate","2000",9,"Total","CT","06073015100","0151.00","San Diego","06073",NA,NA,"Overall",4600,266.8,5.8,NA,NA,NA,NA,NA,0.4084507,"no",41661.5034577,151,"Mood Disorders","Hospitalization",2010,13,2,"N CENTRAL",3,"Suburban Area",6,"Highest Income",3,"Supervisorial District 3",286,181.507783891502,188.21115620657,111,140.383715489003,175,222.929936305732,214,281.74577052202,15,405.186385737439,16,101.272232419773,26,47.33296923357,10,139.217597104274,33,102.078693392725,78,404.166018964713,87,183.026886018429,65,145.108719917846,23,168.943734391068
"369","DEL MAR-MIRA MESA",754,"Overall, concentrated, and child (0 to 18 years of age) poverty rate","2000",9,"Total","CT","06073015301","0153.01","San Diego","06073",NA,NA,"Overall",3164,474.6,15,NA,NA,NA,NA,NA,1.056338,"no",41661.5034577,153.01,"Mood Disorders","Hospitalization",2010,13,2,"N CENTRAL",3,"Suburban Area",6,"Highest Income",3,"Supervisorial District 3",286,181.507783891502,188.21115620657,111,140.383715489003,175,222.929936305732,214,281.74577052202,15,405.186385737439,16,101.272232419773,26,47.33296923357,10,139.217597104274,33,102.078693392725,78,404.166018964713,87,183.026886018429,65,145.108719917846,23,168.943734391068
"370","DEL MAR-MIRA MESA",754,"Overall, concentrated, and child (0 to 18 years of age) poverty rate","2000",9,"Total","CT","06073013601","0136.01","San Diego","06073",NA,NA,"Child",1253,147.854,11.8,NA,NA,NA,NA,NA,0.6210526,"no",41661.5034577,136.01,"Mood Disorders","Hospitalization",2010,13,2,"N CENTRAL",3,"Suburban Area",6,"Highest Income",3,"Supervisorial District 3",286,181.507783891502,188.21115620657,111,140.383715489003,175,222.929936305732,214,281.74577052202,15,405.186385737439,16,101.272232419773,26,47.33296923357,10,139.217597104274,33,102.078693392725,78,404.166018964713,87,183.026886018429,65,145.108719917846,23,168.943734391068
"371","DEL MAR-MIRA MESA",754,"Overall, concentrated, and child (0 to 18 years of age) poverty rate","2000",9,"Total","CT","06073013409","0134.09","San Diego","06073",NA,NA,"Child",1419,93.654,6.6,NA,NA,NA,NA,NA,0.3473684,"no",41661.5034577,134.09,"Mood Disorders","Hospitalization",2010,13,2,"N CENTRAL",3,"Suburban Area",6,"Highest Income",3,"Supervisorial District 3",286,181.507783891502,188.21115620657,111,140.383715489003,175,222.929936305732,214,281.74577052202,15,405.186385737439,16,101.272232419773,26,47.33296923357,10,139.217597104274,33,102.078693392725,78,404.166018964713,87,183.026886018429,65,145.108719917846,23,168.943734391068
"372","DEL MAR-MIRA MESA",754,"Overall, concentrated, and child (0 to 18 years of age) poverty rate","2000",9,"Total","CT","06073014602","0146.02","San Diego","06073",NA,NA,"Child",850,28.05,3.3,NA,NA,NA,NA,NA,0.1736842,"no",41661.5034577,146.02,"Mood Disorders","Hospitalization",2010,13,2,"N CENTRAL",3,"Suburban Area",6,"Highest Income",3,"Supervisorial District 3",286,181.507783891502,188.21115620657,111,140.383715489003,175,222.929936305732,214,281.74577052202,15,405.186385737439,16,101.272232419773,26,47.33296923357,10,139.217597104274,33,102.078693392725,78,404.166018964713,87,183.026886018429,65,145.108719917846,23,168.943734391068
"373","DEL MAR-MIRA MESA",754,"Overall, concentrated, and child (0 to 18 years of age) poverty rate","2000",9,"Total","CT","06073016100","0161.00","San Diego","06073",NA,NA,"Child",1193,41.755,3.5,NA,NA,NA,NA,NA,0.1842105,"no",41661.5034577,161,"Mood Disorders","Hospitalization",2010,13,2,"N CENTRAL",3,"Suburban Area",6,"Highest Income",3,"Supervisorial District 3",286,181.507783891502,188.21115620657,111,140.383715489003,175,222.929936305732,214,281.74577052202,15,405.186385737439,16,101.272232419773,26,47.33296923357,10,139.217597104274,33,102.078693392725,78,404.166018964713,87,183.026886018429,65,145.108719917846,23,168.943734391068
"374","DEL MAR-MIRA MESA",754,"Overall, concentrated, and child (0 to 18 years of age) poverty rate","2000",9,"Total","CT","06073016000","0160.00","San Diego","06073",NA,NA,"Overall",2507,195.546,7.8,NA,NA,NA,NA,NA,0.5492958,"no",41661.5034577,160,"Mood Disorders","Hospitalization",2010,13,2,"N CENTRAL",3,"Suburban Area",6,"Highest Income",3,"Supervisorial District 3",286,181.507783891502,188.21115620657,111,140.383715489003,175,222.929936305732,214,281.74577052202,15,405.186385737439,16,101.272232419773,26,47.33296923357,10,139.217597104274,33,102.078693392725,78,404.166018964713,87,183.026886018429,65,145.108719917846,23,168.943734391068
"375","DEL MAR-MIRA MESA",754,"Overall, concentrated, and child (0 to 18 years of age) poverty rate","2000",9,"Total","CT","06073015301","0153.01","San Diego","06073",NA,NA,"Child",1027,231.075,22.5,NA,NA,NA,NA,NA,1.1842105,"no",41661.5034577,153.01,"Mood Disorders","Hospitalization",2010,13,2,"N CENTRAL",3,"Suburban Area",6,"Highest Income",3,"Supervisorial District 3",286,181.507783891502,188.21115620657,111,140.383715489003,175,222.929936305732,214,281.74577052202,15,405.186385737439,16,101.272232419773,26,47.33296923357,10,139.217597104274,33,102.078693392725,78,404.166018964713,87,183.026886018429,65,145.108719917846,23,168.943734391068
"376","DEL MAR-MIRA MESA",754,"Overall, concentrated, and child (0 to 18 years of age) poverty rate","2000",9,"Total","CT","06073015701","0157.01","San Diego","06073",NA,NA,"Child",1438,615.464,42.8,NA,NA,NA,NA,NA,2.2526316,"no",41661.5034577,157.01,"Mood Disorders","Hospitalization",2010,13,2,"N CENTRAL",3,"Suburban Area",6,"Highest Income",3,"Supervisorial District 3",286,181.507783891502,188.21115620657,111,140.383715489003,175,222.929936305732,214,281.74577052202,15,405.186385737439,16,101.272232419773,26,47.33296923357,10,139.217597104274,33,102.078693392725,78,404.166018964713,87,183.026886018429,65,145.108719917846,23,168.943734391068
"377","DEL MAR-MIRA MESA",754,"Overall, concentrated, and child (0 to 18 years of age) poverty rate","2000",9,"Total","CT","06073015405","0154.05","San Diego","06073",NA,NA,"Overall",5108,403.532,7.9,NA,NA,NA,NA,NA,0.556338,"no",41661.5034577,154.05,"Mood Disorders","Hospitalization",2010,13,2,"N CENTRAL",3,"Suburban Area",6,"Highest Income",3,"Supervisorial District 3",286,181.507783891502,188.21115620657,111,140.383715489003,175,222.929936305732,214,281.74577052202,15,405.186385737439,16,101.272232419773,26,47.33296923357,10,139.217597104274,33,102.078693392725,78,404.166018964713,87,183.026886018429,65,145.108719917846,23,168.943734391068
"378","DEL MAR-MIRA MESA",754,"Overall, concentrated, and child (0 to 18 years of age) poverty rate","2000",9,"Total","CT","06073013411","0134.11","San Diego","06073",NA,NA,"Overall",5218,73.052,1.4,NA,NA,NA,NA,NA,0.0985915,"no",41661.5034577,134.11,"Mood Disorders","Hospitalization",2010,13,2,"N CENTRAL",3,"Suburban Area",6,"Highest Income",3,"Supervisorial District 3",286,181.507783891502,188.21115620657,111,140.383715489003,175,222.929936305732,214,281.74577052202,15,405.186385737439,16,101.272232419773,26,47.33296923357,10,139.217597104274,33,102.078693392725,78,404.166018964713,87,183.026886018429,65,145.108719917846,23,168.943734391068
"379","DEL MAR-MIRA MESA",754,"Overall, concentrated, and child (0 to 18 years of age) poverty rate","2000",9,"Total","CT","06073013409","0134.09","San Diego","06073",NA,NA,"Overall",5477,279.327,5.1,NA,NA,NA,NA,NA,0.3591549,"no",41661.5034577,134.09,"Mood Disorders","Hospitalization",2010,13,2,"N CENTRAL",3,"Suburban Area",6,"Highest Income",3,"Supervisorial District 3",286,181.507783891502,188.21115620657,111,140.383715489003,175,222.929936305732,214,281.74577052202,15,405.186385737439,16,101.272232419773,26,47.33296923357,10,139.217597104274,33,102.078693392725,78,404.166018964713,87,183.026886018429,65,145.108719917846,23,168.943734391068
"380","DEL MAR-MIRA MESA",754,"Overall, concentrated, and child (0 to 18 years of age) poverty rate","2000",9,"Total","CT","06073013416","0134.16","San Diego","06073",NA,NA,"Child",1156,93.636,8.1,NA,NA,NA,NA,NA,0.4263158,"no",41661.5034577,134.16,"Mood Disorders","Hospitalization",2010,13,2,"N CENTRAL",3,"Suburban Area",6,"Highest Income",3,"Supervisorial District 3",286,181.507783891502,188.21115620657,111,140.383715489003,175,222.929936305732,214,281.74577052202,15,405.186385737439,16,101.272232419773,26,47.33296923357,10,139.217597104274,33,102.078693392725,78,404.166018964713,87,183.026886018429,65,145.108719917846,23,168.943734391068
"381","DEL MAR-MIRA MESA",754,"Overall, concentrated, and child (0 to 18 years of age) poverty rate","2000",9,"Total","CT","06073013412","0134.12","San Diego","06073",NA,NA,"Child",1372,85.064,6.2,NA,NA,NA,NA,NA,0.3263158,"no",41661.5034577,134.12,"Mood Disorders","Hospitalization",2010,13,2,"N CENTRAL",3,"Suburban Area",6,"Highest Income",3,"Supervisorial District 3",286,181.507783891502,188.21115620657,111,140.383715489003,175,222.929936305732,214,281.74577052202,15,405.186385737439,16,101.272232419773,26,47.33296923357,10,139.217597104274,33,102.078693392725,78,404.166018964713,87,183.026886018429,65,145.108719917846,23,168.943734391068
"382","DEL MAR-MIRA MESA",754,"Overall, concentrated, and child (0 to 18 years of age) poverty rate","2000",9,"Total","CT","06073013410","0134.10","San Diego","06073",NA,NA,"Overall",3492,153.648,4.4,NA,NA,NA,NA,NA,0.3098592,"no",41661.5034577,134.1,"Mood Disorders","Hospitalization",2010,13,2,"N CENTRAL",3,"Suburban Area",6,"Highest Income",3,"Supervisorial District 3",286,181.507783891502,188.21115620657,111,140.383715489003,175,222.929936305732,214,281.74577052202,15,405.186385737439,16,101.272232419773,26,47.33296923357,10,139.217597104274,33,102.078693392725,78,404.166018964713,87,183.026886018429,65,145.108719917846,23,168.943734391068
"383","DEL MAR-MIRA MESA",754,"Overall, concentrated, and child (0 to 18 years of age) poverty rate","2000",9,"Total","CT","06073013415","0134.15","San Diego","06073",NA,NA,"Overall",1639,65.56,4,NA,NA,NA,NA,NA,0.2816901,"no",41661.5034577,134.15,"Mood Disorders","Hospitalization",2010,13,2,"N CENTRAL",3,"Suburban Area",6,"Highest Income",3,"Supervisorial District 3",286,181.507783891502,188.21115620657,111,140.383715489003,175,222.929936305732,214,281.74577052202,15,405.186385737439,16,101.272232419773,26,47.33296923357,10,139.217597104274,33,102.078693392725,78,404.166018964713,87,183.026886018429,65,145.108719917846,23,168.943734391068
"384","DEL MAR-MIRA MESA",754,"Overall, concentrated, and child (0 to 18 years of age) poverty rate","2000",9,"Total","CT","06073014803","0148.03","San Diego","06073",NA,NA,"Child",676,77.74,11.5,NA,NA,NA,NA,NA,0.6052632,"no",41661.5034577,148.03,"Mood Disorders","Hospitalization",2010,13,2,"N CENTRAL",3,"Suburban Area",6,"Highest Income",3,"Supervisorial District 3",286,181.507783891502,188.21115620657,111,140.383715489003,175,222.929936305732,214,281.74577052202,15,405.186385737439,16,101.272232419773,26,47.33296923357,10,139.217597104274,33,102.078693392725,78,404.166018964713,87,183.026886018429,65,145.108719917846,23,168.943734391068
"385","DEL MAR-MIRA MESA",754,"Overall, concentrated, and child (0 to 18 years of age) poverty rate","2000",9,"Total","CT","06073015701","0157.01","San Diego","06073",NA,NA,"Overall",5500,1622.5,29.5,NA,NA,NA,NA,NA,2.0774648,"no",41661.5034577,157.01,"Mood Disorders","Hospitalization",2010,13,2,"N CENTRAL",3,"Suburban Area",6,"Highest Income",3,"Supervisorial District 3",286,181.507783891502,188.21115620657,111,140.383715489003,175,222.929936305732,214,281.74577052202,15,405.186385737439,16,101.272232419773,26,47.33296923357,10,139.217597104274,33,102.078693392725,78,404.166018964713,87,183.026886018429,65,145.108719917846,23,168.943734391068
"386","DEL MAR-MIRA MESA",754,"Overall, concentrated, and child (0 to 18 years of age) poverty rate","2000",9,"Total","CT","06073013604","0136.04","San Diego","06073",NA,NA,"Child",1923,136.533,7.1,NA,NA,NA,NA,NA,0.3736842,"no",41661.5034577,136.04,"Mood Disorders","Hospitalization",2010,13,2,"N CENTRAL",3,"Suburban Area",6,"Highest Income",3,"Supervisorial District 3",286,181.507783891502,188.21115620657,111,140.383715489003,175,222.929936305732,214,281.74577052202,15,405.186385737439,16,101.272232419773,26,47.33296923357,10,139.217597104274,33,102.078693392725,78,404.166018964713,87,183.026886018429,65,145.108719917846,23,168.943734391068
"387","DEL MAR-MIRA MESA",754,"Overall, concentrated, and child (0 to 18 years of age) poverty rate","2000",9,"Total","CT","06073015000","0150.00","San Diego","06073",NA,NA,"Overall",5541,443.28,8,NA,NA,NA,NA,NA,0.5633803,"no",41661.5034577,150,"Mood Disorders","Hospitalization",2010,13,2,"N CENTRAL",3,"Suburban Area",6,"Highest Income",3,"Supervisorial District 3",286,181.507783891502,188.21115620657,111,140.383715489003,175,222.929936305732,214,281.74577052202,15,405.186385737439,16,101.272232419773,26,47.33296923357,10,139.217597104274,33,102.078693392725,78,404.166018964713,87,183.026886018429,65,145.108719917846,23,168.943734391068
"388","DEL MAR-MIRA MESA",754,"Overall, concentrated, and child (0 to 18 years of age) poverty rate","2000",9,"Total","CT","06073013410","0134.10","San Diego","06073",NA,NA,"Child",876,57.816,6.6,NA,NA,NA,NA,NA,0.3473684,"no",41661.5034577,134.1,"Mood Disorders","Hospitalization",2010,13,2,"N CENTRAL",3,"Suburban Area",6,"Highest Income",3,"Supervisorial District 3",286,181.507783891502,188.21115620657,111,140.383715489003,175,222.929936305732,214,281.74577052202,15,405.186385737439,16,101.272232419773,26,47.33296923357,10,139.217597104274,33,102.078693392725,78,404.166018964713,87,183.026886018429,65,145.108719917846,23,168.943734391068
"389","DEL MAR-MIRA MESA",754,"Overall, concentrated, and child (0 to 18 years of age) poverty rate","2000",9,"Total","CT","06073015405","0154.05","San Diego","06073",NA,NA,"Child",1379,147.553,10.7,NA,NA,NA,NA,NA,0.5631579,"no",41661.5034577,154.05,"Mood Disorders","Hospitalization",2010,13,2,"N CENTRAL",3,"Suburban Area",6,"Highest Income",3,"Supervisorial District 3",286,181.507783891502,188.21115620657,111,140.383715489003,175,222.929936305732,214,281.74577052202,15,405.186385737439,16,101.272232419773,26,47.33296923357,10,139.217597104274,33,102.078693392725,78,404.166018964713,87,183.026886018429,65,145.108719917846,23,168.943734391068
"390","DEL MAR-MIRA MESA",754,"Overall, concentrated, and child (0 to 18 years of age) poverty rate","2000",9,"Total","CT","06073015100","0151.00","San Diego","06073",NA,NA,"Child",977,53.735,5.5,NA,NA,NA,NA,NA,0.2894737,"no",41661.5034577,151,"Mood Disorders","Hospitalization",2010,13,2,"N CENTRAL",3,"Suburban Area",6,"Highest Income",3,"Supervisorial District 3",286,181.507783891502,188.21115620657,111,140.383715489003,175,222.929936305732,214,281.74577052202,15,405.186385737439,16,101.272232419773,26,47.33296923357,10,139.217597104274,33,102.078693392725,78,404.166018964713,87,183.026886018429,65,145.108719917846,23,168.943734391068
"391","DEL MAR-MIRA MESA",754,"Overall, concentrated, and child (0 to 18 years of age) poverty rate","2000",9,"Total","CT","06073013416","0134.16","San Diego","06073",NA,NA,"Overall",4133,272.778,6.6,NA,NA,NA,NA,NA,0.4647887,"no",41661.5034577,134.16,"Mood Disorders","Hospitalization",2010,13,2,"N CENTRAL",3,"Suburban Area",6,"Highest Income",3,"Supervisorial District 3",286,181.507783891502,188.21115620657,111,140.383715489003,175,222.929936305732,214,281.74577052202,15,405.186385737439,16,101.272232419773,26,47.33296923357,10,139.217597104274,33,102.078693392725,78,404.166018964713,87,183.026886018429,65,145.108719917846,23,168.943734391068
"392","DEL MAR-MIRA MESA",754,"Overall, concentrated, and child (0 to 18 years of age) poverty rate","2000",9,"Total","CT","06073013601","0136.01","San Diego","06073",NA,NA,"Overall",5316,542.232,10.2,NA,NA,NA,NA,NA,0.7183099,"no",41661.5034577,136.01,"Mood Disorders","Hospitalization",2010,13,2,"N CENTRAL",3,"Suburban Area",6,"Highest Income",3,"Supervisorial District 3",286,181.507783891502,188.21115620657,111,140.383715489003,175,222.929936305732,214,281.74577052202,15,405.186385737439,16,101.272232419773,26,47.33296923357,10,139.217597104274,33,102.078693392725,78,404.166018964713,87,183.026886018429,65,145.108719917846,23,168.943734391068
"393","DEL MAR-MIRA MESA",754,"Overall, concentrated, and child (0 to 18 years of age) poverty rate","2000",9,"Total","CT","06073014700","0147.00","San Diego","06073",NA,NA,"Overall",7360,853.76,11.6,NA,NA,NA,NA,NA,0.8169014,"no",41661.5034577,147,"Mood Disorders","Hospitalization",2010,13,2,"N CENTRAL",3,"Suburban Area",6,"Highest Income",3,"Supervisorial District 3",286,181.507783891502,188.21115620657,111,140.383715489003,175,222.929936305732,214,281.74577052202,15,405.186385737439,16,101.272232419773,26,47.33296923357,10,139.217597104274,33,102.078693392725,78,404.166018964713,87,183.026886018429,65,145.108719917846,23,168.943734391068
"394","DEL MAR-MIRA MESA",754,"Overall, concentrated, and child (0 to 18 years of age) poverty rate","2000",9,"Total","CT","06073013401","0134.01","San Diego","06073",NA,NA,"Overall",4058,97.392,2.4,NA,NA,NA,NA,NA,0.1690141,"no",41661.5034577,134.01,"Mood Disorders","Hospitalization",2010,13,2,"N CENTRAL",3,"Suburban Area",6,"Highest Income",3,"Supervisorial District 3",286,181.507783891502,188.21115620657,111,140.383715489003,175,222.929936305732,214,281.74577052202,15,405.186385737439,16,101.272232419773,26,47.33296923357,10,139.217597104274,33,102.078693392725,78,404.166018964713,87,183.026886018429,65,145.108719917846,23,168.943734391068
"395","DEL MAR-MIRA MESA",754,"Overall, concentrated, and child (0 to 18 years of age) poverty rate","2006-2010",9,"Total","CT","06073021500","0215.00","San Diego","06073",NA,NA,"Child",3250,32.5,1,0,2.1914894,0.6079027,60.7902736,NA,0.052356,"no",41661.5034577,215,"Mood Disorders","Hospitalization",2010,13,2,"N CENTRAL",3,"Suburban Area",6,"Highest Income",3,"Supervisorial District 3",286,181.507783891502,188.21115620657,111,140.383715489003,175,222.929936305732,214,281.74577052202,15,405.186385737439,16,101.272232419773,26,47.33296923357,10,139.217597104274,33,102.078693392725,78,404.166018964713,87,183.026886018429,65,145.108719917846,23,168.943734391068
"396","DEL MAR-MIRA MESA",754,"Overall, concentrated, and child (0 to 18 years of age) poverty rate","2006-2010",9,"Total","CT","06073013401","0134.01","San Diego","06073",NA,NA,"Child",891,115.83,13,0.7276596,25.2723404,6.2613982,48.1646014,NA,0.6806283,"no",41661.5034577,134.01,"Mood Disorders","Hospitalization",2010,13,2,"N CENTRAL",3,"Suburban Area",6,"Highest Income",3,"Supervisorial District 3",286,181.507783891502,188.21115620657,111,140.383715489003,175,222.929936305732,214,281.74577052202,15,405.186385737439,16,101.272232419773,26,47.33296923357,10,139.217597104274,33,102.078693392725,78,404.166018964713,87,183.026886018429,65,145.108719917846,23,168.943734391068
"397","DEL MAR-MIRA MESA",754,"Overall, concentrated, and child (0 to 18 years of age) poverty rate","2000",9,"Total","CT","06073015404","0154.04","San Diego","06073",NA,NA,"Overall",7337,961.147,13.1,NA,NA,NA,NA,NA,0.9225352,"no",41661.5034577,154.04,"Mood Disorders","Hospitalization",2010,13,2,"N CENTRAL",3,"Suburban Area",6,"Highest Income",3,"Supervisorial District 3",286,181.507783891502,188.21115620657,111,140.383715489003,175,222.929936305732,214,281.74577052202,15,405.186385737439,16,101.272232419773,26,47.33296923357,10,139.217597104274,33,102.078693392725,78,404.166018964713,87,183.026886018429,65,145.108719917846,23,168.943734391068
"398","DEL MAR-MIRA MESA",754,"Overall, concentrated, and child (0 to 18 years of age) poverty rate","2006-2010",9,"Total","CT","06073021500","0215.00","San Diego","06073",NA,NA,"Overall",8656,173.12,2,0,4.0255319,1.0334347,51.6717325,NA,0.1459854,"no",41661.5034577,215,"Mood Disorders","Hospitalization",2010,13,2,"N CENTRAL",3,"Suburban Area",6,"Highest Income",3,"Supervisorial District 3",286,181.507783891502,188.21115620657,111,140.383715489003,175,222.929936305732,214,281.74577052202,15,405.186385737439,16,101.272232419773,26,47.33296923357,10,139.217597104274,33,102.078693392725,78,404.166018964713,87,183.026886018429,65,145.108719917846,23,168.943734391068
"399","DEL MAR-MIRA MESA",754,"Overall, concentrated, and child (0 to 18 years of age) poverty rate","2000",9,"Total","CT","06073015602","0156.02","San Diego","06073",NA,NA,"Overall",2560,56.32,2.2,NA,NA,NA,NA,NA,0.1549296,"no",41661.5034577,156.02,"Mood Disorders","Hospitalization",2010,13,2,"N CENTRAL",3,"Suburban Area",6,"Highest Income",3,"Supervisorial District 3",286,181.507783891502,188.21115620657,111,140.383715489003,175,222.929936305732,214,281.74577052202,15,405.186385737439,16,101.272232419773,26,47.33296923357,10,139.217597104274,33,102.078693392725,78,404.166018964713,87,183.026886018429,65,145.108719917846,23,168.943734391068
"400","DEL MAR-MIRA MESA",754,"Overall, concentrated, and child (0 to 18 years of age) poverty rate","2006-2010",9,"Total","CT","06073013314","0133.14","San Diego","06073",NA,NA,"Overall",13554,474.39,3.5,0.6404255,6.3595745,1.4589666,41.684759,NA,0.2554745,"no",41661.5034577,133.14,"Mood Disorders","Hospitalization",2010,13,2,"N CENTRAL",3,"Suburban Area",6,"Highest Income",3,"Supervisorial District 3",286,181.507783891502,188.21115620657,111,140.383715489003,175,222.929936305732,214,281.74577052202,15,405.186385737439,16,101.272232419773,26,47.33296923357,10,139.217597104274,33,102.078693392725,78,404.166018964713,87,183.026886018429,65,145.108719917846,23,168.943734391068
"401","DEL MAR-MIRA MESA",754,"Overall, concentrated, and child (0 to 18 years of age) poverty rate","2000",9,"Total","CT","06073013417","0134.17","San Diego","06073",NA,NA,"Child",770,94.71,12.3,NA,NA,NA,NA,NA,0.6473684,"no",41661.5034577,134.17,"Mood Disorders","Hospitalization",2010,13,2,"N CENTRAL",3,"Suburban Area",6,"Highest Income",3,"Supervisorial District 3",286,181.507783891502,188.21115620657,111,140.383715489003,175,222.929936305732,214,281.74577052202,15,405.186385737439,16,101.272232419773,26,47.33296923357,10,139.217597104274,33,102.078693392725,78,404.166018964713,87,183.026886018429,65,145.108719917846,23,168.943734391068
"402","DEL MAR-MIRA MESA",754,"Overall, concentrated, and child (0 to 18 years of age) poverty rate","2000",9,"Total","CT","06073013506","0135.06","San Diego","06073",NA,NA,"Overall",2368,397.824,16.8,NA,NA,NA,NA,NA,1.1830986,"no",41661.5034577,135.06,"Mood Disorders","Hospitalization",2010,13,2,"N CENTRAL",3,"Suburban Area",6,"Highest Income",3,"Supervisorial District 3",286,181.507783891502,188.21115620657,111,140.383715489003,175,222.929936305732,214,281.74577052202,15,405.186385737439,16,101.272232419773,26,47.33296923357,10,139.217597104274,33,102.078693392725,78,404.166018964713,87,183.026886018429,65,145.108719917846,23,168.943734391068
"403","EL CAJON",754,"Overall, concentrated, and child (0 to 18 years of age) poverty rate","2006-2010",9,"Total","CT","06073008349","0083.49","San Diego","06073",NA,NA,"Overall",3375,158.625,4.7,0,9.7042553,2.5531915,54.3232232,NA,0.3430657,"no",41661.5034577,83.49,"Mood Disorders","Hospitalization",2010,34,5,"EAST",4,"Urban Area",2,"Low Income",2,"Supervisorial District 2",438,351.733774472801,339.809313239812,188,308.571053409054,250,393.081761006289,327,443.931577518327,35,500.142897970849,54,162.905756003379,7,157.551204141346,7,111.518241198025,28,109.855618330195,102,518.81993896236,95,287.774142735975,166,523.675825735828,47,320.447262562215
"404","EL CAJON",754,"Overall, concentrated, and child (0 to 18 years of age) poverty rate","2006-2010",9,"Total","CT","06073008352","0083.52","San Diego","06073",NA,NA,"Overall",3777,298.383,7.9,0,16.5978723,4.43769,56.1732908,NA,0.5766423,"no",41661.5034577,83.52,"Mood Disorders","Hospitalization",2010,34,5,"EAST",4,"Urban Area",2,"Low Income",2,"Supervisorial District 2",438,351.733774472801,339.809313239812,188,308.571053409054,250,393.081761006289,327,443.931577518327,35,500.142897970849,54,162.905756003379,7,157.551204141346,7,111.518241198025,28,109.855618330195,102,518.81993896236,95,287.774142735975,166,523.675825735828,47,320.447262562215
"405","EL CAJON",754,"Overall, concentrated, and child (0 to 18 years of age) poverty rate","2006-2010",9,"Total","CT","06073008361","0083.61","San Diego","06073",NA,NA,"Overall",2779,1169.959,42.1,27.5638298,56.6361702,7.4164134,17.6161838,NA,3.0729927,"yes",41661.5034577,83.61,"Mood Disorders","Hospitalization",2010,34,5,"EAST",4,"Urban Area",2,"Low Income",2,"Supervisorial District 2",438,351.733774472801,339.809313239812,188,308.571053409054,250,393.081761006289,327,443.931577518327,35,500.142897970849,54,162.905756003379,7,157.551204141346,7,111.518241198025,28,109.855618330195,102,518.81993896236,95,287.774142735975,166,523.675825735828,47,320.447262562215
"406","EL CAJON",754,"Overall, concentrated, and child (0 to 18 years of age) poverty rate","2006-2010",9,"Total","CT","06073008347","0083.47","San Diego","06073",NA,NA,"Overall",6582,236.952,3.6,0.3829787,6.8170213,1.6413374,45.5927052,NA,0.2627737,"no",41661.5034577,83.47,"Mood Disorders","Hospitalization",2010,34,5,"EAST",4,"Urban Area",2,"Low Income",2,"Supervisorial District 2",438,351.733774472801,339.809313239812,188,308.571053409054,250,393.081761006289,327,443.931577518327,35,500.142897970849,54,162.905756003379,7,157.551204141346,7,111.518241198025,28,109.855618330195,102,518.81993896236,95,287.774142735975,166,523.675825735828,47,320.447262562215
"407","EL CAJON",754,"Overall, concentrated, and child (0 to 18 years of age) poverty rate","2006-2010",9,"Total","CT","06073008347","0083.47","San Diego","06073",NA,NA,"Child",1523,94.426,6.2,0,13.2297872,3.5866261,57.8488087,NA,0.3246073,"no",41661.5034577,83.47,"Mood Disorders","Hospitalization",2010,34,5,"EAST",4,"Urban Area",2,"Low Income",2,"Supervisorial District 2",438,351.733774472801,339.809313239812,188,308.571053409054,250,393.081761006289,327,443.931577518327,35,500.142897970849,54,162.905756003379,7,157.551204141346,7,111.518241198025,28,109.855618330195,102,518.81993896236,95,287.774142735975,166,523.675825735828,47,320.447262562215
"408","EL CAJON",754,"Overall, concentrated, and child (0 to 18 years of age) poverty rate","2006-2010",9,"Total","CT","06073008101","0081.01","San Diego","06073",NA,NA,"Child",521,0,0,0,8.8170213,4.4984802,NA,NA,0,"no",41661.5034576,81.01,"Mood Disorders","Hospitalization",2010,34,5,"EAST",4,"Urban Area",2,"Low Income",2,"Supervisorial District 2",438,351.733774472801,339.809313239812,188,308.571053409054,250,393.081761006289,327,443.931577518327,35,500.142897970849,54,162.905756003379,7,157.551204141346,7,111.518241198025,28,109.855618330195,102,518.81993896236,95,287.774142735975,166,523.675825735828,47,320.447262562215
"409","EL CAJON",754,"Overall, concentrated, and child (0 to 18 years of age) poverty rate","2006-2010",9,"Total","CT","06073008349","0083.49","San Diego","06073",NA,NA,"Child",810,54.27,6.7,0,17.4234043,5.4711246,81.6585764,NA,0.3507853,"no",41661.5034577,83.49,"Mood Disorders","Hospitalization",2010,34,5,"EAST",4,"Urban Area",2,"Low Income",2,"Supervisorial District 2",438,351.733774472801,339.809313239812,188,308.571053409054,250,393.081761006289,327,443.931577518327,35,500.142897970849,54,162.905756003379,7,157.551204141346,7,111.518241198025,28,109.855618330195,102,518.81993896236,95,287.774142735975,166,523.675825735828,47,320.447262562215
"410","EL CAJON",754,"Overall, concentrated, and child (0 to 18 years of age) poverty rate","2006-2010",9,"Total","CT","06073008340","0083.40","San Diego","06073",NA,NA,"Child",1061,114.588,10.8,0,27.8382979,8.6930091,80.4908252,NA,0.565445,"no",41661.5034577,83.4,"Mood Disorders","Hospitalization",2010,34,5,"EAST",4,"Urban Area",2,"Low Income",2,"Supervisorial District 2",438,351.733774472801,339.809313239812,188,308.571053409054,250,393.081761006289,327,443.931577518327,35,500.142897970849,54,162.905756003379,7,157.551204141346,7,111.518241198025,28,109.855618330195,102,518.81993896236,95,287.774142735975,166,523.675825735828,47,320.447262562215
"411","EL CAJON",754,"Overall, concentrated, and child (0 to 18 years of age) poverty rate","2006-2010",9,"Total","CT","06073008200","0082.00","San Diego","06073",NA,NA,"Overall",2776,191.544,6.9,3.5638298,10.2361702,1.7021277,24.6685168,NA,0.5036496,"no",41661.5034576,82,"Mood Disorders","Hospitalization",2010,34,5,"EAST",4,"Urban Area",2,"Low Income",2,"Supervisorial District 2",438,351.733774472801,339.809313239812,188,308.571053409054,250,393.081761006289,327,443.931577518327,35,500.142897970849,54,162.905756003379,7,157.551204141346,7,111.518241198025,28,109.855618330195,102,518.81993896236,95,287.774142735975,166,523.675825735828,47,320.447262562215
"412","EL CAJON",754,"Overall, concentrated, and child (0 to 18 years of age) poverty rate","2006-2010",9,"Total","CT","06073008353","0083.53","San Diego","06073",NA,NA,"Child",1154,57.7,5,0,12.6255319,3.8905775,77.8115502,NA,0.2617801,"no",41661.5034577,83.53,"Mood Disorders","Hospitalization",2010,34,5,"EAST",4,"Urban Area",2,"Low Income",2,"Supervisorial District 2",438,351.733774472801,339.809313239812,188,308.571053409054,250,393.081761006289,327,443.931577518327,35,500.142897970849,54,162.905756003379,7,157.551204141346,7,111.518241198025,28,109.855618330195,102,518.81993896236,95,287.774142735975,166,523.675825735828,47,320.447262562215
"413","EL CAJON",754,"Overall, concentrated, and child (0 to 18 years of age) poverty rate","2006-2010",9,"Total","CT","06073008363","0083.63","San Diego","06073",NA,NA,"Overall",4772,1579.532,33.1,23.4489362,42.7510638,4.9240122,14.8761697,NA,2.4160584,"no",41661.5034577,83.63,"Mood Disorders","Hospitalization",2010,34,5,"EAST",4,"Urban Area",2,"Low Income",2,"Supervisorial District 2",438,351.733774472801,339.809313239812,188,308.571053409054,250,393.081761006289,327,443.931577518327,35,500.142897970849,54,162.905756003379,7,157.551204141346,7,111.518241198025,28,109.855618330195,102,518.81993896236,95,287.774142735975,166,523.675825735828,47,320.447262562215
"414","EL CAJON",754,"Overall, concentrated, and child (0 to 18 years of age) poverty rate","2006-2010",9,"Total","CT","06073008339","0083.39","San Diego","06073",NA,NA,"Overall",1735,494.475,28.5,15.0361702,41.9638298,6.8693009,24.1028102,NA,2.080292,"no",41661.5034577,83.39,"Mood Disorders","Hospitalization",2010,34,5,"EAST",4,"Urban Area",2,"Low Income",2,"Supervisorial District 2",438,351.733774472801,339.809313239812,188,308.571053409054,250,393.081761006289,327,443.931577518327,35,500.142897970849,54,162.905756003379,7,157.551204141346,7,111.518241198025,28,109.855618330195,102,518.81993896236,95,287.774142735975,166,523.675825735828,47,320.447262562215
"415","EL CAJON",754,"Overall, concentrated, and child (0 to 18 years of age) poverty rate","2006-2010",9,"Total","CT","06073008301","0083.01","San Diego","06073",NA,NA,"Child",460,38.18,8.3,0,24.1468085,8.0851064,97.4109203,NA,0.434555,"no",41661.5034576,83.01,"Mood Disorders","Hospitalization",2010,34,5,"EAST",4,"Urban Area",2,"Low Income",2,"Supervisorial District 2",438,351.733774472801,339.809313239812,188,308.571053409054,250,393.081761006289,327,443.931577518327,35,500.142897970849,54,162.905756003379,7,157.551204141346,7,111.518241198025,28,109.855618330195,102,518.81993896236,95,287.774142735975,166,523.675825735828,47,320.447262562215
"416","EL CAJON",754,"Overall, concentrated, and child (0 to 18 years of age) poverty rate","2006-2010",9,"Total","CT","06073008358","0083.58","San Diego","06073",NA,NA,"Child",1344,107.52,8,0,18.3659574,5.2887538,66.1094225,NA,0.4188482,"no",41661.5034577,83.58,"Mood Disorders","Hospitalization",2010,34,5,"EAST",4,"Urban Area",2,"Low Income",2,"Supervisorial District 2",438,351.733774472801,339.809313239812,188,308.571053409054,250,393.081761006289,327,443.931577518327,35,500.142897970849,54,162.905756003379,7,157.551204141346,7,111.518241198025,28,109.855618330195,102,518.81993896236,95,287.774142735975,166,523.675825735828,47,320.447262562215
"417","EL CAJON",754,"Overall, concentrated, and child (0 to 18 years of age) poverty rate","2006-2010",9,"Total","CT","06073008364","0083.64","San Diego","06073",NA,NA,"Child",541,108.2,20,0,44.306383,12.4012158,62.006079,NA,1.0471204,"no",41661.5034577,83.64,"Mood Disorders","Hospitalization",2010,34,5,"EAST",4,"Urban Area",2,"Low Income",2,"Supervisorial District 2",438,351.733774472801,339.809313239812,188,308.571053409054,250,393.081761006289,327,443.931577518327,35,500.142897970849,54,162.905756003379,7,157.551204141346,7,111.518241198025,28,109.855618330195,102,518.81993896236,95,287.774142735975,166,523.675825735828,47,320.447262562215
"418","EL CAJON",754,"Overall, concentrated, and child (0 to 18 years of age) poverty rate","2006-2010",9,"Total","CT","06073008348","0083.48","San Diego","06073",NA,NA,"Child",941,2.823,0.3,0,1.1340426,0.4255319,141.8439716,NA,0.0157068,"no",41661.5034577,83.48,"Mood Disorders","Hospitalization",2010,34,5,"EAST",4,"Urban Area",2,"Low Income",2,"Supervisorial District 2",438,351.733774472801,339.809313239812,188,308.571053409054,250,393.081761006289,327,443.931577518327,35,500.142897970849,54,162.905756003379,7,157.551204141346,7,111.518241198025,28,109.855618330195,102,518.81993896236,95,287.774142735975,166,523.675825735828,47,320.447262562215
"419","EL CAJON",754,"Overall, concentrated, and child (0 to 18 years of age) poverty rate","2006-2010",9,"Total","CT","06073008348","0083.48","San Diego","06073",NA,NA,"Overall",5470,366.49,6.7,1.8148936,11.5851064,2.4924012,37.2000181,NA,0.4890511,"no",41661.5034577,83.48,"Mood Disorders","Hospitalization",2010,34,5,"EAST",4,"Urban Area",2,"Low Income",2,"Supervisorial District 2",438,351.733774472801,339.809313239812,188,308.571053409054,250,393.081761006289,327,443.931577518327,35,500.142897970849,54,162.905756003379,7,157.551204141346,7,111.518241198025,28,109.855618330195,102,518.81993896236,95,287.774142735975,166,523.675825735828,47,320.447262562215
"420","EL CAJON",754,"Overall, concentrated, and child (0 to 18 years of age) poverty rate","2006-2010",9,"Total","CT","06073008354","0083.54","San Diego","06073",NA,NA,"Child",1479,78.387,5.3,0,13.4021277,4.1337386,77.995068,NA,0.2774869,"no",41661.5034577,83.54,"Mood Disorders","Hospitalization",2010,34,5,"EAST",4,"Urban Area",2,"Low Income",2,"Supervisorial District 2",438,351.733774472801,339.809313239812,188,308.571053409054,250,393.081761006289,327,443.931577518327,35,500.142897970849,54,162.905756003379,7,157.551204141346,7,111.518241198025,28,109.855618330195,102,518.81993896236,95,287.774142735975,166,523.675825735828,47,320.447262562215
"421","EL CAJON",754,"Overall, concentrated, and child (0 to 18 years of age) poverty rate","2006-2010",9,"Total","CT","06073008306","0083.06","San Diego","06073",NA,NA,"Child",459,24.786,5.4,0,16.4808511,5.6534954,104.69436,NA,0.2827225,"no",41661.5034576,83.06,"Mood Disorders","Hospitalization",2010,34,5,"EAST",4,"Urban Area",2,"Low Income",2,"Supervisorial District 2",438,351.733774472801,339.809313239812,188,308.571053409054,250,393.081761006289,327,443.931577518327,35,500.142897970849,54,162.905756003379,7,157.551204141346,7,111.518241198025,28,109.855618330195,102,518.81993896236,95,287.774142735975,166,523.675825735828,47,320.447262562215
"422","EL CAJON",754,"Overall, concentrated, and child (0 to 18 years of age) poverty rate","2006-2010",9,"Total","CT","06073008364","0083.64","San Diego","06073",NA,NA,"Overall",4707,946.107,20.1,11.9978723,28.2021277,4.1337386,20.5658637,NA,1.4671533,"no",41661.5034577,83.64,"Mood Disorders","Hospitalization",2010,34,5,"EAST",4,"Urban Area",2,"Low Income",2,"Supervisorial District 2",438,351.733774472801,339.809313239812,188,308.571053409054,250,393.081761006289,327,443.931577518327,35,500.142897970849,54,162.905756003379,7,157.551204141346,7,111.518241198025,28,109.855618330195,102,518.81993896236,95,287.774142735975,166,523.675825735828,47,320.447262562215
"423","EL CAJON",754,"Overall, concentrated, and child (0 to 18 years of age) poverty rate","2006-2010",9,"Total","CT","06073008346","0083.46","San Diego","06073",NA,NA,"Overall",5126,261.426,5.1,1.5255319,8.6744681,1.8237082,35.7589844,NA,0.3722628,"no",41661.5034577,83.46,"Mood Disorders","Hospitalization",2010,34,5,"EAST",4,"Urban Area",2,"Low Income",2,"Supervisorial District 2",438,351.733774472801,339.809313239812,188,308.571053409054,250,393.081761006289,327,443.931577518327,35,500.142897970849,54,162.905756003379,7,157.551204141346,7,111.518241198025,28,109.855618330195,102,518.81993896236,95,287.774142735975,166,523.675825735828,47,320.447262562215
"424","EL CAJON",754,"Overall, concentrated, and child (0 to 18 years of age) poverty rate","2006-2010",9,"Total","CT","06073008361","0083.61","San Diego","06073",NA,NA,"Child",188,53.956,28.7,0,66.4702128,19.2705167,67.1446576,NA,1.5026178,"yes",41661.5034577,83.61,"Mood Disorders","Hospitalization",2010,34,5,"EAST",4,"Urban Area",2,"Low Income",2,"Supervisorial District 2",438,351.733774472801,339.809313239812,188,308.571053409054,250,393.081761006289,327,443.931577518327,35,500.142897970849,54,162.905756003379,7,157.551204141346,7,111.518241198025,28,109.855618330195,102,518.81993896236,95,287.774142735975,166,523.675825735828,47,320.447262562215
"425","EL CAJON",754,"Overall, concentrated, and child (0 to 18 years of age) poverty rate","2006-2010",9,"Total","CT","06073008353","0083.53","San Diego","06073",NA,NA,"Overall",5454,267.246,4.9,1.087234,8.712766,1.9452888,39.6997705,NA,0.3576642,"no",41661.5034577,83.53,"Mood Disorders","Hospitalization",2010,34,5,"EAST",4,"Urban Area",2,"Low Income",2,"Supervisorial District 2",438,351.733774472801,339.809313239812,188,308.571053409054,250,393.081761006289,327,443.931577518327,35,500.142897970849,54,162.905756003379,7,157.551204141346,7,111.518241198025,28,109.855618330195,102,518.81993896236,95,287.774142735975,166,523.675825735828,47,320.447262562215
"426","EL CAJON",754,"Overall, concentrated, and child (0 to 18 years of age) poverty rate","2006-2010",9,"Total","CT","06073008350","0083.50","San Diego","06073",NA,NA,"Child",1455,176.055,12.1,0.7808511,23.4191489,5.775076,47.7279007,NA,0.6335079,"no",41661.5034577,83.5,"Mood Disorders","Hospitalization",2010,34,5,"EAST",4,"Urban Area",2,"Low Income",2,"Supervisorial District 2",438,351.733774472801,339.809313239812,188,308.571053409054,250,393.081761006289,327,443.931577518327,35,500.142897970849,54,162.905756003379,7,157.551204141346,7,111.518241198025,28,109.855618330195,102,518.81993896236,95,287.774142735975,166,523.675825735828,47,320.447262562215
"427","EL CAJON",754,"Overall, concentrated, and child (0 to 18 years of age) poverty rate","2006-2010",9,"Total","CT","06073008357","0083.57","San Diego","06073",NA,NA,"Overall",4760,956.76,20.1,10.9255319,29.2744681,4.6808511,23.2878162,NA,1.4671533,"no",41661.5034577,83.57,"Mood Disorders","Hospitalization",2010,34,5,"EAST",4,"Urban Area",2,"Low Income",2,"Supervisorial District 2",438,351.733774472801,339.809313239812,188,308.571053409054,250,393.081761006289,327,443.931577518327,35,500.142897970849,54,162.905756003379,7,157.551204141346,7,111.518241198025,28,109.855618330195,102,518.81993896236,95,287.774142735975,166,523.675825735828,47,320.447262562215
"428","EL CAJON",754,"Overall, concentrated, and child (0 to 18 years of age) poverty rate","2006-2010",9,"Total","CT","06073008006","0080.06","San Diego","06073",NA,NA,"Child",320,0,0,0,13.9404255,7.112462,NA,NA,0,"no",41661.5034576,80.06,"Mood Disorders","Hospitalization",2010,34,5,"EAST",4,"Urban Area",2,"Low Income",2,"Supervisorial District 2",438,351.733774472801,339.809313239812,188,308.571053409054,250,393.081761006289,327,443.931577518327,35,500.142897970849,54,162.905756003379,7,157.551204141346,7,111.518241198025,28,109.855618330195,102,518.81993896236,95,287.774142735975,166,523.675825735828,47,320.447262562215
"429","EL CAJON",754,"Overall, concentrated, and child (0 to 18 years of age) poverty rate","2006-2010",9,"Total","CT","06073008327","0083.27","San Diego","06073",NA,NA,"Child",1259,67.986,5.4,0,11.7148936,3.2218845,59.6645277,NA,0.2827225,"no",41661.5034577,83.27,"Mood Disorders","Hospitalization",2010,34,5,"EAST",4,"Urban Area",2,"Low Income",2,"Supervisorial District 2",438,351.733774472801,339.809313239812,188,308.571053409054,250,393.081761006289,327,443.931577518327,35,500.142897970849,54,162.905756003379,7,157.551204141346,7,111.518241198025,28,109.855618330195,102,518.81993896236,95,287.774142735975,166,523.675825735828,47,320.447262562215
"430","EL CAJON",754,"Overall, concentrated, and child (0 to 18 years of age) poverty rate","2006-2010",9,"Total","CT","06073008324","0083.24","San Diego","06073",NA,NA,"Overall",6493,272.706,4.2,0.9829787,7.4170213,1.6413374,39.0794616,NA,0.3065693,"no",41661.5034577,83.24,"Mood Disorders","Hospitalization",2010,34,5,"EAST",4,"Urban Area",2,"Low Income",2,"Supervisorial District 2",438,351.733774472801,339.809313239812,188,308.571053409054,250,393.081761006289,327,443.931577518327,35,500.142897970849,54,162.905756003379,7,157.551204141346,7,111.518241198025,28,109.855618330195,102,518.81993896236,95,287.774142735975,166,523.675825735828,47,320.447262562215
"431","EL CAJON",754,"Overall, concentrated, and child (0 to 18 years of age) poverty rate","2006-2010",9,"Total","CT","06073008305","0083.05","San Diego","06073",NA,NA,"Overall",11173,3999.934,35.8,23.7659574,47.8340426,6.1398176,17.1503286,NA,2.6131387,"no",41661.5034576,83.05,"Mood Disorders","Hospitalization",2010,34,5,"EAST",4,"Urban Area",2,"Low Income",2,"Supervisorial District 2",438,351.733774472801,339.809313239812,188,308.571053409054,250,393.081761006289,327,443.931577518327,35,500.142897970849,54,162.905756003379,7,157.551204141346,7,111.518241198025,28,109.855618330195,102,518.81993896236,95,287.774142735975,166,523.675825735828,47,320.447262562215
"432","EL CAJON",754,"Overall, concentrated, and child (0 to 18 years of age) poverty rate","2006-2010",9,"Total","CT","06073008345","0083.45","San Diego","06073",NA,NA,"Overall",3404,357.42,10.5,1.9212766,19.0787234,4.3768997,41.684759,NA,0.7664234,"no",41661.5034577,83.45,"Mood Disorders","Hospitalization",2010,34,5,"EAST",4,"Urban Area",2,"Low Income",2,"Supervisorial District 2",438,351.733774472801,339.809313239812,188,308.571053409054,250,393.081761006289,327,443.931577518327,35,500.142897970849,54,162.905756003379,7,157.551204141346,7,111.518241198025,28,109.855618330195,102,518.81993896236,95,287.774142735975,166,523.675825735828,47,320.447262562215
"433","EL CAJON",754,"Overall, concentrated, and child (0 to 18 years of age) poverty rate","2006-2010",9,"Total","CT","06073008360","0083.60","San Diego","06073",NA,NA,"Overall",5961,238.44,4,1.8553191,6.1446809,1.0942249,27.3556231,NA,0.2919708,"no",41661.5034577,83.6,"Mood Disorders","Hospitalization",2010,34,5,"EAST",4,"Urban Area",2,"Low Income",2,"Supervisorial District 2",438,351.733774472801,339.809313239812,188,308.571053409054,250,393.081761006289,327,443.931577518327,35,500.142897970849,54,162.905756003379,7,157.551204141346,7,111.518241198025,28,109.855618330195,102,518.81993896236,95,287.774142735975,166,523.675825735828,47,320.447262562215
"434","EL CAJON",754,"Overall, concentrated, and child (0 to 18 years of age) poverty rate","2006-2010",9,"Total","CT","06073008345","0083.45","San Diego","06073",NA,NA,"Child",466,0,0,0,9.7702128,4.9848024,NA,NA,0,"no",41661.5034577,83.45,"Mood Disorders","Hospitalization",2010,34,5,"EAST",4,"Urban Area",2,"Low Income",2,"Supervisorial District 2",438,351.733774472801,339.809313239812,188,308.571053409054,250,393.081761006289,327,443.931577518327,35,500.142897970849,54,162.905756003379,7,157.551204141346,7,111.518241198025,28,109.855618330195,102,518.81993896236,95,287.774142735975,166,523.675825735828,47,320.447262562215
"435","EL CAJON",754,"Overall, concentrated, and child (0 to 18 years of age) poverty rate","2006-2010",9,"Total","CT","06073008340","0083.40","San Diego","06073",NA,NA,"Overall",9313,2095.425,22.5,16.4234043,28.5765957,3.100304,13.7791287,NA,1.6423358,"no",41661.5034577,83.4,"Mood Disorders","Hospitalization",2010,34,5,"EAST",4,"Urban Area",2,"Low Income",2,"Supervisorial District 2",438,351.733774472801,339.809313239812,188,308.571053409054,250,393.081761006289,327,443.931577518327,35,500.142897970849,54,162.905756003379,7,157.551204141346,7,111.518241198025,28,109.855618330195,102,518.81993896236,95,287.774142735975,166,523.675825735828,47,320.447262562215
"436","EL CAJON",754,"Overall, concentrated, and child (0 to 18 years of age) poverty rate","2006-2010",9,"Total","CT","06073008003","0080.03","San Diego","06073",NA,NA,"Overall",2893,109.934,3.8,0.8212766,6.7787234,1.5197568,39.993601,NA,0.2773723,"no",41661.5034576,80.03,"Mood Disorders","Hospitalization",2010,34,5,"EAST",4,"Urban Area",2,"Low Income",2,"Supervisorial District 2",438,351.733774472801,339.809313239812,188,308.571053409054,250,393.081761006289,327,443.931577518327,35,500.142897970849,54,162.905756003379,7,157.551204141346,7,111.518241198025,28,109.855618330195,102,518.81993896236,95,287.774142735975,166,523.675825735828,47,320.447262562215
"437","EL CAJON",754,"Overall, concentrated, and child (0 to 18 years of age) poverty rate","2006-2010",9,"Total","CT","06073008356","0083.56","San Diego","06073",NA,NA,"Overall",3366,212.058,6.3,1.0574468,11.5425532,2.674772,42.456699,NA,0.459854,"no",41661.5034577,83.56,"Mood Disorders","Hospitalization",2010,34,5,"EAST",4,"Urban Area",2,"Low Income",2,"Supervisorial District 2",438,351.733774472801,339.809313239812,188,308.571053409054,250,393.081761006289,327,443.931577518327,35,500.142897970849,54,162.905756003379,7,157.551204141346,7,111.518241198025,28,109.855618330195,102,518.81993896236,95,287.774142735975,166,523.675825735828,47,320.447262562215
"438","EL CAJON",754,"Overall, concentrated, and child (0 to 18 years of age) poverty rate","2006-2010",9,"Total","CT","06073008333","0083.33","San Diego","06073",NA,NA,"Child",4216,71.672,1.7,0,3.7255319,1.0334347,60.7902736,NA,0.0890052,"no",41661.5034577,83.33,"Mood Disorders","Hospitalization",2010,34,5,"EAST",4,"Urban Area",2,"Low Income",2,"Supervisorial District 2",438,351.733774472801,339.809313239812,188,308.571053409054,250,393.081761006289,327,443.931577518327,35,500.142897970849,54,162.905756003379,7,157.551204141346,7,111.518241198025,28,109.855618330195,102,518.81993896236,95,287.774142735975,166,523.675825735828,47,320.447262562215
"439","EL CAJON",754,"Overall, concentrated, and child (0 to 18 years of age) poverty rate","2006-2010",9,"Total","CT","06073008331","0083.31","San Diego","06073",NA,NA,"Overall",2525,101,4,0.4255319,7.5744681,1.8237082,45.5927052,NA,0.2919708,"no",41661.5034577,83.31,"Mood Disorders","Hospitalization",2010,34,5,"EAST",4,"Urban Area",2,"Low Income",2,"Supervisorial District 2",438,351.733774472801,339.809313239812,188,308.571053409054,250,393.081761006289,327,443.931577518327,35,500.142897970849,54,162.905756003379,7,157.551204141346,7,111.518241198025,28,109.855618330195,102,518.81993896236,95,287.774142735975,166,523.675825735828,47,320.447262562215
"440","EL CAJON",754,"Overall, concentrated, and child (0 to 18 years of age) poverty rate","2006-2010",9,"Total","CT","06073008303","0083.03","San Diego","06073",NA,NA,"Overall",3610,216.6,6,0,12.5531915,3.343465,55.7244174,NA,0.4379562,"no",41661.5034576,83.03,"Mood Disorders","Hospitalization",2010,34,5,"EAST",4,"Urban Area",2,"Low Income",2,"Supervisorial District 2",438,351.733774472801,339.809313239812,188,308.571053409054,250,393.081761006289,327,443.931577518327,35,500.142897970849,54,162.905756003379,7,157.551204141346,7,111.518241198025,28,109.855618330195,102,518.81993896236,95,287.774142735975,166,523.675825735828,47,320.447262562215
"441","EL CAJON",754,"Overall, concentrated, and child (0 to 18 years of age) poverty rate","2006-2010",9,"Total","CT","06073008327","0083.27","San Diego","06073",NA,NA,"Overall",5739,447.642,7.8,0.7702128,14.8297872,3.5866261,45.9823864,NA,0.5693431,"no",41661.5034577,83.27,"Mood Disorders","Hospitalization",2010,34,5,"EAST",4,"Urban Area",2,"Low Income",2,"Supervisorial District 2",438,351.733774472801,339.809313239812,188,308.571053409054,250,393.081761006289,327,443.931577518327,35,500.142897970849,54,162.905756003379,7,157.551204141346,7,111.518241198025,28,109.855618330195,102,518.81993896236,95,287.774142735975,166,523.675825735828,47,320.447262562215
"442","EL CAJON",754,"Overall, concentrated, and child (0 to 18 years of age) poverty rate","2006-2010",9,"Total","CT","06073008346","0083.46","San Diego","06073",NA,NA,"Child",1256,18.84,1.5,0,3.6446809,1.0942249,72.9483283,NA,0.078534,"no",41661.5034577,83.46,"Mood Disorders","Hospitalization",2010,34,5,"EAST",4,"Urban Area",2,"Low Income",2,"Supervisorial District 2",438,351.733774472801,339.809313239812,188,308.571053409054,250,393.081761006289,327,443.931577518327,35,500.142897970849,54,162.905756003379,7,157.551204141346,7,111.518241198025,28,109.855618330195,102,518.81993896236,95,287.774142735975,166,523.675825735828,47,320.447262562215
"443","EL CAJON",754,"Overall, concentrated, and child (0 to 18 years of age) poverty rate","2006-2010",9,"Total","CT","06073008344","0083.44","San Diego","06073",NA,NA,"Overall",3810,598.17,15.7,6.5255319,24.8744681,4.6808511,29.814338,NA,1.1459854,"no",41661.5034577,83.44,"Mood Disorders","Hospitalization",2010,34,5,"EAST",4,"Urban Area",2,"Low Income",2,"Supervisorial District 2",438,351.733774472801,339.809313239812,188,308.571053409054,250,393.081761006289,327,443.931577518327,35,500.142897970849,54,162.905756003379,7,157.551204141346,7,111.518241198025,28,109.855618330195,102,518.81993896236,95,287.774142735975,166,523.675825735828,47,320.447262562215
"444","EL CAJON",754,"Overall, concentrated, and child (0 to 18 years of age) poverty rate","2006-2010",9,"Total","CT","06073008363","0083.63","San Diego","06073",NA,NA,"Child",502,8.032,1.6,0,5.0553191,1.7629179,110.1823708,NA,0.0837696,"no",41661.5034577,83.63,"Mood Disorders","Hospitalization",2010,34,5,"EAST",4,"Urban Area",2,"Low Income",2,"Supervisorial District 2",438,351.733774472801,339.809313239812,188,308.571053409054,250,393.081761006289,327,443.931577518327,35,500.142897970849,54,162.905756003379,7,157.551204141346,7,111.518241198025,28,109.855618330195,102,518.81993896236,95,287.774142735975,166,523.675825735828,47,320.447262562215
"445","EL CAJON",754,"Overall, concentrated, and child (0 to 18 years of age) poverty rate","2006-2010",9,"Total","CT","06073008002","0080.02","San Diego","06073",NA,NA,"Overall",2511,143.127,5.7,0,11.8957447,3.1610942,55.4577934,NA,0.4160584,"no",41661.5034576,80.02,"Mood Disorders","Hospitalization",2010,34,5,"EAST",4,"Urban Area",2,"Low Income",2,"Supervisorial District 2",438,351.733774472801,339.809313239812,188,308.571053409054,250,393.081761006289,327,443.931577518327,35,500.142897970849,54,162.905756003379,7,157.551204141346,7,111.518241198025,28,109.855618330195,102,518.81993896236,95,287.774142735975,166,523.675825735828,47,320.447262562215
"446","EL CAJON",754,"Overall, concentrated, and child (0 to 18 years of age) poverty rate","2006-2010",9,"Total","CT","06073007910","0079.10","San Diego","06073",NA,NA,"Overall",2702,189.14,7,2.4723404,11.5276596,2.3100304,33.0004342,NA,0.5109489,"no",41661.5034576,79.1,"Mood Disorders","Hospitalization",2010,34,5,"EAST",4,"Urban Area",2,"Low Income",2,"Supervisorial District 2",438,351.733774472801,339.809313239812,188,308.571053409054,250,393.081761006289,327,443.931577518327,35,500.142897970849,54,162.905756003379,7,157.551204141346,7,111.518241198025,28,109.855618330195,102,518.81993896236,95,287.774142735975,166,523.675825735828,47,320.447262562215
"447","EL CAJON",754,"Overall, concentrated, and child (0 to 18 years of age) poverty rate","2006-2010",9,"Total","CT","06073008357","0083.57","San Diego","06073",NA,NA,"Child",1078,420.42,39,23.7489362,54.2510638,7.781155,19.9516795,NA,2.0418848,"no",41661.5034577,83.57,"Mood Disorders","Hospitalization",2010,34,5,"EAST",4,"Urban Area",2,"Low Income",2,"Supervisorial District 2",438,351.733774472801,339.809313239812,188,308.571053409054,250,393.081761006289,327,443.931577518327,35,500.142897970849,54,162.905756003379,7,157.551204141346,7,111.518241198025,28,109.855618330195,102,518.81993896236,95,287.774142735975,166,523.675825735828,47,320.447262562215
"448","EL CAJON",754,"Overall, concentrated, and child (0 to 18 years of age) poverty rate","2006-2010",9,"Total","CT","06073008006","0080.06","San Diego","06073",NA,NA,"Overall",3496,356.592,10.2,3.6468085,16.7531915,3.343465,32.7790691,NA,0.7445255,"no",41661.5034576,80.06,"Mood Disorders","Hospitalization",2010,34,5,"EAST",4,"Urban Area",2,"Low Income",2,"Supervisorial District 2",438,351.733774472801,339.809313239812,188,308.571053409054,250,393.081761006289,327,443.931577518327,35,500.142897970849,54,162.905756003379,7,157.551204141346,7,111.518241198025,28,109.855618330195,102,518.81993896236,95,287.774142735975,166,523.675825735828,47,320.447262562215
"449","EL CAJON",754,"Overall, concentrated, and child (0 to 18 years of age) poverty rate","2006-2010",9,"Total","CT","06073008003","0080.03","San Diego","06073",NA,NA,"Child",253,0,0,0,17.3957447,8.8753799,NA,NA,0,"no",41661.5034576,80.03,"Mood Disorders","Hospitalization",2010,34,5,"EAST",4,"Urban Area",2,"Low Income",2,"Supervisorial District 2",438,351.733774472801,339.809313239812,188,308.571053409054,250,393.081761006289,327,443.931577518327,35,500.142897970849,54,162.905756003379,7,157.551204141346,7,111.518241198025,28,109.855618330195,102,518.81993896236,95,287.774142735975,166,523.675825735828,47,320.447262562215
"450","EL CAJON",754,"Overall, concentrated, and child (0 to 18 years of age) poverty rate","2006-2010",9,"Total","CT","06073008305","0083.05","San Diego","06073",NA,NA,"Child",593,283.454,47.8,23.9702128,71.6297872,12.1580547,25.4352609,NA,2.5026178,"no",41661.5034576,83.05,"Mood Disorders","Hospitalization",2010,34,5,"EAST",4,"Urban Area",2,"Low Income",2,"Supervisorial District 2",438,351.733774472801,339.809313239812,188,308.571053409054,250,393.081761006289,327,443.931577518327,35,500.142897970849,54,162.905756003379,7,157.551204141346,7,111.518241198025,28,109.855618330195,102,518.81993896236,95,287.774142735975,166,523.675825735828,47,320.447262562215
"451","EL CAJON",754,"Overall, concentrated, and child (0 to 18 years of age) poverty rate","2006-2010",9,"Total","CT","06073008365","0083.65","San Diego","06073",NA,NA,"Child",993,0,0,0,4.6468085,2.3708207,NA,NA,0,"no",41661.5034577,83.65,"Mood Disorders","Hospitalization",2010,34,5,"EAST",4,"Urban Area",2,"Low Income",2,"Supervisorial District 2",438,351.733774472801,339.809313239812,188,308.571053409054,250,393.081761006289,327,443.931577518327,35,500.142897970849,54,162.905756003379,7,157.551204141346,7,111.518241198025,28,109.855618330195,102,518.81993896236,95,287.774142735975,166,523.675825735828,47,320.447262562215
"452","EL CAJON",754,"Overall, concentrated, and child (0 to 18 years of age) poverty rate","2006-2010",9,"Total","CT","06073008002","0080.02","San Diego","06073",NA,NA,"Child",416,0,0,0,10.9617021,5.5927052,NA,NA,0,"no",41661.5034576,80.02,"Mood Disorders","Hospitalization",2010,34,5,"EAST",4,"Urban Area",2,"Low Income",2,"Supervisorial District 2",438,351.733774472801,339.809313239812,188,308.571053409054,250,393.081761006289,327,443.931577518327,35,500.142897970849,54,162.905756003379,7,157.551204141346,7,111.518241198025,28,109.855618330195,102,518.81993896236,95,287.774142735975,166,523.675825735828,47,320.447262562215
"453","EL CAJON",754,"Overall, concentrated, and child (0 to 18 years of age) poverty rate","2006-2010",9,"Total","CT","06073008330","0083.30","San Diego","06073",NA,NA,"Overall",5547,199.692,3.6,0,8.6042553,2.5531915,70.9219858,NA,0.2627737,"no",41661.5034577,83.3,"Mood Disorders","Hospitalization",2010,34,5,"EAST",4,"Urban Area",2,"Low Income",2,"Supervisorial District 2",438,351.733774472801,339.809313239812,188,308.571053409054,250,393.081761006289,327,443.931577518327,35,500.142897970849,54,162.905756003379,7,157.551204141346,7,111.518241198025,28,109.855618330195,102,518.81993896236,95,287.774142735975,166,523.675825735828,47,320.447262562215
"454","EL CAJON",754,"Overall, concentrated, and child (0 to 18 years of age) poverty rate","2006-2010",9,"Total","CT","06073008362","0083.62","San Diego","06073",NA,NA,"Overall",3158,650.548,20.6,10.2340426,30.9659574,5.2887538,25.6735621,NA,1.5036496,"no",41661.5034577,83.62,"Mood Disorders","Hospitalization",2010,34,5,"EAST",4,"Urban Area",2,"Low Income",2,"Supervisorial District 2",438,351.733774472801,339.809313239812,188,308.571053409054,250,393.081761006289,327,443.931577518327,35,500.142897970849,54,162.905756003379,7,157.551204141346,7,111.518241198025,28,109.855618330195,102,518.81993896236,95,287.774142735975,166,523.675825735828,47,320.447262562215
"455","EL CAJON",754,"Overall, concentrated, and child (0 to 18 years of age) poverty rate","2006-2010",9,"Total","CT","06073008301","0083.01","San Diego","06073",NA,NA,"Overall",3015,186.93,6.2,0.2425532,12.1574468,3.0395137,49.0244142,NA,0.4525547,"no",41661.5034576,83.01,"Mood Disorders","Hospitalization",2010,34,5,"EAST",4,"Urban Area",2,"Low Income",2,"Supervisorial District 2",438,351.733774472801,339.809313239812,188,308.571053409054,250,393.081761006289,327,443.931577518327,35,500.142897970849,54,162.905756003379,7,157.551204141346,7,111.518241198025,28,109.855618330195,102,518.81993896236,95,287.774142735975,166,523.675825735828,47,320.447262562215
"456","EL CAJON",754,"Overall, concentrated, and child (0 to 18 years of age) poverty rate","2006-2010",9,"Total","CT","06073008328","0083.28","San Diego","06073",NA,NA,"Child",1544,69.48,4.5,0.9255319,8.0744681,1.8237082,40.526849,NA,0.2356021,"no",41661.5034577,83.28,"Mood Disorders","Hospitalization",2010,34,5,"EAST",4,"Urban Area",2,"Low Income",2,"Supervisorial District 2",438,351.733774472801,339.809313239812,188,308.571053409054,250,393.081761006289,327,443.931577518327,35,500.142897970849,54,162.905756003379,7,157.551204141346,7,111.518241198025,28,109.855618330195,102,518.81993896236,95,287.774142735975,166,523.675825735828,47,320.447262562215
"457","EL CAJON",754,"Overall, concentrated, and child (0 to 18 years of age) poverty rate","2006-2010",9,"Total","CT","06073008303","0083.03","San Diego","06073",NA,NA,"Child",680,17.68,2.6,0,7.6042553,2.5531915,98.1996727,NA,0.1361257,"no",41661.5034576,83.03,"Mood Disorders","Hospitalization",2010,34,5,"EAST",4,"Urban Area",2,"Low Income",2,"Supervisorial District 2",438,351.733774472801,339.809313239812,188,308.571053409054,250,393.081761006289,327,443.931577518327,35,500.142897970849,54,162.905756003379,7,157.551204141346,7,111.518241198025,28,109.855618330195,102,518.81993896236,95,287.774142735975,166,523.675825735828,47,320.447262562215
"458","EL CAJON",754,"Overall, concentrated, and child (0 to 18 years of age) poverty rate","2006-2010",9,"Total","CT","06073008331","0083.31","San Diego","06073",NA,NA,"Child",721,15.141,2.1,0,6.5085106,2.2492401,107.1066725,NA,0.1099476,"no",41661.5034577,83.31,"Mood Disorders","Hospitalization",2010,34,5,"EAST",4,"Urban Area",2,"Low Income",2,"Supervisorial District 2",438,351.733774472801,339.809313239812,188,308.571053409054,250,393.081761006289,327,443.931577518327,35,500.142897970849,54,162.905756003379,7,157.551204141346,7,111.518241198025,28,109.855618330195,102,518.81993896236,95,287.774142735975,166,523.675825735828,47,320.447262562215
"459","EL CAJON",754,"Overall, concentrated, and child (0 to 18 years of age) poverty rate","2006-2010",9,"Total","CT","06073008362","0083.62","San Diego","06073",NA,NA,"Child",291,0,0,0,15.2510638,7.781155,NA,NA,0,"no",41661.5034577,83.62,"Mood Disorders","Hospitalization",2010,34,5,"EAST",4,"Urban Area",2,"Low Income",2,"Supervisorial District 2",438,351.733774472801,339.809313239812,188,308.571053409054,250,393.081761006289,327,443.931577518327,35,500.142897970849,54,162.905756003379,7,157.551204141346,7,111.518241198025,28,109.855618330195,102,518.81993896236,95,287.774142735975,166,523.675825735828,47,320.447262562215
"460","EL CAJON",754,"Overall, concentrated, and child (0 to 18 years of age) poverty rate","2006-2010",9,"Total","CT","06073008341","0083.41","San Diego","06073",NA,NA,"Child",393,75.063,19.1,0,42.0957447,11.7325228,61.4268209,NA,1,"no",41661.5034577,83.41,"Mood Disorders","Hospitalization",2010,34,5,"EAST",4,"Urban Area",2,"Low Income",2,"Supervisorial District 2",438,351.733774472801,339.809313239812,188,308.571053409054,250,393.081761006289,327,443.931577518327,35,500.142897970849,54,162.905756003379,7,157.551204141346,7,111.518241198025,28,109.855618330195,102,518.81993896236,95,287.774142735975,166,523.675825735828,47,320.447262562215
"461","ELLIOTT-NAVAJO",754,"Overall, concentrated, and child (0 to 18 years of age) poverty rate","2000",9,"Total","CT","06073018512","0185.12","San Diego","06073",NA,NA,"Overall",3390,176.28,5.2,NA,NA,NA,NA,NA,0.3661972,"no",41661.5034577,185.12,"Mood Disorders","Hospitalization",2010,17,2,"N CENTRAL",2,"Exurban Area",5,"High Income",3,"Supervisorial District 3",259,290.665050613876,296.218587409736,129,298.376277929407,130,283.397279386118,199,331.186446319503,11,273.563790101965,37,285.163776493256,NA,NA,5,115.420129270545,34,199.238206856138,62,558.911024970702,65,258.192651439921,84,373.532550693703,14,105.382009785472
"462","ELLIOTT-NAVAJO",754,"Overall, concentrated, and child (0 to 18 years of age) poverty rate","2000",9,"Total","CT","06073017401","0174.01","San Diego","06073",NA,NA,"Child",812,58.464,7.2,NA,NA,NA,NA,NA,0.3789474,"no",41661.5034577,174.01,"Mood Disorders","Hospitalization",2010,17,2,"N CENTRAL",2,"Exurban Area",5,"High Income",3,"Supervisorial District 3",259,290.665050613876,296.218587409736,129,298.376277929407,130,283.397279386118,199,331.186446319503,11,273.563790101965,37,285.163776493256,NA,NA,5,115.420129270545,34,199.238206856138,62,558.911024970702,65,258.192651439921,84,373.532550693703,14,105.382009785472
"463","ELLIOTT-NAVAJO",754,"Overall, concentrated, and child (0 to 18 years of age) poverty rate","2000",9,"Total","CT","06073018300","0183.00","San Diego","06073",NA,NA,"Overall",2850,524.4,18.4,NA,NA,NA,NA,NA,1.2957746,"no",41661.5034577,183,"Mood Disorders","Hospitalization",2010,17,2,"N CENTRAL",2,"Exurban Area",5,"High Income",3,"Supervisorial District 3",259,290.665050613876,296.218587409736,129,298.376277929407,130,283.397279386118,199,331.186446319503,11,273.563790101965,37,285.163776493256,NA,NA,5,115.420129270545,34,199.238206856138,62,558.911024970702,65,258.192651439921,84,373.532550693703,14,105.382009785472
"464","ELLIOTT-NAVAJO",754,"Overall, concentrated, and child (0 to 18 years of age) poverty rate","2000",9,"Total","CT","06073017306","0173.06","San Diego","06073",NA,NA,"Overall",2867,88.877,3.1,NA,NA,NA,NA,NA,0.2183099,"no",41661.5034577,173.06,"Mood Disorders","Hospitalization",2010,17,2,"N CENTRAL",2,"Exurban Area",5,"High Income",3,"Supervisorial District 3",259,290.665050613876,296.218587409736,129,298.376277929407,130,283.397279386118,199,331.186446319503,11,273.563790101965,37,285.163776493256,NA,NA,5,115.420129270545,34,199.238206856138,62,558.911024970702,65,258.192651439921,84,373.532550693703,14,105.382009785472
"465","ELLIOTT-NAVAJO",754,"Overall, concentrated, and child (0 to 18 years of age) poverty rate","2000",9,"Total","CT","06073018300","0183.00","San Diego","06073",NA,NA,"Child",305,68.015,22.3,NA,NA,NA,NA,NA,1.1736842,"no",41661.5034577,183,"Mood Disorders","Hospitalization",2010,17,2,"N CENTRAL",2,"Exurban Area",5,"High Income",3,"Supervisorial District 3",259,290.665050613876,296.218587409736,129,298.376277929407,130,283.397279386118,199,331.186446319503,11,273.563790101965,37,285.163776493256,NA,NA,5,115.420129270545,34,199.238206856138,62,558.911024970702,65,258.192651439921,84,373.532550693703,14,105.382009785472
"466","ELLIOTT-NAVAJO",754,"Overall, concentrated, and child (0 to 18 years of age) poverty rate","2000",9,"Total","CT","06073017401","0174.01","San Diego","06073",NA,NA,"Overall",5520,397.44,7.2,NA,NA,NA,NA,NA,0.5070423,"no",41661.5034577,174.01,"Mood Disorders","Hospitalization",2010,17,2,"N CENTRAL",2,"Exurban Area",5,"High Income",3,"Supervisorial District 3",259,290.665050613876,296.218587409736,129,298.376277929407,130,283.397279386118,199,331.186446319503,11,273.563790101965,37,285.163776493256,NA,NA,5,115.420129270545,34,199.238206856138,62,558.911024970702,65,258.192651439921,84,373.532550693703,14,105.382009785472
"467","ELLIOTT-NAVAJO",754,"Overall, concentrated, and child (0 to 18 years of age) poverty rate","2000",9,"Total","CT","06073018504","0185.04","San Diego","06073",NA,NA,"Overall",6417,327.267,5.1,NA,NA,NA,NA,NA,0.3591549,"no",41661.5034577,185.04,"Mood Disorders","Hospitalization",2010,17,2,"N CENTRAL",2,"Exurban Area",5,"High Income",3,"Supervisorial District 3",259,290.665050613876,296.218587409736,129,298.376277929407,130,283.397279386118,199,331.186446319503,11,273.563790101965,37,285.163776493256,NA,NA,5,115.420129270545,34,199.238206856138,62,558.911024970702,65,258.192651439921,84,373.532550693703,14,105.382009785472
"468","ELLIOTT-NAVAJO",754,"Overall, concentrated, and child (0 to 18 years of age) poverty rate","2000",9,"Total","CT","06073017306","0173.06","San Diego","06073",NA,NA,"Child",562,12.926,2.3,NA,NA,NA,NA,NA,0.1210526,"no",41661.5034577,173.06,"Mood Disorders","Hospitalization",2010,17,2,"N CENTRAL",2,"Exurban Area",5,"High Income",3,"Supervisorial District 3",259,290.665050613876,296.218587409736,129,298.376277929407,130,283.397279386118,199,331.186446319503,11,273.563790101965,37,285.163776493256,NA,NA,5,115.420129270545,34,199.238206856138,62,558.911024970702,65,258.192651439921,84,373.532550693703,14,105.382009785472
"469","ELLIOTT-NAVAJO",754,"Overall, concentrated, and child (0 to 18 years of age) poverty rate","2000",9,"Total","CT","06073017502","0175.02","San Diego","06073",NA,NA,"Overall",3560,526.88,14.8,NA,NA,NA,NA,NA,1.0422535,"no",41661.5034577,175.02,"Mood Disorders","Hospitalization",2010,17,2,"N CENTRAL",2,"Exurban Area",5,"High Income",3,"Supervisorial District 3",259,290.665050613876,296.218587409736,129,298.376277929407,130,283.397279386118,199,331.186446319503,11,273.563790101965,37,285.163776493256,NA,NA,5,115.420129270545,34,199.238206856138,62,558.911024970702,65,258.192651439921,84,373.532550693703,14,105.382009785472
"470","ELLIOTT-NAVAJO",754,"Overall, concentrated, and child (0 to 18 years of age) poverty rate","2000",9,"Total","CT","06073018400","0184.00","San Diego","06073",NA,NA,"Overall",3612,1029.42,28.5,NA,NA,NA,NA,NA,2.0070423,"no",41661.5034577,184,"Mood Disorders","Hospitalization",2010,17,2,"N CENTRAL",2,"Exurban Area",5,"High Income",3,"Supervisorial District 3",259,290.665050613876,296.218587409736,129,298.376277929407,130,283.397279386118,199,331.186446319503,11,273.563790101965,37,285.163776493256,NA,NA,5,115.420129270545,34,199.238206856138,62,558.911024970702,65,258.192651439921,84,373.532550693703,14,105.382009785472
"471","ELLIOTT-NAVAJO",754,"Overall, concentrated, and child (0 to 18 years of age) poverty rate","2000",9,"Total","CT","06073018511","0185.11","San Diego","06073",NA,NA,"Overall",5184,808.704,15.6,NA,NA,NA,NA,NA,1.0985915,"no",41661.5034577,185.11,"Mood Disorders","Hospitalization",2010,17,2,"N CENTRAL",2,"Exurban Area",5,"High Income",3,"Supervisorial District 3",259,290.665050613876,296.218587409736,129,298.376277929407,130,283.397279386118,199,331.186446319503,11,273.563790101965,37,285.163776493256,NA,NA,5,115.420129270545,34,199.238206856138,62,558.911024970702,65,258.192651439921,84,373.532550693703,14,105.382009785472
"472","ELLIOTT-NAVAJO",754,"Overall, concentrated, and child (0 to 18 years of age) poverty rate","2000",9,"Total","CT","06073017811","0178.11","San Diego","06073",NA,NA,"Child",1166,4.664,0.4,NA,NA,NA,NA,NA,0.0210526,"no",41661.5034577,178.11,"Mood Disorders","Hospitalization",2010,17,2,"N CENTRAL",2,"Exurban Area",5,"High Income",3,"Supervisorial District 3",259,290.665050613876,296.218587409736,129,298.376277929407,130,283.397279386118,199,331.186446319503,11,273.563790101965,37,285.163776493256,NA,NA,5,115.420129270545,34,199.238206856138,62,558.911024970702,65,258.192651439921,84,373.532550693703,14,105.382009785472
"473","ELLIOTT-NAVAJO",754,"Overall, concentrated, and child (0 to 18 years of age) poverty rate","2000",9,"Total","CT","06073017801","0178.01","San Diego","06073",NA,NA,"Overall",6483,337.116,5.2,NA,NA,NA,NA,NA,0.3661972,"no",41661.5034577,178.01,"Mood Disorders","Hospitalization",2010,17,2,"N CENTRAL",2,"Exurban Area",5,"High Income",3,"Supervisorial District 3",259,290.665050613876,296.218587409736,129,298.376277929407,130,283.397279386118,199,331.186446319503,11,273.563790101965,37,285.163776493256,NA,NA,5,115.420129270545,34,199.238206856138,62,558.911024970702,65,258.192651439921,84,373.532550693703,14,105.382009785472
"474","ELLIOTT-NAVAJO",754,"Overall, concentrated, and child (0 to 18 years of age) poverty rate","2000",9,"Total","CT","06073017808","0178.08","San Diego","06073",NA,NA,"Child",1290,30.96,2.4,NA,NA,NA,NA,NA,0.1263158,"no",41661.5034577,178.08,"Mood Disorders","Hospitalization",2010,17,2,"N CENTRAL",2,"Exurban Area",5,"High Income",3,"Supervisorial District 3",259,290.665050613876,296.218587409736,129,298.376277929407,130,283.397279386118,199,331.186446319503,11,273.563790101965,37,285.163776493256,NA,NA,5,115.420129270545,34,199.238206856138,62,558.911024970702,65,258.192651439921,84,373.532550693703,14,105.382009785472
"475","ELLIOTT-NAVAJO",754,"Overall, concentrated, and child (0 to 18 years of age) poverty rate","2000",9,"Total","CT","06073017810","0178.10","San Diego","06073",NA,NA,"Overall",4670,182.13,3.9,NA,NA,NA,NA,NA,0.2746479,"no",41661.5034577,178.1,"Mood Disorders","Hospitalization",2010,17,2,"N CENTRAL",2,"Exurban Area",5,"High Income",3,"Supervisorial District 3",259,290.665050613876,296.218587409736,129,298.376277929407,130,283.397279386118,199,331.186446319503,11,273.563790101965,37,285.163776493256,NA,NA,5,115.420129270545,34,199.238206856138,62,558.911024970702,65,258.192651439921,84,373.532550693703,14,105.382009785472
"476","ELLIOTT-NAVAJO",754,"Overall, concentrated, and child (0 to 18 years of age) poverty rate","2000",9,"Total","CT","06073018400","0184.00","San Diego","06073",NA,NA,"Child",1111,435.512,39.2,NA,NA,NA,NA,NA,2.0631579,"no",41661.5034577,184,"Mood Disorders","Hospitalization",2010,17,2,"N CENTRAL",2,"Exurban Area",5,"High Income",3,"Supervisorial District 3",259,290.665050613876,296.218587409736,129,298.376277929407,130,283.397279386118,199,331.186446319503,11,273.563790101965,37,285.163776493256,NA,NA,5,115.420129270545,34,199.238206856138,62,558.911024970702,65,258.192651439921,84,373.532550693703,14,105.382009785472
"477","ELLIOTT-NAVAJO",754,"Overall, concentrated, and child (0 to 18 years of age) poverty rate","2000",9,"Total","CT","06073018511","0185.11","San Diego","06073",NA,NA,"Child",1408,280.192,19.9,NA,NA,NA,NA,NA,1.0473684,"no",41661.5034577,185.11,"Mood Disorders","Hospitalization",2010,17,2,"N CENTRAL",2,"Exurban Area",5,"High Income",3,"Supervisorial District 3",259,290.665050613876,296.218587409736,129,298.376277929407,130,283.397279386118,199,331.186446319503,11,273.563790101965,37,285.163776493256,NA,NA,5,115.420129270545,34,199.238206856138,62,558.911024970702,65,258.192651439921,84,373.532550693703,14,105.382009785472
"478","ELLIOTT-NAVAJO",754,"Overall, concentrated, and child (0 to 18 years of age) poverty rate","2000",9,"Total","CT","06073017801","0178.01","San Diego","06073",NA,NA,"Child",1456,107.744,7.4,NA,NA,NA,NA,NA,0.3894737,"no",41661.5034577,178.01,"Mood Disorders","Hospitalization",2010,17,2,"N CENTRAL",2,"Exurban Area",5,"High Income",3,"Supervisorial District 3",259,290.665050613876,296.218587409736,129,298.376277929407,130,283.397279386118,199,331.186446319503,11,273.563790101965,37,285.163776493256,NA,NA,5,115.420129270545,34,199.238206856138,62,558.911024970702,65,258.192651439921,84,373.532550693703,14,105.382009785472
"479","ELLIOTT-NAVAJO",754,"Overall, concentrated, and child (0 to 18 years of age) poverty rate","2000",9,"Total","CT","06073018504","0185.04","San Diego","06073",NA,NA,"Child",1434,68.832,4.8,NA,NA,NA,NA,NA,0.2526316,"no",41661.5034577,185.04,"Mood Disorders","Hospitalization",2010,17,2,"N CENTRAL",2,"Exurban Area",5,"High Income",3,"Supervisorial District 3",259,290.665050613876,296.218587409736,129,298.376277929407,130,283.397279386118,199,331.186446319503,11,273.563790101965,37,285.163776493256,NA,NA,5,115.420129270545,34,199.238206856138,62,558.911024970702,65,258.192651439921,84,373.532550693703,14,105.382009785472
"480","ELLIOTT-NAVAJO",754,"Overall, concentrated, and child (0 to 18 years of age) poverty rate","2000",9,"Total","CT","06073018512","0185.12","San Diego","06073",NA,NA,"Child",230,0,0,NA,NA,NA,NA,NA,0,"no",41661.5034577,185.12,"Mood Disorders","Hospitalization",2010,17,2,"N CENTRAL",2,"Exurban Area",5,"High Income",3,"Supervisorial District 3",259,290.665050613876,296.218587409736,129,298.376277929407,130,283.397279386118,199,331.186446319503,11,273.563790101965,37,285.163776493256,NA,NA,5,115.420129270545,34,199.238206856138,62,558.911024970702,65,258.192651439921,84,373.532550693703,14,105.382009785472
"481","ELLIOTT-NAVAJO",754,"Overall, concentrated, and child (0 to 18 years of age) poverty rate","2000",9,"Total","CT","06073018507","0185.07","San Diego","06073",NA,NA,"Overall",7351,624.835,8.5,NA,NA,NA,NA,NA,0.5985915,"no",41661.5034577,185.07,"Mood Disorders","Hospitalization",2010,17,2,"N CENTRAL",2,"Exurban Area",5,"High Income",3,"Supervisorial District 3",259,290.665050613876,296.218587409736,129,298.376277929407,130,283.397279386118,199,331.186446319503,11,273.563790101965,37,285.163776493256,NA,NA,5,115.420129270545,34,199.238206856138,62,558.911024970702,65,258.192651439921,84,373.532550693703,14,105.382009785472
"482","ELLIOTT-NAVAJO",754,"Overall, concentrated, and child (0 to 18 years of age) poverty rate","2000",9,"Total","CT","06073017702","0177.02","San Diego","06073",NA,NA,"Overall",2787,203.451,7.3,NA,NA,NA,NA,NA,0.5140845,"no",41661.5034577,177.02,"Mood Disorders","Hospitalization",2010,17,2,"N CENTRAL",2,"Exurban Area",5,"High Income",3,"Supervisorial District 3",259,290.665050613876,296.218587409736,129,298.376277929407,130,283.397279386118,199,331.186446319503,11,273.563790101965,37,285.163776493256,NA,NA,5,115.420129270545,34,199.238206856138,62,558.911024970702,65,258.192651439921,84,373.532550693703,14,105.382009785472
"483","ELLIOTT-NAVAJO",754,"Overall, concentrated, and child (0 to 18 years of age) poverty rate","2000",9,"Total","CT","06073018000","0180.00","San Diego","06073",NA,NA,"Child",324,55.728,17.2,NA,NA,NA,NA,NA,0.9052632,"no",41661.5034577,180,"Mood Disorders","Hospitalization",2010,17,2,"N CENTRAL",2,"Exurban Area",5,"High Income",3,"Supervisorial District 3",259,290.665050613876,296.218587409736,129,298.376277929407,130,283.397279386118,199,331.186446319503,11,273.563790101965,37,285.163776493256,NA,NA,5,115.420129270545,34,199.238206856138,62,558.911024970702,65,258.192651439921,84,373.532550693703,14,105.382009785472
"484","ELLIOTT-NAVAJO",754,"Overall, concentrated, and child (0 to 18 years of age) poverty rate","2000",9,"Total","CT","06073017702","0177.02","San Diego","06073",NA,NA,"Child",462,0,0,NA,NA,NA,NA,NA,0,"no",41661.5034577,177.02,"Mood Disorders","Hospitalization",2010,17,2,"N CENTRAL",2,"Exurban Area",5,"High Income",3,"Supervisorial District 3",259,290.665050613876,296.218587409736,129,298.376277929407,130,283.397279386118,199,331.186446319503,11,273.563790101965,37,285.163776493256,NA,NA,5,115.420129270545,34,199.238206856138,62,558.911024970702,65,258.192651439921,84,373.532550693703,14,105.382009785472
"485","ELLIOTT-NAVAJO",754,"Overall, concentrated, and child (0 to 18 years of age) poverty rate","2000",9,"Total","CT","06073017809","0178.09","San Diego","06073",NA,NA,"Overall",2210,106.08,4.8,NA,NA,NA,NA,NA,0.3380282,"no",41661.5034577,178.09,"Mood Disorders","Hospitalization",2010,17,2,"N CENTRAL",2,"Exurban Area",5,"High Income",3,"Supervisorial District 3",259,290.665050613876,296.218587409736,129,298.376277929407,130,283.397279386118,199,331.186446319503,11,273.563790101965,37,285.163776493256,NA,NA,5,115.420129270545,34,199.238206856138,62,558.911024970702,65,258.192651439921,84,373.532550693703,14,105.382009785472
"486","ELLIOTT-NAVAJO",754,"Overall, concentrated, and child (0 to 18 years of age) poverty rate","2000",9,"Total","CT","06073017303","0173.03","San Diego","06073",NA,NA,"Child",635,13.335,2.1,NA,NA,NA,NA,NA,0.1105263,"no",41661.5034577,173.03,"Mood Disorders","Hospitalization",2010,17,2,"N CENTRAL",2,"Exurban Area",5,"High Income",3,"Supervisorial District 3",259,290.665050613876,296.218587409736,129,298.376277929407,130,283.397279386118,199,331.186446319503,11,273.563790101965,37,285.163776493256,NA,NA,5,115.420129270545,34,199.238206856138,62,558.911024970702,65,258.192651439921,84,373.532550693703,14,105.382009785472
"487","ELLIOTT-NAVAJO",754,"Overall, concentrated, and child (0 to 18 years of age) poverty rate","2000",9,"Total","CT","06073018507","0185.07","San Diego","06073",NA,NA,"Child",2158,233.064,10.8,NA,NA,NA,NA,NA,0.5684211,"no",41661.5034577,185.07,"Mood Disorders","Hospitalization",2010,17,2,"N CENTRAL",2,"Exurban Area",5,"High Income",3,"Supervisorial District 3",259,290.665050613876,296.218587409736,129,298.376277929407,130,283.397279386118,199,331.186446319503,11,273.563790101965,37,285.163776493256,NA,NA,5,115.420129270545,34,199.238206856138,62,558.911024970702,65,258.192651439921,84,373.532550693703,14,105.382009785472
"488","ELLIOTT-NAVAJO",754,"Overall, concentrated, and child (0 to 18 years of age) poverty rate","2000",9,"Total","CT","06073017809","0178.09","San Diego","06073",NA,NA,"Child",514,35.98,7,NA,NA,NA,NA,NA,0.3684211,"no",41661.5034577,178.09,"Mood Disorders","Hospitalization",2010,17,2,"N CENTRAL",2,"Exurban Area",5,"High Income",3,"Supervisorial District 3",259,290.665050613876,296.218587409736,129,298.376277929407,130,283.397279386118,199,331.186446319503,11,273.563790101965,37,285.163776493256,NA,NA,5,115.420129270545,34,199.238206856138,62,558.911024970702,65,258.192651439921,84,373.532550693703,14,105.382009785472
"489","ELLIOTT-NAVAJO",754,"Overall, concentrated, and child (0 to 18 years of age) poverty rate","2000",9,"Total","CT","06073017200","0172.00","San Diego","06073",NA,NA,"Overall",4389,381.843,8.7,NA,NA,NA,NA,NA,0.6126761,"no",41661.5034577,172,"Mood Disorders","Hospitalization",2010,17,2,"N CENTRAL",2,"Exurban Area",5,"High Income",3,"Supervisorial District 3",259,290.665050613876,296.218587409736,129,298.376277929407,130,283.397279386118,199,331.186446319503,11,273.563790101965,37,285.163776493256,NA,NA,5,115.420129270545,34,199.238206856138,62,558.911024970702,65,258.192651439921,84,373.532550693703,14,105.382009785472
"490","ELLIOTT-NAVAJO",754,"Overall, concentrated, and child (0 to 18 years of age) poverty rate","2000",9,"Total","CT","06073017501","0175.01","San Diego","06073",NA,NA,"Overall",2941,317.628,10.8,NA,NA,NA,NA,NA,0.7605634,"no",41661.5034577,175.01,"Mood Disorders","Hospitalization",2010,17,2,"N CENTRAL",2,"Exurban Area",5,"High Income",3,"Supervisorial District 3",259,290.665050613876,296.218587409736,129,298.376277929407,130,283.397279386118,199,331.186446319503,11,273.563790101965,37,285.163776493256,NA,NA,5,115.420129270545,34,199.238206856138,62,558.911024970702,65,258.192651439921,84,373.532550693703,14,105.382009785472
"491","ELLIOTT-NAVAJO",754,"Overall, concentrated, and child (0 to 18 years of age) poverty rate","2000",9,"Total","CT","06073018000","0180.00","San Diego","06073",NA,NA,"Overall",3354,342.108,10.2,NA,NA,NA,NA,NA,0.7183099,"no",41661.5034577,180,"Mood Disorders","Hospitalization",2010,17,2,"N CENTRAL",2,"Exurban Area",5,"High Income",3,"Supervisorial District 3",259,290.665050613876,296.218587409736,129,298.376277929407,130,283.397279386118,199,331.186446319503,11,273.563790101965,37,285.163776493256,NA,NA,5,115.420129270545,34,199.238206856138,62,558.911024970702,65,258.192651439921,84,373.532550693703,14,105.382009785472
"492","ELLIOTT-NAVAJO",754,"Overall, concentrated, and child (0 to 18 years of age) poverty rate","2000",9,"Total","CT","06073017810","0178.10","San Diego","06073",NA,NA,"Child",971,49.521,5.1,NA,NA,NA,NA,NA,0.2684211,"no",41661.5034577,178.1,"Mood Disorders","Hospitalization",2010,17,2,"N CENTRAL",2,"Exurban Area",5,"High Income",3,"Supervisorial District 3",259,290.665050613876,296.218587409736,129,298.376277929407,130,283.397279386118,199,331.186446319503,11,273.563790101965,37,285.163776493256,NA,NA,5,115.420129270545,34,199.238206856138,62,558.911024970702,65,258.192651439921,84,373.532550693703,14,105.382009785472
"493","ELLIOTT-NAVAJO",754,"Overall, concentrated, and child (0 to 18 years of age) poverty rate","2000",9,"Total","CT","06073017502","0175.02","San Diego","06073",NA,NA,"Child",891,145.233,16.3,NA,NA,NA,NA,NA,0.8578947,"no",41661.5034577,175.02,"Mood Disorders","Hospitalization",2010,17,2,"N CENTRAL",2,"Exurban Area",5,"High Income",3,"Supervisorial District 3",259,290.665050613876,296.218587409736,129,298.376277929407,130,283.397279386118,199,331.186446319503,11,273.563790101965,37,285.163776493256,NA,NA,5,115.420129270545,34,199.238206856138,62,558.911024970702,65,258.192651439921,84,373.532550693703,14,105.382009785472
"494","ELLIOTT-NAVAJO",754,"Overall, concentrated, and child (0 to 18 years of age) poverty rate","2000",9,"Total","CT","06073017808","0178.08","San Diego","06073",NA,NA,"Overall",5472,169.632,3.1,NA,NA,NA,NA,NA,0.2183099,"no",41661.5034577,178.08,"Mood Disorders","Hospitalization",2010,17,2,"N CENTRAL",2,"Exurban Area",5,"High Income",3,"Supervisorial District 3",259,290.665050613876,296.218587409736,129,298.376277929407,130,283.397279386118,199,331.186446319503,11,273.563790101965,37,285.163776493256,NA,NA,5,115.420129270545,34,199.238206856138,62,558.911024970702,65,258.192651439921,84,373.532550693703,14,105.382009785472
"495","ELLIOTT-NAVAJO",754,"Overall, concentrated, and child (0 to 18 years of age) poverty rate","2000",9,"Total","CT","06073017501","0175.01","San Diego","06073",NA,NA,"Child",473,82.775,17.5,NA,NA,NA,NA,NA,0.9210526,"no",41661.5034577,175.01,"Mood Disorders","Hospitalization",2010,17,2,"N CENTRAL",2,"Exurban Area",5,"High Income",3,"Supervisorial District 3",259,290.665050613876,296.218587409736,129,298.376277929407,130,283.397279386118,199,331.186446319503,11,273.563790101965,37,285.163776493256,NA,NA,5,115.420129270545,34,199.238206856138,62,558.911024970702,65,258.192651439921,84,373.532550693703,14,105.382009785472
"496","ELLIOTT-NAVAJO",754,"Overall, concentrated, and child (0 to 18 years of age) poverty rate","2000",9,"Total","CT","06073017811","0178.11","San Diego","06073",NA,NA,"Overall",5555,111.1,2,NA,NA,NA,NA,NA,0.1408451,"no",41661.5034577,178.11,"Mood Disorders","Hospitalization",2010,17,2,"N CENTRAL",2,"Exurban Area",5,"High Income",3,"Supervisorial District 3",259,290.665050613876,296.218587409736,129,298.376277929407,130,283.397279386118,199,331.186446319503,11,273.563790101965,37,285.163776493256,NA,NA,5,115.420129270545,34,199.238206856138,62,558.911024970702,65,258.192651439921,84,373.532550693703,14,105.382009785472
"497","ELLIOTT-NAVAJO",754,"Overall, concentrated, and child (0 to 18 years of age) poverty rate","2000",9,"Total","CT","06073017200","0172.00","San Diego","06073",NA,NA,"Child",598,111.228,18.6,NA,NA,NA,NA,NA,0.9789474,"no",41661.5034577,172,"Mood Disorders","Hospitalization",2010,17,2,"N CENTRAL",2,"Exurban Area",5,"High Income",3,"Supervisorial District 3",259,290.665050613876,296.218587409736,129,298.376277929407,130,283.397279386118,199,331.186446319503,11,273.563790101965,37,285.163776493256,NA,NA,5,115.420129270545,34,199.238206856138,62,558.911024970702,65,258.192651439921,84,373.532550693703,14,105.382009785472
"498","ELLIOTT-NAVAJO",754,"Overall, concentrated, and child (0 to 18 years of age) poverty rate","2000",9,"Total","CT","06073017303","0173.03","San Diego","06073",NA,NA,"Overall",2961,136.206,4.6,NA,NA,NA,NA,NA,0.3239437,"no",41661.5034577,173.03,"Mood Disorders","Hospitalization",2010,17,2,"N CENTRAL",2,"Exurban Area",5,"High Income",3,"Supervisorial District 3",259,290.665050613876,296.218587409736,129,298.376277929407,130,283.397279386118,199,331.186446319503,11,273.563790101965,37,285.163776493256,NA,NA,5,115.420129270545,34,199.238206856138,62,558.911024970702,65,258.192651439921,84,373.532550693703,14,105.382009785472
"499","ELLIOTT-NAVAJO",754,"Overall, concentrated, and child (0 to 18 years of age) poverty rate","2000",9,"Total","CT","06073017900","0179.00","San Diego","06073",NA,NA,"Overall",7226,1336.81,18.5,NA,NA,NA,NA,NA,1.3028169,"no",41661.5034577,179,"Mood Disorders","Hospitalization",2010,17,2,"N CENTRAL",2,"Exurban Area",5,"High Income",3,"Supervisorial District 3",259,290.665050613876,296.218587409736,129,298.376277929407,130,283.397279386118,199,331.186446319503,11,273.563790101965,37,285.163776493256,NA,NA,5,115.420129270545,34,199.238206856138,62,558.911024970702,65,258.192651439921,84,373.532550693703,14,105.382009785472
"500","ELLIOTT-NAVAJO",754,"Overall, concentrated, and child (0 to 18 years of age) poverty rate","2000",9,"Total","CT","06073017900","0179.00","San Diego","06073",NA,NA,"Child",1682,529.83,31.5,NA,NA,NA,NA,NA,1.6578947,"no",41661.5034577,179,"Mood Disorders","Hospitalization",2010,17,2,"N CENTRAL",2,"Exurban Area",5,"High Income",3,"Supervisorial District 3",259,290.665050613876,296.218587409736,129,298.376277929407,130,283.397279386118,199,331.186446319503,11,273.563790101965,37,285.163776493256,NA,NA,5,115.420129270545,34,199.238206856138,62,558.911024970702,65,258.192651439921,84,373.532550693703,14,105.382009785472
"501","ESCONDIDO",754,"Overall, concentrated, and child (0 to 18 years of age) poverty rate","2006-2010",9,"Total","CT","06073019302","0193.02","San Diego","06073",NA,NA,"Overall",6969,285.729,4.1,1.7170213,6.4829787,1.2158055,29.653792,NA,0.2992701,"no",41661.5034577,193.02,"Mood Disorders","Hospitalization",2010,50,6,"N INLAND",2,"Exurban Area",3,"Moderately Low Income",3,"Supervisorial District 3",484,296.894265156023,301.152852188225,190,234.942068232123,294,357.881923311016,370,520.393811533052,23,683.506686478455,69,93.104844150587,8,78.3392087739914,7,165.328294756731,40,110.518608570718,102,397.862464406912,144,318.077398833716,152,395.905503607428,46,262.46719160105
"502","ESCONDIDO",754,"Overall, concentrated, and child (0 to 18 years of age) poverty rate","2006-2010",9,"Total","CT","06073019502","0195.02","San Diego","06073",NA,NA,"Child",1671,543.075,32.5,16.6531915,48.3468085,8.0851064,24.8772504,NA,1.7015707,"no",41661.5034577,195.02,"Mood Disorders","Hospitalization",2010,50,6,"N INLAND",2,"Exurban Area",3,"Moderately Low Income",3,"Supervisorial District 3",484,296.894265156023,301.152852188225,190,234.942068232123,294,357.881923311016,370,520.393811533052,23,683.506686478455,69,93.104844150587,8,78.3392087739914,7,165.328294756731,40,110.518608570718,102,397.862464406912,144,318.077398833716,152,395.905503607428,46,262.46719160105
"503","ESCONDIDO",754,"Overall, concentrated, and child (0 to 18 years of age) poverty rate","2006-2010",9,"Total","CT","06073019502","0195.02","San Diego","06073",NA,NA,"Overall",5111,1206.196,23.6,13.3531915,33.8468085,5.2279635,22.1523878,NA,1.7226277,"no",41661.5034577,195.02,"Mood Disorders","Hospitalization",2010,50,6,"N INLAND",2,"Exurban Area",3,"Moderately Low Income",3,"Supervisorial District 3",484,296.894265156023,301.152852188225,190,234.942068232123,294,357.881923311016,370,520.393811533052,23,683.506686478455,69,93.104844150587,8,78.3392087739914,7,165.328294756731,40,110.518608570718,102,397.862464406912,144,318.077398833716,152,395.905503607428,46,262.46719160105
"504","ESCONDIDO",754,"Overall, concentrated, and child (0 to 18 years of age) poverty rate","2006-2010",9,"Total","CT","06073019904","0199.04","San Diego","06073",NA,NA,"Child",1141,25.102,2.2,0,6.4893617,2.1884498,99.4749931,NA,0.1151832,"no",41661.5034577,199.04,"Mood Disorders","Hospitalization",2010,50,6,"N INLAND",2,"Exurban Area",3,"Moderately Low Income",3,"Supervisorial District 3",484,296.894265156023,301.152852188225,190,234.942068232123,294,357.881923311016,370,520.393811533052,23,683.506686478455,69,93.104844150587,8,78.3392087739914,7,165.328294756731,40,110.518608570718,102,397.862464406912,144,318.077398833716,152,395.905503607428,46,262.46719160105
"505","ESCONDIDO",754,"Overall, concentrated, and child (0 to 18 years of age) poverty rate","2006-2010",9,"Total","CT","06073019904","0199.04","San Diego","06073",NA,NA,"Overall",6330,626.67,9.9,4.6574468,15.1425532,2.674772,27.0178994,NA,0.7226277,"no",41661.5034577,199.04,"Mood Disorders","Hospitalization",2010,50,6,"N INLAND",2,"Exurban Area",3,"Moderately Low Income",3,"Supervisorial District 3",484,296.894265156023,301.152852188225,190,234.942068232123,294,357.881923311016,370,520.393811533052,23,683.506686478455,69,93.104844150587,8,78.3392087739914,7,165.328294756731,40,110.518608570718,102,397.862464406912,144,318.077398833716,152,395.905503607428,46,262.46719160105
"506","ESCONDIDO",754,"Overall, concentrated, and child (0 to 18 years of age) poverty rate","2006-2010",9,"Total","CT","06073019903","0199.03","San Diego","06073",NA,NA,"Child",953,152.48,16,2.2978723,29.7021277,6.9908815,43.6930091,NA,0.8376963,"no",41661.5034577,199.03,"Mood Disorders","Hospitalization",2010,50,6,"N INLAND",2,"Exurban Area",3,"Moderately Low Income",3,"Supervisorial District 3",484,296.894265156023,301.152852188225,190,234.942068232123,294,357.881923311016,370,520.393811533052,23,683.506686478455,69,93.104844150587,8,78.3392087739914,7,165.328294756731,40,110.518608570718,102,397.862464406912,144,318.077398833716,152,395.905503607428,46,262.46719160105
"507","ESCONDIDO",754,"Overall, concentrated, and child (0 to 18 years of age) poverty rate","2006-2010",9,"Total","CT","06073019503","0195.03","San Diego","06073",NA,NA,"Child",1404,489.996,34.9,11.6659574,58.1340426,11.8541033,33.9659122,NA,1.8272251,"no",41661.5034577,195.03,"Mood Disorders","Hospitalization",2010,50,6,"N INLAND",2,"Exurban Area",3,"Moderately Low Income",3,"Supervisorial District 3",484,296.894265156023,301.152852188225,190,234.942068232123,294,357.881923311016,370,520.393811533052,23,683.506686478455,69,93.104844150587,8,78.3392087739914,7,165.328294756731,40,110.518608570718,102,397.862464406912,144,318.077398833716,152,395.905503607428,46,262.46719160105
"508","ESCONDIDO",754,"Overall, concentrated, and child (0 to 18 years of age) poverty rate","2006-2010",9,"Total","CT","06073019601","0196.01","San Diego","06073",NA,NA,"Overall",6040,942.24,15.6,3.2085106,27.9914894,6.3221884,40.526849,NA,1.1386861,"no",41661.5034577,196.01,"Mood Disorders","Hospitalization",2010,50,6,"N INLAND",2,"Exurban Area",3,"Moderately Low Income",3,"Supervisorial District 3",484,296.894265156023,301.152852188225,190,234.942068232123,294,357.881923311016,370,520.393811533052,23,683.506686478455,69,93.104844150587,8,78.3392087739914,7,165.328294756731,40,110.518608570718,102,397.862464406912,144,318.077398833716,152,395.905503607428,46,262.46719160105
"509","ESCONDIDO",754,"Overall, concentrated, and child (0 to 18 years of age) poverty rate","2006-2010",9,"Total","CT","06073020017","0200.17","San Diego","06073",NA,NA,"Overall",2796,332.724,11.9,0.5808511,23.2191489,5.775076,48.5300503,NA,0.8686131,"no",41661.5034577,200.17,"Mood Disorders","Hospitalization",2010,50,6,"N INLAND",2,"Exurban Area",3,"Moderately Low Income",3,"Supervisorial District 3",484,296.894265156023,301.152852188225,190,234.942068232123,294,357.881923311016,370,520.393811533052,23,683.506686478455,69,93.104844150587,8,78.3392087739914,7,165.328294756731,40,110.518608570718,102,397.862464406912,144,318.077398833716,152,395.905503607428,46,262.46719160105
"510","ESCONDIDO",754,"Overall, concentrated, and child (0 to 18 years of age) poverty rate","2006-2010",9,"Total","CT","06073020018","0200.18","San Diego","06073",NA,NA,"Child",1914,543.576,28.4,16.1276596,40.6723404,6.2613982,22.0471767,NA,1.486911,"no",41661.5034577,200.18,"Mood Disorders","Hospitalization",2010,50,6,"N INLAND",2,"Exurban Area",3,"Moderately Low Income",3,"Supervisorial District 3",484,296.894265156023,301.152852188225,190,234.942068232123,294,357.881923311016,370,520.393811533052,23,683.506686478455,69,93.104844150587,8,78.3392087739914,7,165.328294756731,40,110.518608570718,102,397.862464406912,144,318.077398833716,152,395.905503607428,46,262.46719160105
"511","ESCONDIDO",754,"Overall, concentrated, and child (0 to 18 years of age) poverty rate","2006-2010",9,"Total","CT","06073019903","0199.03","San Diego","06073",NA,NA,"Overall",4076,562.488,13.8,6.8893617,20.7106383,3.5258359,25.5495353,NA,1.0072993,"no",41661.5034577,199.03,"Mood Disorders","Hospitalization",2010,50,6,"N INLAND",2,"Exurban Area",3,"Moderately Low Income",3,"Supervisorial District 3",484,296.894265156023,301.152852188225,190,234.942068232123,294,357.881923311016,370,520.393811533052,23,683.506686478455,69,93.104844150587,8,78.3392087739914,7,165.328294756731,40,110.518608570718,102,397.862464406912,144,318.077398833716,152,395.905503607428,46,262.46719160105
"512","ESCONDIDO",754,"Overall, concentrated, and child (0 to 18 years of age) poverty rate","2006-2010",9,"Total","CT","06073020017","0200.17","San Diego","06073",NA,NA,"Child",667,118.726,17.8,0,43.893617,13.3130699,74.7925276,NA,0.9319372,"no",41661.5034577,200.17,"Mood Disorders","Hospitalization",2010,50,6,"N INLAND",2,"Exurban Area",3,"Moderately Low Income",3,"Supervisorial District 3",484,296.894265156023,301.152852188225,190,234.942068232123,294,357.881923311016,370,520.393811533052,23,683.506686478455,69,93.104844150587,8,78.3392087739914,7,165.328294756731,40,110.518608570718,102,397.862464406912,144,318.077398833716,152,395.905503607428,46,262.46719160105
"513","ESCONDIDO",754,"Overall, concentrated, and child (0 to 18 years of age) poverty rate","2006-2010",9,"Total","CT","06073019206","0192.06","San Diego","06073",NA,NA,"Child",1782,509.652,28.6,12.2765957,44.9234043,8.3282675,29.1198164,NA,1.4973822,"no",41661.5034577,192.06,"Mood Disorders","Hospitalization",2010,50,6,"N INLAND",2,"Exurban Area",3,"Moderately Low Income",3,"Supervisorial District 3",484,296.894265156023,301.152852188225,190,234.942068232123,294,357.881923311016,370,520.393811533052,23,683.506686478455,69,93.104844150587,8,78.3392087739914,7,165.328294756731,40,110.518608570718,102,397.862464406912,144,318.077398833716,152,395.905503607428,46,262.46719160105
"514","ESCONDIDO",754,"Overall, concentrated, and child (0 to 18 years of age) poverty rate","2006-2010",9,"Total","CT","06073019602","0196.02","San Diego","06073",NA,NA,"Child",1230,184.5,15,0.3446809,29.6553191,7.4772036,49.8480243,NA,0.7853403,"no",41661.5034577,196.02,"Mood Disorders","Hospitalization",2010,50,6,"N INLAND",2,"Exurban Area",3,"Moderately Low Income",3,"Supervisorial District 3",484,296.894265156023,301.152852188225,190,234.942068232123,294,357.881923311016,370,520.393811533052,23,683.506686478455,69,93.104844150587,8,78.3392087739914,7,165.328294756731,40,110.518608570718,102,397.862464406912,144,318.077398833716,152,395.905503607428,46,262.46719160105
"515","ESCONDIDO",754,"Overall, concentrated, and child (0 to 18 years of age) poverty rate","2006-2010",9,"Total","CT","06073019501","0195.01","San Diego","06073",NA,NA,"Overall",3435,820.965,23.9,12.4617021,35.3382979,5.8358663,24.4178505,NA,1.7445255,"no",41661.5034577,195.01,"Mood Disorders","Hospitalization",2010,50,6,"N INLAND",2,"Exurban Area",3,"Moderately Low Income",3,"Supervisorial District 3",484,296.894265156023,301.152852188225,190,234.942068232123,294,357.881923311016,370,520.393811533052,23,683.506686478455,69,93.104844150587,8,78.3392087739914,7,165.328294756731,40,110.518608570718,102,397.862464406912,144,318.077398833716,152,395.905503607428,46,262.46719160105
"516","ESCONDIDO",754,"Overall, concentrated, and child (0 to 18 years of age) poverty rate","2006-2010",9,"Total","CT","06073019205","0192.05","San Diego","06073",NA,NA,"Overall",5591,648.556,11.6,3.8553191,19.3446809,3.9513678,34.0635154,NA,0.8467153,"no",41661.5034577,192.05,"Mood Disorders","Hospitalization",2010,50,6,"N INLAND",2,"Exurban Area",3,"Moderately Low Income",3,"Supervisorial District 3",484,296.894265156023,301.152852188225,190,234.942068232123,294,357.881923311016,370,520.393811533052,23,683.506686478455,69,93.104844150587,8,78.3392087739914,7,165.328294756731,40,110.518608570718,102,397.862464406912,144,318.077398833716,152,395.905503607428,46,262.46719160105
"517","ESCONDIDO",754,"Overall, concentrated, and child (0 to 18 years of age) poverty rate","2006-2010",9,"Total","CT","06073020103","0201.03","San Diego","06073",NA,NA,"Child",2685,131.565,4.9,0,13.2404255,4.2553191,86.8432479,NA,0.2565445,"no",41661.5034577,201.03,"Mood Disorders","Hospitalization",2010,50,6,"N INLAND",2,"Exurban Area",3,"Moderately Low Income",3,"Supervisorial District 3",484,296.894265156023,301.152852188225,190,234.942068232123,294,357.881923311016,370,520.393811533052,23,683.506686478455,69,93.104844150587,8,78.3392087739914,7,165.328294756731,40,110.518608570718,102,397.862464406912,144,318.077398833716,152,395.905503607428,46,262.46719160105
"518","ESCONDIDO",754,"Overall, concentrated, and child (0 to 18 years of age) poverty rate","2006-2010",9,"Total","CT","06073020103","0201.03","San Diego","06073",NA,NA,"Overall",10330,640.46,6.2,0.7191489,11.6808511,2.7963526,45.102461,NA,0.4525547,"no",41661.5034577,201.03,"Mood Disorders","Hospitalization",2010,50,6,"N INLAND",2,"Exurban Area",3,"Moderately Low Income",3,"Supervisorial District 3",484,296.894265156023,301.152852188225,190,234.942068232123,294,357.881923311016,370,520.393811533052,23,683.506686478455,69,93.104844150587,8,78.3392087739914,7,165.328294756731,40,110.518608570718,102,397.862464406912,144,318.077398833716,152,395.905503607428,46,262.46719160105
"519","ESCONDIDO",754,"Overall, concentrated, and child (0 to 18 years of age) poverty rate","2006-2010",9,"Total","CT","06073020105","0201.05","San Diego","06073",NA,NA,"Child",470,0,0,0,9.7702128,4.9848024,NA,NA,0,"no",41661.5034577,201.05,"Mood Disorders","Hospitalization",2010,50,6,"N INLAND",2,"Exurban Area",3,"Moderately Low Income",3,"Supervisorial District 3",484,296.894265156023,301.152852188225,190,234.942068232123,294,357.881923311016,370,520.393811533052,23,683.506686478455,69,93.104844150587,8,78.3392087739914,7,165.328294756731,40,110.518608570718,102,397.862464406912,144,318.077398833716,152,395.905503607428,46,262.46719160105
"520","ESCONDIDO",754,"Overall, concentrated, and child (0 to 18 years of age) poverty rate","2006-2010",9,"Total","CT","06073019803","0198.03","San Diego","06073",NA,NA,"Child",1081,25.944,2.4,0,6.9276596,2.3100304,96.2512665,NA,0.1256545,"no",41661.5034577,198.03,"Mood Disorders","Hospitalization",2010,50,6,"N INLAND",2,"Exurban Area",3,"Moderately Low Income",3,"Supervisorial District 3",484,296.894265156023,301.152852188225,190,234.942068232123,294,357.881923311016,370,520.393811533052,23,683.506686478455,69,93.104844150587,8,78.3392087739914,7,165.328294756731,40,110.518608570718,102,397.862464406912,144,318.077398833716,152,395.905503607428,46,262.46719160105
"521","ESCONDIDO",754,"Overall, concentrated, and child (0 to 18 years of age) poverty rate","2006-2010",9,"Total","CT","06073020106","0201.06","San Diego","06073",NA,NA,"Child",1079,38.844,3.6,0,8.6042553,2.5531915,70.9219858,NA,0.1884817,"no",41661.5034577,201.06,"Mood Disorders","Hospitalization",2010,50,6,"N INLAND",2,"Exurban Area",3,"Moderately Low Income",3,"Supervisorial District 3",484,296.894265156023,301.152852188225,190,234.942068232123,294,357.881923311016,370,520.393811533052,23,683.506686478455,69,93.104844150587,8,78.3392087739914,7,165.328294756731,40,110.518608570718,102,397.862464406912,144,318.077398833716,152,395.905503607428,46,262.46719160105
"522","ESCONDIDO",754,"Overall, concentrated, and child (0 to 18 years of age) poverty rate","2006-2010",9,"Total","CT","06073020106","0201.06","San Diego","06073",NA,NA,"Overall",3463,245.873,7.1,2.8106383,11.3893617,2.1884498,30.8232373,NA,0.5182482,"no",41661.5034577,201.06,"Mood Disorders","Hospitalization",2010,50,6,"N INLAND",2,"Exurban Area",3,"Moderately Low Income",3,"Supervisorial District 3",484,296.894265156023,301.152852188225,190,234.942068232123,294,357.881923311016,370,520.393811533052,23,683.506686478455,69,93.104844150587,8,78.3392087739914,7,165.328294756731,40,110.518608570718,102,397.862464406912,144,318.077398833716,152,395.905503607428,46,262.46719160105
"523","ESCONDIDO",754,"Overall, concentrated, and child (0 to 18 years of age) poverty rate","2006-2010",9,"Total","CT","06073019806","0198.06","San Diego","06073",NA,NA,"Overall",10554,274.404,2.6,0.693617,4.506383,0.9726444,37.4093991,NA,0.189781,"no",41661.5034577,198.06,"Mood Disorders","Hospitalization",2010,50,6,"N INLAND",2,"Exurban Area",3,"Moderately Low Income",3,"Supervisorial District 3",484,296.894265156023,301.152852188225,190,234.942068232123,294,357.881923311016,370,520.393811533052,23,683.506686478455,69,93.104844150587,8,78.3392087739914,7,165.328294756731,40,110.518608570718,102,397.862464406912,144,318.077398833716,152,395.905503607428,46,262.46719160105
"524","ESCONDIDO",754,"Overall, concentrated, and child (0 to 18 years of age) poverty rate","2006-2010",9,"Total","CT","06073020018","0200.18","San Diego","06073",NA,NA,"Overall",6537,1281.252,19.6,12.3319149,26.8680851,3.7082067,18.9194219,NA,1.4306569,"no",41661.5034577,200.18,"Mood Disorders","Hospitalization",2010,50,6,"N INLAND",2,"Exurban Area",3,"Moderately Low Income",3,"Supervisorial District 3",484,296.894265156023,301.152852188225,190,234.942068232123,294,357.881923311016,370,520.393811533052,23,683.506686478455,69,93.104844150587,8,78.3392087739914,7,165.328294756731,40,110.518608570718,102,397.862464406912,144,318.077398833716,152,395.905503607428,46,262.46719160105
"525","ESCONDIDO",754,"Overall, concentrated, and child (0 to 18 years of age) poverty rate","2006-2010",9,"Total","CT","06073020029","0200.29","San Diego","06073",NA,NA,"Overall",5156,757.932,14.7,6.3595745,23.0404255,4.2553191,28.9477493,NA,1.0729927,"no",41661.5034577,200.29,"Mood Disorders","Hospitalization",2010,50,6,"N INLAND",2,"Exurban Area",3,"Moderately Low Income",3,"Supervisorial District 3",484,296.894265156023,301.152852188225,190,234.942068232123,294,357.881923311016,370,520.393811533052,23,683.506686478455,69,93.104844150587,8,78.3392087739914,7,165.328294756731,40,110.518608570718,102,397.862464406912,144,318.077398833716,152,395.905503607428,46,262.46719160105
"526","ESCONDIDO",754,"Overall, concentrated, and child (0 to 18 years of age) poverty rate","2006-2010",9,"Total","CT","06073020202","0202.02","San Diego","06073",NA,NA,"Overall",6410,1987.1,31,18.7276596,43.2723404,6.2613982,20.1980586,NA,2.2627737,"no",41661.5034577,202.02,"Mood Disorders","Hospitalization",2010,50,6,"N INLAND",2,"Exurban Area",3,"Moderately Low Income",3,"Supervisorial District 3",484,296.894265156023,301.152852188225,190,234.942068232123,294,357.881923311016,370,520.393811533052,23,683.506686478455,69,93.104844150587,8,78.3392087739914,7,165.328294756731,40,110.518608570718,102,397.862464406912,144,318.077398833716,152,395.905503607428,46,262.46719160105
"527","ESCONDIDO",754,"Overall, concentrated, and child (0 to 18 years of age) poverty rate","2006-2010",9,"Total","CT","06073020206","0202.06","San Diego","06073",NA,NA,"Child",1529,496.925,32.5,17.487234,47.512766,7.6595745,23.5679214,NA,1.7015707,"no",41661.5034577,202.06,"Mood Disorders","Hospitalization",2010,50,6,"N INLAND",2,"Exurban Area",3,"Moderately Low Income",3,"Supervisorial District 3",484,296.894265156023,301.152852188225,190,234.942068232123,294,357.881923311016,370,520.393811533052,23,683.506686478455,69,93.104844150587,8,78.3392087739914,7,165.328294756731,40,110.518608570718,102,397.862464406912,144,318.077398833716,152,395.905503607428,46,262.46719160105
"528","ESCONDIDO",754,"Overall, concentrated, and child (0 to 18 years of age) poverty rate","2006-2010",9,"Total","CT","06073019602","0196.02","San Diego","06073",NA,NA,"Overall",5219,730.66,14,5.8978723,22.1021277,4.1337386,29.5267043,NA,1.0218978,"no",41661.5034577,196.02,"Mood Disorders","Hospitalization",2010,50,6,"N INLAND",2,"Exurban Area",3,"Moderately Low Income",3,"Supervisorial District 3",484,296.894265156023,301.152852188225,190,234.942068232123,294,357.881923311016,370,520.393811533052,23,683.506686478455,69,93.104844150587,8,78.3392087739914,7,165.328294756731,40,110.518608570718,102,397.862464406912,144,318.077398833716,152,395.905503607428,46,262.46719160105
"529","ESCONDIDO",754,"Overall, concentrated, and child (0 to 18 years of age) poverty rate","2006-2010",9,"Total","CT","06073020105","0201.05","San Diego","06073",NA,NA,"Overall",2946,167.922,5.7,0.9340426,10.4659574,2.4316109,42.6598411,NA,0.4160584,"no",41661.5034577,201.05,"Mood Disorders","Hospitalization",2010,50,6,"N INLAND",2,"Exurban Area",3,"Moderately Low Income",3,"Supervisorial District 3",484,296.894265156023,301.152852188225,190,234.942068232123,294,357.881923311016,370,520.393811533052,23,683.506686478455,69,93.104844150587,8,78.3392087739914,7,165.328294756731,40,110.518608570718,102,397.862464406912,144,318.077398833716,152,395.905503607428,46,262.46719160105
"530","ESCONDIDO",754,"Overall, concentrated, and child (0 to 18 years of age) poverty rate","2006-2010",9,"Total","CT","06073020207","0202.07","San Diego","06073",NA,NA,"Overall",5003,1145.687,22.9,12.6531915,33.1468085,5.2279635,22.829535,NA,1.6715328,"no",41661.5034577,202.07,"Mood Disorders","Hospitalization",2010,50,6,"N INLAND",2,"Exurban Area",3,"Moderately Low Income",3,"Supervisorial District 3",484,296.894265156023,301.152852188225,190,234.942068232123,294,357.881923311016,370,520.393811533052,23,683.506686478455,69,93.104844150587,8,78.3392087739914,7,165.328294756731,40,110.518608570718,102,397.862464406912,144,318.077398833716,152,395.905503607428,46,262.46719160105
"531","ESCONDIDO",754,"Overall, concentrated, and child (0 to 18 years of age) poverty rate","2006-2010",9,"Total","CT","06073020208","0202.08","San Diego","06073",NA,NA,"Child",684,57.456,8.4,0,20.0765957,5.9574468,70.9219858,NA,0.4397906,"no",41661.5034577,202.08,"Mood Disorders","Hospitalization",2010,50,6,"N INLAND",2,"Exurban Area",3,"Moderately Low Income",3,"Supervisorial District 3",484,296.894265156023,301.152852188225,190,234.942068232123,294,357.881923311016,370,520.393811533052,23,683.506686478455,69,93.104844150587,8,78.3392087739914,7,165.328294756731,40,110.518608570718,102,397.862464406912,144,318.077398833716,152,395.905503607428,46,262.46719160105
"532","ESCONDIDO",754,"Overall, concentrated, and child (0 to 18 years of age) poverty rate","2006-2010",9,"Total","CT","06073020206","0202.06","San Diego","06073",NA,NA,"Overall",4990,963.07,19.3,11.4361702,27.1638298,4.0121581,20.7883837,NA,1.4087591,"no",41661.5034577,202.06,"Mood Disorders","Hospitalization",2010,50,6,"N INLAND",2,"Exurban Area",3,"Moderately Low Income",3,"Supervisorial District 3",484,296.894265156023,301.152852188225,190,234.942068232123,294,357.881923311016,370,520.393811533052,23,683.506686478455,69,93.104844150587,8,78.3392087739914,7,165.328294756731,40,110.518608570718,102,397.862464406912,144,318.077398833716,152,395.905503607428,46,262.46719160105
"533","ESCONDIDO",754,"Overall, concentrated, and child (0 to 18 years of age) poverty rate","2006-2010",9,"Total","CT","06073020209","0202.09","San Diego","06073",NA,NA,"Child",1080,327.24,30.3,13.6191489,46.9808511,8.5106383,28.0879152,NA,1.5863874,"no",41661.5034577,202.09,"Mood Disorders","Hospitalization",2010,50,6,"N INLAND",2,"Exurban Area",3,"Moderately Low Income",3,"Supervisorial District 3",484,296.894265156023,301.152852188225,190,234.942068232123,294,357.881923311016,370,520.393811533052,23,683.506686478455,69,93.104844150587,8,78.3392087739914,7,165.328294756731,40,110.518608570718,102,397.862464406912,144,318.077398833716,152,395.905503607428,46,262.46719160105
"534","ESCONDIDO",754,"Overall, concentrated, and child (0 to 18 years of age) poverty rate","2006-2010",9,"Total","CT","06073020209","0202.09","San Diego","06073",NA,NA,"Overall",4168,825.264,19.8,11.8170213,27.7829787,4.0729483,20.5704461,NA,1.4452555,"no",41661.5034577,202.09,"Mood Disorders","Hospitalization",2010,50,6,"N INLAND",2,"Exurban Area",3,"Moderately Low Income",3,"Supervisorial District 3",484,296.894265156023,301.152852188225,190,234.942068232123,294,357.881923311016,370,520.393811533052,23,683.506686478455,69,93.104844150587,8,78.3392087739914,7,165.328294756731,40,110.518608570718,102,397.862464406912,144,318.077398833716,152,395.905503607428,46,262.46719160105
"535","ESCONDIDO",754,"Overall, concentrated, and child (0 to 18 years of age) poverty rate","2006-2010",9,"Total","CT","06073020213","0202.13","San Diego","06073",NA,NA,"Child",1359,523.215,38.5,19.0787234,57.9212766,9.9088146,25.7371808,NA,2.0157068,"no",41661.5034577,202.13,"Mood Disorders","Hospitalization",2010,50,6,"N INLAND",2,"Exurban Area",3,"Moderately Low Income",3,"Supervisorial District 3",484,296.894265156023,301.152852188225,190,234.942068232123,294,357.881923311016,370,520.393811533052,23,683.506686478455,69,93.104844150587,8,78.3392087739914,7,165.328294756731,40,110.518608570718,102,397.862464406912,144,318.077398833716,152,395.905503607428,46,262.46719160105
"536","ESCONDIDO",754,"Overall, concentrated, and child (0 to 18 years of age) poverty rate","2006-2010",9,"Total","CT","06073020208","0202.08","San Diego","06073",NA,NA,"Overall",2573,288.176,11.2,4.1702128,18.2297872,3.5866261,32.0234477,NA,0.8175182,"no",41661.5034577,202.08,"Mood Disorders","Hospitalization",2010,50,6,"N INLAND",2,"Exurban Area",3,"Moderately Low Income",3,"Supervisorial District 3",484,296.894265156023,301.152852188225,190,234.942068232123,294,357.881923311016,370,520.393811533052,23,683.506686478455,69,93.104844150587,8,78.3392087739914,7,165.328294756731,40,110.518608570718,102,397.862464406912,144,318.077398833716,152,395.905503607428,46,262.46719160105
"537","ESCONDIDO",754,"Overall, concentrated, and child (0 to 18 years of age) poverty rate","2006-2010",9,"Total","CT","06073019902","0199.02","San Diego","06073",NA,NA,"Overall",3938,421.366,10.7,4.5042553,16.8957447,3.1610942,29.5429367,NA,0.7810219,"no",41661.5034577,199.02,"Mood Disorders","Hospitalization",2010,50,6,"N INLAND",2,"Exurban Area",3,"Moderately Low Income",3,"Supervisorial District 3",484,296.894265156023,301.152852188225,190,234.942068232123,294,357.881923311016,370,520.393811533052,23,683.506686478455,69,93.104844150587,8,78.3392087739914,7,165.328294756731,40,110.518608570718,102,397.862464406912,144,318.077398833716,152,395.905503607428,46,262.46719160105
"538","ESCONDIDO",754,"Overall, concentrated, and child (0 to 18 years of age) poverty rate","2006-2010",9,"Total","CT","06073020202","0202.02","San Diego","06073",NA,NA,"Child",2106,998.244,47.4,30.0042553,64.7957447,8.8753799,18.7244303,NA,2.4816754,"no",41661.5034577,202.02,"Mood Disorders","Hospitalization",2010,50,6,"N INLAND",2,"Exurban Area",3,"Moderately Low Income",3,"Supervisorial District 3",484,296.894265156023,301.152852188225,190,234.942068232123,294,357.881923311016,370,520.393811533052,23,683.506686478455,69,93.104844150587,8,78.3392087739914,7,165.328294756731,40,110.518608570718,102,397.862464406912,144,318.077398833716,152,395.905503607428,46,262.46719160105
"539","ESCONDIDO",754,"Overall, concentrated, and child (0 to 18 years of age) poverty rate","2006-2010",9,"Total","CT","06073019205","0192.05","San Diego","06073",NA,NA,"Child",1446,205.332,14.2,0,30.8808511,8.5106383,59.9340725,NA,0.7434555,"no",41661.5034577,192.05,"Mood Disorders","Hospitalization",2010,50,6,"N INLAND",2,"Exurban Area",3,"Moderately Low Income",3,"Supervisorial District 3",484,296.894265156023,301.152852188225,190,234.942068232123,294,357.881923311016,370,520.393811533052,23,683.506686478455,69,93.104844150587,8,78.3392087739914,7,165.328294756731,40,110.518608570718,102,397.862464406912,144,318.077398833716,152,395.905503607428,46,262.46719160105
"540","ESCONDIDO",754,"Overall, concentrated, and child (0 to 18 years of age) poverty rate","2006-2010",9,"Total","CT","06073019803","0198.03","San Diego","06073",NA,NA,"Overall",4371,179.211,4.1,1.4787234,6.7212766,1.337386,32.6191712,NA,0.2992701,"no",41661.5034577,198.03,"Mood Disorders","Hospitalization",2010,50,6,"N INLAND",2,"Exurban Area",3,"Moderately Low Income",3,"Supervisorial District 3",484,296.894265156023,301.152852188225,190,234.942068232123,294,357.881923311016,370,520.393811533052,23,683.506686478455,69,93.104844150587,8,78.3392087739914,7,165.328294756731,40,110.518608570718,102,397.862464406912,144,318.077398833716,152,395.905503607428,46,262.46719160105
"541","ESCONDIDO",754,"Overall, concentrated, and child (0 to 18 years of age) poverty rate","2006-2010",9,"Total","CT","06073019804","0198.04","San Diego","06073",NA,NA,"Child",811,81.911,10.1,2.1170213,18.0829787,4.0729483,40.3262211,NA,0.5287958,"no",41661.5034577,198.04,"Mood Disorders","Hospitalization",2010,50,6,"N INLAND",2,"Exurban Area",3,"Moderately Low Income",3,"Supervisorial District 3",484,296.894265156023,301.152852188225,190,234.942068232123,294,357.881923311016,370,520.393811533052,23,683.506686478455,69,93.104844150587,8,78.3392087739914,7,165.328294756731,40,110.518608570718,102,397.862464406912,144,318.077398833716,152,395.905503607428,46,262.46719160105
"542","ESCONDIDO",754,"Overall, concentrated, and child (0 to 18 years of age) poverty rate","2006-2010",9,"Total","CT","06073020207","0202.07","San Diego","06073",NA,NA,"Child",1645,447.44,27.2,10.2808511,44.1191489,8.6322188,31.7360987,NA,1.4240838,"no",41661.5034577,202.07,"Mood Disorders","Hospitalization",2010,50,6,"N INLAND",2,"Exurban Area",3,"Moderately Low Income",3,"Supervisorial District 3",484,296.894265156023,301.152852188225,190,234.942068232123,294,357.881923311016,370,520.393811533052,23,683.506686478455,69,93.104844150587,8,78.3392087739914,7,165.328294756731,40,110.518608570718,102,397.862464406912,144,318.077398833716,152,395.905503607428,46,262.46719160105
"543","ESCONDIDO",754,"Overall, concentrated, and child (0 to 18 years of age) poverty rate","2006-2010",9,"Total","CT","06073019206","0192.06","San Diego","06073",NA,NA,"Overall",5597,1180.967,21.1,9.9,32.3,5.7142857,27.0819228,NA,1.540146,"no",41661.5034577,192.06,"Mood Disorders","Hospitalization",2010,50,6,"N INLAND",2,"Exurban Area",3,"Moderately Low Income",3,"Supervisorial District 3",484,296.894265156023,301.152852188225,190,234.942068232123,294,357.881923311016,370,520.393811533052,23,683.506686478455,69,93.104844150587,8,78.3392087739914,7,165.328294756731,40,110.518608570718,102,397.862464406912,144,318.077398833716,152,395.905503607428,46,262.46719160105
"544","ESCONDIDO",754,"Overall, concentrated, and child (0 to 18 years of age) poverty rate","2006-2010",9,"Total","CT","06073020304","0203.04","San Diego","06073",NA,NA,"Overall",5755,322.28,5.6,1.906383,9.293617,1.8844985,33.6517586,NA,0.4087591,"no",41661.5034577,203.04,"Mood Disorders","Hospitalization",2010,50,6,"N INLAND",2,"Exurban Area",3,"Moderately Low Income",3,"Supervisorial District 3",484,296.894265156023,301.152852188225,190,234.942068232123,294,357.881923311016,370,520.393811533052,23,683.506686478455,69,93.104844150587,8,78.3392087739914,7,165.328294756731,40,110.518608570718,102,397.862464406912,144,318.077398833716,152,395.905503607428,46,262.46719160105
"545","ESCONDIDO",754,"Overall, concentrated, and child (0 to 18 years of age) poverty rate","2006-2010",9,"Total","CT","06073020305","0203.05","San Diego","06073",NA,NA,"Child",1623,288.894,17.8,0,37.2212766,9.9088146,55.6674977,NA,0.9319372,"no",41661.5034577,203.05,"Mood Disorders","Hospitalization",2010,50,6,"N INLAND",2,"Exurban Area",3,"Moderately Low Income",3,"Supervisorial District 3",484,296.894265156023,301.152852188225,190,234.942068232123,294,357.881923311016,370,520.393811533052,23,683.506686478455,69,93.104844150587,8,78.3392087739914,7,165.328294756731,40,110.518608570718,102,397.862464406912,144,318.077398833716,152,395.905503607428,46,262.46719160105
"546","ESCONDIDO",754,"Overall, concentrated, and child (0 to 18 years of age) poverty rate","2006-2010",9,"Total","CT","06073020305","0203.05","San Diego","06073",NA,NA,"Overall",6557,1088.462,16.6,6.5914894,26.6085106,5.106383,30.7613432,NA,1.2116788,"no",41661.5034577,203.05,"Mood Disorders","Hospitalization",2010,50,6,"N INLAND",2,"Exurban Area",3,"Moderately Low Income",3,"Supervisorial District 3",484,296.894265156023,301.152852188225,190,234.942068232123,294,357.881923311016,370,520.393811533052,23,683.506686478455,69,93.104844150587,8,78.3392087739914,7,165.328294756731,40,110.518608570718,102,397.862464406912,144,318.077398833716,152,395.905503607428,46,262.46719160105
"547","ESCONDIDO",754,"Overall, concentrated, and child (0 to 18 years of age) poverty rate","2006-2010",9,"Total","CT","06073019902","0199.02","San Diego","06073",NA,NA,"Child",976,62.464,6.4,0,13.1914894,3.4650456,54.1413374,NA,0.3350785,"no",41661.5034577,199.02,"Mood Disorders","Hospitalization",2010,50,6,"N INLAND",2,"Exurban Area",3,"Moderately Low Income",3,"Supervisorial District 3",484,296.894265156023,301.152852188225,190,234.942068232123,294,357.881923311016,370,520.393811533052,23,683.506686478455,69,93.104844150587,8,78.3392087739914,7,165.328294756731,40,110.518608570718,102,397.862464406912,144,318.077398833716,152,395.905503607428,46,262.46719160105
"548","ESCONDIDO",754,"Overall, concentrated, and child (0 to 18 years of age) poverty rate","2006-2010",9,"Total","CT","06073019301","0193.01","San Diego","06073",NA,NA,"Child",1864,61.512,3.3,0,8.0659574,2.4316109,73.6851801,NA,0.1727749,"no",41661.5034577,193.01,"Mood Disorders","Hospitalization",2010,50,6,"N INLAND",2,"Exurban Area",3,"Moderately Low Income",3,"Supervisorial District 3",484,296.894265156023,301.152852188225,190,234.942068232123,294,357.881923311016,370,520.393811533052,23,683.506686478455,69,93.104844150587,8,78.3392087739914,7,165.328294756731,40,110.518608570718,102,397.862464406912,144,318.077398833716,152,395.905503607428,46,262.46719160105
"549","ESCONDIDO",754,"Overall, concentrated, and child (0 to 18 years of age) poverty rate","2006-2010",9,"Total","CT","06073019301","0193.01","San Diego","06073",NA,NA,"Overall",7262,355.838,4.9,1.9212766,7.8787234,1.5197568,31.0154457,NA,0.3576642,"no",41661.5034577,193.01,"Mood Disorders","Hospitalization",2010,50,6,"N INLAND",2,"Exurban Area",3,"Moderately Low Income",3,"Supervisorial District 3",484,296.894265156023,301.152852188225,190,234.942068232123,294,357.881923311016,370,520.393811533052,23,683.506686478455,69,93.104844150587,8,78.3392087739914,7,165.328294756731,40,110.518608570718,102,397.862464406912,144,318.077398833716,152,395.905503607428,46,262.46719160105
"550","ESCONDIDO",754,"Overall, concentrated, and child (0 to 18 years of age) poverty rate","2006-2010",9,"Total","CT","06073020109","0201.09","San Diego","06073",NA,NA,"Overall",5630,754.42,13.4,2.6765957,24.1234043,5.4711246,40.8292882,NA,0.9781022,"no",41661.5034577,201.09,"Mood Disorders","Hospitalization",2010,50,6,"N INLAND",2,"Exurban Area",3,"Moderately Low Income",3,"Supervisorial District 3",484,296.894265156023,301.152852188225,190,234.942068232123,294,357.881923311016,370,520.393811533052,23,683.506686478455,69,93.104844150587,8,78.3392087739914,7,165.328294756731,40,110.518608570718,102,397.862464406912,144,318.077398833716,152,395.905503607428,46,262.46719160105
"551","ESCONDIDO",754,"Overall, concentrated, and child (0 to 18 years of age) poverty rate","2006-2010",9,"Total","CT","06073020214","0202.14","San Diego","06073",NA,NA,"Child",1285,574.395,44.7,25.2787234,64.1212766,9.9088146,22.1673704,NA,2.3403141,"no",41661.5034577,202.14,"Mood Disorders","Hospitalization",2010,50,6,"N INLAND",2,"Exurban Area",3,"Moderately Low Income",3,"Supervisorial District 3",484,296.894265156023,301.152852188225,190,234.942068232123,294,357.881923311016,370,520.393811533052,23,683.506686478455,69,93.104844150587,8,78.3392087739914,7,165.328294756731,40,110.518608570718,102,397.862464406912,144,318.077398833716,152,395.905503607428,46,262.46719160105
"552","ESCONDIDO",754,"Overall, concentrated, and child (0 to 18 years of age) poverty rate","2006-2010",9,"Total","CT","06073020214","0202.14","San Diego","06073",NA,NA,"Overall",4728,1640.616,34.7,21.3553191,48.0446809,6.8085106,19.6210681,NA,2.5328467,"no",41661.5034577,202.14,"Mood Disorders","Hospitalization",2010,50,6,"N INLAND",2,"Exurban Area",3,"Moderately Low Income",3,"Supervisorial District 3",484,296.894265156023,301.152852188225,190,234.942068232123,294,357.881923311016,370,520.393811533052,23,683.506686478455,69,93.104844150587,8,78.3392087739914,7,165.328294756731,40,110.518608570718,102,397.862464406912,144,318.077398833716,152,395.905503607428,46,262.46719160105
"553","ESCONDIDO",754,"Overall, concentrated, and child (0 to 18 years of age) poverty rate","2006-2010",9,"Total","CT","06073020304","0203.04","San Diego","06073",NA,NA,"Child",1171,30.446,2.6,0,6.293617,1.8844985,72.4807108,NA,0.1361257,"no",41661.5034577,203.04,"Mood Disorders","Hospitalization",2010,50,6,"N INLAND",2,"Exurban Area",3,"Moderately Low Income",3,"Supervisorial District 3",484,296.894265156023,301.152852188225,190,234.942068232123,294,357.881923311016,370,520.393811533052,23,683.506686478455,69,93.104844150587,8,78.3392087739914,7,165.328294756731,40,110.518608570718,102,397.862464406912,144,318.077398833716,152,395.905503607428,46,262.46719160105
"554","ESCONDIDO",754,"Overall, concentrated, and child (0 to 18 years of age) poverty rate","2006-2010",9,"Total","CT","06073019302","0193.02","San Diego","06073",NA,NA,"Child",1584,38.016,2.4,0,5.6170213,1.6413374,68.3890578,NA,0.1256545,"no",41661.5034577,193.02,"Mood Disorders","Hospitalization",2010,50,6,"N INLAND",2,"Exurban Area",3,"Moderately Low Income",3,"Supervisorial District 3",484,296.894265156023,301.152852188225,190,234.942068232123,294,357.881923311016,370,520.393811533052,23,683.506686478455,69,93.104844150587,8,78.3392087739914,7,165.328294756731,40,110.518608570718,102,397.862464406912,144,318.077398833716,152,395.905503607428,46,262.46719160105
"555","ESCONDIDO",754,"Overall, concentrated, and child (0 to 18 years of age) poverty rate","2006-2010",9,"Total","CT","06073019404","0194.04","San Diego","06073",NA,NA,"Child",1271,533.82,42,16.0255319,67.9744681,13.2522796,31.5530468,NA,2.1989529,"no",41661.5034577,194.04,"Mood Disorders","Hospitalization",2010,50,6,"N INLAND",2,"Exurban Area",3,"Moderately Low Income",3,"Supervisorial District 3",484,296.894265156023,301.152852188225,190,234.942068232123,294,357.881923311016,370,520.393811533052,23,683.506686478455,69,93.104844150587,8,78.3392087739914,7,165.328294756731,40,110.518608570718,102,397.862464406912,144,318.077398833716,152,395.905503607428,46,262.46719160105
"556","ESCONDIDO",754,"Overall, concentrated, and child (0 to 18 years of age) poverty rate","2006-2010",9,"Total","CT","06073019404","0194.04","San Diego","06073",NA,NA,"Overall",4166,1183.144,28.4,13.506383,43.293617,7.5987842,26.7562824,NA,2.0729927,"no",41661.5034577,194.04,"Mood Disorders","Hospitalization",2010,50,6,"N INLAND",2,"Exurban Area",3,"Moderately Low Income",3,"Supervisorial District 3",484,296.894265156023,301.152852188225,190,234.942068232123,294,357.881923311016,370,520.393811533052,23,683.506686478455,69,93.104844150587,8,78.3392087739914,7,165.328294756731,40,110.518608570718,102,397.862464406912,144,318.077398833716,152,395.905503607428,46,262.46719160105
"557","ESCONDIDO",754,"Overall, concentrated, and child (0 to 18 years of age) poverty rate","2006-2010",9,"Total","CT","06073019405","0194.05","San Diego","06073",NA,NA,"Child",977,204.193,20.9,2.6702128,39.1297872,9.3009119,44.5019706,NA,1.0942408,"no",41661.5034577,194.05,"Mood Disorders","Hospitalization",2010,50,6,"N INLAND",2,"Exurban Area",3,"Moderately Low Income",3,"Supervisorial District 3",484,296.894265156023,301.152852188225,190,234.942068232123,294,357.881923311016,370,520.393811533052,23,683.506686478455,69,93.104844150587,8,78.3392087739914,7,165.328294756731,40,110.518608570718,102,397.862464406912,144,318.077398833716,152,395.905503607428,46,262.46719160105
"558","ESCONDIDO",754,"Overall, concentrated, and child (0 to 18 years of age) poverty rate","2006-2010",9,"Total","CT","06073019503","0195.03","San Diego","06073",NA,NA,"Overall",4279,1048.355,24.5,12.2276596,36.7723404,6.2613982,25.5567273,NA,1.7883212,"no",41661.5034577,195.03,"Mood Disorders","Hospitalization",2010,50,6,"N INLAND",2,"Exurban Area",3,"Moderately Low Income",3,"Supervisorial District 3",484,296.894265156023,301.152852188225,190,234.942068232123,294,357.881923311016,370,520.393811533052,23,683.506686478455,69,93.104844150587,8,78.3392087739914,7,165.328294756731,40,110.518608570718,102,397.862464406912,144,318.077398833716,152,395.905503607428,46,262.46719160105
"559","ESCONDIDO",754,"Overall, concentrated, and child (0 to 18 years of age) poverty rate","2006-2010",9,"Total","CT","06073019405","0194.05","San Diego","06073",NA,NA,"Overall",3554,390.94,11,3.9702128,18.0297872,3.5866261,32.6056922,NA,0.8029197,"no",41661.5034577,194.05,"Mood Disorders","Hospitalization",2010,50,6,"N INLAND",2,"Exurban Area",3,"Moderately Low Income",3,"Supervisorial District 3",484,296.894265156023,301.152852188225,190,234.942068232123,294,357.881923311016,370,520.393811533052,23,683.506686478455,69,93.104844150587,8,78.3392087739914,7,165.328294756731,40,110.518608570718,102,397.862464406912,144,318.077398833716,152,395.905503607428,46,262.46719160105
"560","ESCONDIDO",754,"Overall, concentrated, and child (0 to 18 years of age) poverty rate","2006-2010",9,"Total","CT","06073019406","0194.06","San Diego","06073",NA,NA,"Child",1125,84.375,7.5,0,17.8659574,5.2887538,70.5167173,NA,0.3926702,"no",41661.5034577,194.06,"Mood Disorders","Hospitalization",2010,50,6,"N INLAND",2,"Exurban Area",3,"Moderately Low Income",3,"Supervisorial District 3",484,296.894265156023,301.152852188225,190,234.942068232123,294,357.881923311016,370,520.393811533052,23,683.506686478455,69,93.104844150587,8,78.3392087739914,7,165.328294756731,40,110.518608570718,102,397.862464406912,144,318.077398833716,152,395.905503607428,46,262.46719160105
"561","ESCONDIDO",754,"Overall, concentrated, and child (0 to 18 years of age) poverty rate","2006-2010",9,"Total","CT","06073019406","0194.06","San Diego","06073",NA,NA,"Overall",4752,304.128,6.4,3.4212766,9.3787234,1.5197568,23.7462006,NA,0.4671533,"no",41661.5034577,194.06,"Mood Disorders","Hospitalization",2010,50,6,"N INLAND",2,"Exurban Area",3,"Moderately Low Income",3,"Supervisorial District 3",484,296.894265156023,301.152852188225,190,234.942068232123,294,357.881923311016,370,520.393811533052,23,683.506686478455,69,93.104844150587,8,78.3392087739914,7,165.328294756731,40,110.518608570718,102,397.862464406912,144,318.077398833716,152,395.905503607428,46,262.46719160105
"562","ESCONDIDO",754,"Overall, concentrated, and child (0 to 18 years of age) poverty rate","2006-2010",9,"Total","CT","06073019501","0195.01","San Diego","06073",NA,NA,"Child",1190,297.5,25,6.7702128,43.2297872,9.3009119,37.2036474,NA,1.3089005,"no",41661.5034577,195.01,"Mood Disorders","Hospitalization",2010,50,6,"N INLAND",2,"Exurban Area",3,"Moderately Low Income",3,"Supervisorial District 3",484,296.894265156023,301.152852188225,190,234.942068232123,294,357.881923311016,370,520.393811533052,23,683.506686478455,69,93.104844150587,8,78.3392087739914,7,165.328294756731,40,110.518608570718,102,397.862464406912,144,318.077398833716,152,395.905503607428,46,262.46719160105
"563","ESCONDIDO",754,"Overall, concentrated, and child (0 to 18 years of age) poverty rate","2006-2010",9,"Total","CT","06073020213","0202.13","San Diego","06073",NA,NA,"Overall",3613,1051.383,29.1,17.9,40.3,5.7142857,19.6367207,NA,2.1240876,"no",41661.5034577,202.13,"Mood Disorders","Hospitalization",2010,50,6,"N INLAND",2,"Exurban Area",3,"Moderately Low Income",3,"Supervisorial District 3",484,296.894265156023,301.152852188225,190,234.942068232123,294,357.881923311016,370,520.393811533052,23,683.506686478455,69,93.104844150587,8,78.3392087739914,7,165.328294756731,40,110.518608570718,102,397.862464406912,144,318.077398833716,152,395.905503607428,46,262.46719160105
"564","ESCONDIDO",754,"Overall, concentrated, and child (0 to 18 years of age) poverty rate","2006-2010",9,"Total","CT","06073019601","0196.01","San Diego","06073",NA,NA,"Child",1865,419.625,22.5,1.6489362,43.3510638,10.6382979,47.2813239,NA,1.1780105,"no",41661.5034577,196.01,"Mood Disorders","Hospitalization",2010,50,6,"N INLAND",2,"Exurban Area",3,"Moderately Low Income",3,"Supervisorial District 3",484,296.894265156023,301.152852188225,190,234.942068232123,294,357.881923311016,370,520.393811533052,23,683.506686478455,69,93.104844150587,8,78.3392087739914,7,165.328294756731,40,110.518608570718,102,397.862464406912,144,318.077398833716,152,395.905503607428,46,262.46719160105
"565","ESCONDIDO",754,"Overall, concentrated, and child (0 to 18 years of age) poverty rate","2006-2010",9,"Total","CT","06073019806","0198.06","San Diego","06073",NA,NA,"Child",2967,59.34,2,0,4.6212766,1.337386,66.8693009,NA,0.104712,"no",41661.5034577,198.06,"Mood Disorders","Hospitalization",2010,50,6,"N INLAND",2,"Exurban Area",3,"Moderately Low Income",3,"Supervisorial District 3",484,296.894265156023,301.152852188225,190,234.942068232123,294,357.881923311016,370,520.393811533052,23,683.506686478455,69,93.104844150587,8,78.3392087739914,7,165.328294756731,40,110.518608570718,102,397.862464406912,144,318.077398833716,152,395.905503607428,46,262.46719160105
"566","ESCONDIDO",754,"Overall, concentrated, and child (0 to 18 years of age) poverty rate","2006-2010",9,"Total","CT","06073020026","0200.26","San Diego","06073",NA,NA,"Overall",4332,238.26,5.5,1.5680851,9.4319149,2.006079,36.4741641,NA,0.4014599,"no",41661.5034577,200.26,"Mood Disorders","Hospitalization",2010,50,6,"N INLAND",2,"Exurban Area",3,"Moderately Low Income",3,"Supervisorial District 3",484,296.894265156023,301.152852188225,190,234.942068232123,294,357.881923311016,370,520.393811533052,23,683.506686478455,69,93.104844150587,8,78.3392087739914,7,165.328294756731,40,110.518608570718,102,397.862464406912,144,318.077398833716,152,395.905503607428,46,262.46719160105
"567","ESCONDIDO",754,"Overall, concentrated, and child (0 to 18 years of age) poverty rate","2006-2010",9,"Total","CT","06073019805","0198.05","San Diego","06073",NA,NA,"Child",806,42.718,5.3,0,14.8319149,4.8632219,91.7589035,NA,0.2774869,"no",41661.5034577,198.05,"Mood Disorders","Hospitalization",2010,50,6,"N INLAND",2,"Exurban Area",3,"Moderately Low Income",3,"Supervisorial District 3",484,296.894265156023,301.152852188225,190,234.942068232123,294,357.881923311016,370,520.393811533052,23,683.506686478455,69,93.104844150587,8,78.3392087739914,7,165.328294756731,40,110.518608570718,102,397.862464406912,144,318.077398833716,152,395.905503607428,46,262.46719160105
"568","ESCONDIDO",754,"Overall, concentrated, and child (0 to 18 years of age) poverty rate","2006-2010",9,"Total","CT","06073020021","0200.21","San Diego","06073",NA,NA,"Child",2136,339.624,15.9,6.9638298,24.8361702,4.5592705,28.6746573,NA,0.8324607,"no",41661.5034577,200.21,"Mood Disorders","Hospitalization",2010,50,6,"N INLAND",2,"Exurban Area",3,"Moderately Low Income",3,"Supervisorial District 3",484,296.894265156023,301.152852188225,190,234.942068232123,294,357.881923311016,370,520.393811533052,23,683.506686478455,69,93.104844150587,8,78.3392087739914,7,165.328294756731,40,110.518608570718,102,397.862464406912,144,318.077398833716,152,395.905503607428,46,262.46719160105
"569","ESCONDIDO",754,"Overall, concentrated, and child (0 to 18 years of age) poverty rate","2006-2010",9,"Total","CT","06073020021","0200.21","San Diego","06073",NA,NA,"Overall",6220,889.46,14.3,7.9851064,20.6148936,3.2218845,22.5306608,NA,1.0437956,"no",41661.5034577,200.21,"Mood Disorders","Hospitalization",2010,50,6,"N INLAND",2,"Exurban Area",3,"Moderately Low Income",3,"Supervisorial District 3",484,296.894265156023,301.152852188225,190,234.942068232123,294,357.881923311016,370,520.393811533052,23,683.506686478455,69,93.104844150587,8,78.3392087739914,7,165.328294756731,40,110.518608570718,102,397.862464406912,144,318.077398833716,152,395.905503607428,46,262.46719160105
"570","ESCONDIDO",754,"Overall, concentrated, and child (0 to 18 years of age) poverty rate","2006-2010",9,"Total","CT","06073020022","0200.22","San Diego","06073",NA,NA,"Child",2293,243.058,10.6,0,21.9191489,5.775076,54.4818489,NA,0.5549738,"no",41661.5034577,200.22,"Mood Disorders","Hospitalization",2010,50,6,"N INLAND",2,"Exurban Area",3,"Moderately Low Income",3,"Supervisorial District 3",484,296.894265156023,301.152852188225,190,234.942068232123,294,357.881923311016,370,520.393811533052,23,683.506686478455,69,93.104844150587,8,78.3392087739914,7,165.328294756731,40,110.518608570718,102,397.862464406912,144,318.077398833716,152,395.905503607428,46,262.46719160105
"571","ESCONDIDO",754,"Overall, concentrated, and child (0 to 18 years of age) poverty rate","2006-2010",9,"Total","CT","06073020109","0201.09","San Diego","06073",NA,NA,"Child",1719,348.957,20.3,2.3085106,38.2914894,9.1793313,45.2183808,NA,1.0628272,"no",41661.5034577,201.09,"Mood Disorders","Hospitalization",2010,50,6,"N INLAND",2,"Exurban Area",3,"Moderately Low Income",3,"Supervisorial District 3",484,296.894265156023,301.152852188225,190,234.942068232123,294,357.881923311016,370,520.393811533052,23,683.506686478455,69,93.104844150587,8,78.3392087739914,7,165.328294756731,40,110.518608570718,102,397.862464406912,144,318.077398833716,152,395.905503607428,46,262.46719160105
"572","ESCONDIDO",754,"Overall, concentrated, and child (0 to 18 years of age) poverty rate","2006-2010",9,"Total","CT","06073019804","0198.04","San Diego","06073",NA,NA,"Overall",4228,270.592,6.4,1.3957447,11.4042553,2.5531915,39.893617,NA,0.4671533,"no",41661.5034577,198.04,"Mood Disorders","Hospitalization",2010,50,6,"N INLAND",2,"Exurban Area",3,"Moderately Low Income",3,"Supervisorial District 3",484,296.894265156023,301.152852188225,190,234.942068232123,294,357.881923311016,370,520.393811533052,23,683.506686478455,69,93.104844150587,8,78.3392087739914,7,165.328294756731,40,110.518608570718,102,397.862464406912,144,318.077398833716,152,395.905503607428,46,262.46719160105
"573","ESCONDIDO",754,"Overall, concentrated, and child (0 to 18 years of age) poverty rate","2006-2010",9,"Total","CT","06073019805","0198.05","San Diego","06073",NA,NA,"Overall",3945,599.64,15.2,3.6425532,26.7574468,5.8966565,38.793793,NA,1.1094891,"no",41661.5034577,198.05,"Mood Disorders","Hospitalization",2010,50,6,"N INLAND",2,"Exurban Area",3,"Moderately Low Income",3,"Supervisorial District 3",484,296.894265156023,301.152852188225,190,234.942068232123,294,357.881923311016,370,520.393811533052,23,683.506686478455,69,93.104844150587,8,78.3392087739914,7,165.328294756731,40,110.518608570718,102,397.862464406912,144,318.077398833716,152,395.905503607428,46,262.46719160105
"574","ESCONDIDO",754,"Overall, concentrated, and child (0 to 18 years of age) poverty rate","2006-2010",9,"Total","CT","06073020025","0200.25","San Diego","06073",NA,NA,"Overall",4505,144.16,3.2,1.1744681,5.2255319,1.0334347,32.2948328,NA,0.2335766,"no",41661.5034577,200.25,"Mood Disorders","Hospitalization",2010,50,6,"N INLAND",2,"Exurban Area",3,"Moderately Low Income",3,"Supervisorial District 3",484,296.894265156023,301.152852188225,190,234.942068232123,294,357.881923311016,370,520.393811533052,23,683.506686478455,69,93.104844150587,8,78.3392087739914,7,165.328294756731,40,110.518608570718,102,397.862464406912,144,318.077398833716,152,395.905503607428,46,262.46719160105
"575","ESCONDIDO",754,"Overall, concentrated, and child (0 to 18 years of age) poverty rate","2006-2010",9,"Total","CT","06073020022","0200.22","San Diego","06073",NA,NA,"Overall",7411,778.155,10.5,4.0659574,16.9340426,3.2826748,31.2635693,NA,0.7664234,"no",41661.5034577,200.22,"Mood Disorders","Hospitalization",2010,50,6,"N INLAND",2,"Exurban Area",3,"Moderately Low Income",3,"Supervisorial District 3",484,296.894265156023,301.152852188225,190,234.942068232123,294,357.881923311016,370,520.393811533052,23,683.506686478455,69,93.104844150587,8,78.3392087739914,7,165.328294756731,40,110.518608570718,102,397.862464406912,144,318.077398833716,152,395.905503607428,46,262.46719160105
"576","ESCONDIDO",754,"Overall, concentrated, and child (0 to 18 years of age) poverty rate","2006-2010",9,"Total","CT","06073019207","0192.07","San Diego","06073",NA,NA,"Child",2099,405.107,19.3,2.0234043,36.5765957,8.8145897,45.671449,NA,1.0104712,"no",41661.5034577,192.07,"Mood Disorders","Hospitalization",2010,50,6,"N INLAND",2,"Exurban Area",3,"Moderately Low Income",3,"Supervisorial District 3",484,296.894265156023,301.152852188225,190,234.942068232123,294,357.881923311016,370,520.393811533052,23,683.506686478455,69,93.104844150587,8,78.3392087739914,7,165.328294756731,40,110.518608570718,102,397.862464406912,144,318.077398833716,152,395.905503607428,46,262.46719160105
"577","ESCONDIDO",754,"Overall, concentrated, and child (0 to 18 years of age) poverty rate","2006-2010",9,"Total","CT","06073019207","0192.07","San Diego","06073",NA,NA,"Overall",7745,1022.34,13.2,5.4553191,20.9446809,3.9513678,29.9346044,NA,0.9635036,"no",41661.5034577,192.07,"Mood Disorders","Hospitalization",2010,50,6,"N INLAND",2,"Exurban Area",3,"Moderately Low Income",3,"Supervisorial District 3",484,296.894265156023,301.152852188225,190,234.942068232123,294,357.881923311016,370,520.393811533052,23,683.506686478455,69,93.104844150587,8,78.3392087739914,7,165.328294756731,40,110.518608570718,102,397.862464406912,144,318.077398833716,152,395.905503607428,46,262.46719160105
"578","ESCONDIDO",754,"Overall, concentrated, and child (0 to 18 years of age) poverty rate","2006-2010",9,"Total","CT","06073019208","0192.08","San Diego","06073",NA,NA,"Child",556,0,0,0,8.4595745,4.3161094,NA,NA,0,"no",41661.5034577,192.08,"Mood Disorders","Hospitalization",2010,50,6,"N INLAND",2,"Exurban Area",3,"Moderately Low Income",3,"Supervisorial District 3",484,296.894265156023,301.152852188225,190,234.942068232123,294,357.881923311016,370,520.393811533052,23,683.506686478455,69,93.104844150587,8,78.3392087739914,7,165.328294756731,40,110.518608570718,102,397.862464406912,144,318.077398833716,152,395.905503607428,46,262.46719160105
"579","ESCONDIDO",754,"Overall, concentrated, and child (0 to 18 years of age) poverty rate","2006-2010",9,"Total","CT","06073020026","0200.26","San Diego","06073",NA,NA,"Child",879,0,0,0,5.2425532,2.674772,NA,NA,0,"no",41661.5034577,200.26,"Mood Disorders","Hospitalization",2010,50,6,"N INLAND",2,"Exurban Area",3,"Moderately Low Income",3,"Supervisorial District 3",484,296.894265156023,301.152852188225,190,234.942068232123,294,357.881923311016,370,520.393811533052,23,683.506686478455,69,93.104844150587,8,78.3392087739914,7,165.328294756731,40,110.518608570718,102,397.862464406912,144,318.077398833716,152,395.905503607428,46,262.46719160105
"580","ESCONDIDO",754,"Overall, concentrated, and child (0 to 18 years of age) poverty rate","2006-2010",9,"Total","CT","06073020029","0200.29","San Diego","06073",NA,NA,"Child",1395,157.635,11.3,0,26.7893617,7.9027356,69.9357129,NA,0.591623,"no",41661.5034577,200.29,"Mood Disorders","Hospitalization",2010,50,6,"N INLAND",2,"Exurban Area",3,"Moderately Low Income",3,"Supervisorial District 3",484,296.894265156023,301.152852188225,190,234.942068232123,294,357.881923311016,370,520.393811533052,23,683.506686478455,69,93.104844150587,8,78.3392087739914,7,165.328294756731,40,110.518608570718,102,397.862464406912,144,318.077398833716,152,395.905503607428,46,262.46719160105
"581","ESCONDIDO",754,"Overall, concentrated, and child (0 to 18 years of age) poverty rate","2006-2010",9,"Total","CT","06073020025","0200.25","San Diego","06073",NA,NA,"Child",889,0,0,0,5.2425532,2.674772,NA,NA,0,"no",41661.5034577,200.25,"Mood Disorders","Hospitalization",2010,50,6,"N INLAND",2,"Exurban Area",3,"Moderately Low Income",3,"Supervisorial District 3",484,296.894265156023,301.152852188225,190,234.942068232123,294,357.881923311016,370,520.393811533052,23,683.506686478455,69,93.104844150587,8,78.3392087739914,7,165.328294756731,40,110.518608570718,102,397.862464406912,144,318.077398833716,152,395.905503607428,46,262.46719160105
"582","ESCONDIDO",754,"Overall, concentrated, and child (0 to 18 years of age) poverty rate","2006-2010",9,"Total","CT","06073019208","0192.08","San Diego","06073",NA,NA,"Overall",2866,68.784,2.4,0,5.1404255,1.3981763,58.2573455,NA,0.1751825,"no",41661.5034577,192.08,"Mood Disorders","Hospitalization",2010,50,6,"N INLAND",2,"Exurban Area",3,"Moderately Low Income",3,"Supervisorial District 3",484,296.894265156023,301.152852188225,190,234.942068232123,294,357.881923311016,370,520.393811533052,23,683.506686478455,69,93.104844150587,8,78.3392087739914,7,165.328294756731,40,110.518608570718,102,397.862464406912,144,318.077398833716,152,395.905503607428,46,262.46719160105
"583","FALLBROOK",754,"Overall, concentrated, and child (0 to 18 years of age) poverty rate","2006-2010",9,"Total","CT","06073017015","0170.15","San Diego","06073",NA,NA,"Child",1607,33.747,2.1,0,6.1510638,2.0668693,98.4223477,NA,0.1099476,"no",41661.5034577,170.15,"Mood Disorders","Hospitalization",2010,55,6,"N INLAND",1,"Rural Area",4,"Moderately High Income",5,"Supervisorial District 5",134,283.27414172163,271.309956993018,68,288.771870222524,66,277.824549587473,112,410.18128547885,NA,NA,14,81.2347684809098,NA,NA,NA,NA,14,158.478605388273,41,575.519371139809,21,210.294412177048,34,258.044930176078,24,293.255131964809
"584","FALLBROOK",754,"Overall, concentrated, and child (0 to 18 years of age) poverty rate","2006-2010",9,"Total","CT","06073017015","0170.15","San Diego","06073",NA,NA,"Overall",7263,232.416,3.2,0,6.893617,1.8844985,58.8905775,NA,0.2335766,"no",41661.5034577,170.15,"Mood Disorders","Hospitalization",2010,55,6,"N INLAND",1,"Rural Area",4,"Moderately High Income",5,"Supervisorial District 5",134,283.27414172163,271.309956993018,68,288.771870222524,66,277.824549587473,112,410.18128547885,NA,NA,14,81.2347684809098,NA,NA,NA,NA,14,158.478605388273,41,575.519371139809,21,210.294412177048,34,258.044930176078,24,293.255131964809
"585","FALLBROOK",754,"Overall, concentrated, and child (0 to 18 years of age) poverty rate","2006-2010",9,"Total","CT","06073016901","0169.01","San Diego","06073",NA,NA,"Overall",7534,241.088,3.2,0.8170213,5.5829787,1.2158055,37.993921,NA,0.2335766,"no",41661.5034577,169.01,"Mood Disorders","Hospitalization",2010,55,6,"N INLAND",1,"Rural Area",4,"Moderately High Income",5,"Supervisorial District 5",134,283.27414172163,271.309956993018,68,288.771870222524,66,277.824549587473,112,410.18128547885,NA,NA,14,81.2347684809098,NA,NA,NA,NA,14,158.478605388273,41,575.519371139809,21,210.294412177048,34,258.044930176078,24,293.255131964809
"586","FALLBROOK",754,"Overall, concentrated, and child (0 to 18 years of age) poverty rate","2006-2010",9,"Total","CT","06073016810","0168.10","San Diego","06073",NA,NA,"Child",733,74.033,10.1,0,26.7808511,8.5106383,84.2637455,NA,0.5287958,"no",41661.5034577,168.1,"Mood Disorders","Hospitalization",2010,55,6,"N INLAND",1,"Rural Area",4,"Moderately High Income",5,"Supervisorial District 5",134,283.27414172163,271.309956993018,68,288.771870222524,66,277.824549587473,112,410.18128547885,NA,NA,14,81.2347684809098,NA,NA,NA,NA,14,158.478605388273,41,575.519371139809,21,210.294412177048,34,258.044930176078,24,293.255131964809
"587","FALLBROOK",754,"Overall, concentrated, and child (0 to 18 years of age) poverty rate","2006-2010",9,"Total","CT","06073016810","0168.10","San Diego","06073",NA,NA,"Overall",2957,195.162,6.6,0,13.987234,3.768997,57.1060146,NA,0.4817518,"no",41661.5034577,168.1,"Mood Disorders","Hospitalization",2010,55,6,"N INLAND",1,"Rural Area",4,"Moderately High Income",5,"Supervisorial District 5",134,283.27414172163,271.309956993018,68,288.771870222524,66,277.824549587473,112,410.18128547885,NA,NA,14,81.2347684809098,NA,NA,NA,NA,14,158.478605388273,41,575.519371139809,21,210.294412177048,34,258.044930176078,24,293.255131964809
"588","FALLBROOK",754,"Overall, concentrated, and child (0 to 18 years of age) poverty rate","2006-2010",9,"Total","CT","06073017018","0170.18","San Diego","06073",NA,NA,"Child",889,94.234,10.6,1.306383,19.893617,4.7416413,44.7324654,NA,0.5549738,"no",41661.5034577,170.18,"Mood Disorders","Hospitalization",2010,55,6,"N INLAND",1,"Rural Area",4,"Moderately High Income",5,"Supervisorial District 5",134,283.27414172163,271.309956993018,68,288.771870222524,66,277.824549587473,112,410.18128547885,NA,NA,14,81.2347684809098,NA,NA,NA,NA,14,158.478605388273,41,575.519371139809,21,210.294412177048,34,258.044930176078,24,293.255131964809
"589","FALLBROOK",754,"Overall, concentrated, and child (0 to 18 years of age) poverty rate","2006-2010",9,"Total","CT","06073017030","0170.30","San Diego","06073",NA,NA,"Overall",14727,839.439,5.7,2.3638298,9.0361702,1.7021277,29.8618888,NA,0.4160584,"no",41661.5034577,170.3,"Mood Disorders","Hospitalization",2010,55,6,"N INLAND",1,"Rural Area",4,"Moderately High Income",5,"Supervisorial District 5",134,283.27414172163,271.309956993018,68,288.771870222524,66,277.824549587473,112,410.18128547885,NA,NA,14,81.2347684809098,NA,NA,NA,NA,14,158.478605388273,41,575.519371139809,21,210.294412177048,34,258.044930176078,24,293.255131964809
"590","FALLBROOK",754,"Overall, concentrated, and child (0 to 18 years of age) poverty rate","2006-2010",9,"Total","CT","06073016811","0168.11","San Diego","06073",NA,NA,"Child",913,35.607,3.9,0,10.6914894,3.4650456,88.8473229,NA,0.2041885,"no",41661.5034577,168.11,"Mood Disorders","Hospitalization",2010,55,6,"N INLAND",1,"Rural Area",4,"Moderately High Income",5,"Supervisorial District 5",134,283.27414172163,271.309956993018,68,288.771870222524,66,277.824549587473,112,410.18128547885,NA,NA,14,81.2347684809098,NA,NA,NA,NA,14,158.478605388273,41,575.519371139809,21,210.294412177048,34,258.044930176078,24,293.255131964809
"591","FALLBROOK",754,"Overall, concentrated, and child (0 to 18 years of age) poverty rate","2006-2010",9,"Total","CT","06073017018","0170.18","San Diego","06073",NA,NA,"Overall",4012,441.32,11,5.9957447,16.0042553,2.5531915,23.2108317,NA,0.8029197,"no",41661.5034577,170.18,"Mood Disorders","Hospitalization",2010,55,6,"N INLAND",1,"Rural Area",4,"Moderately High Income",5,"Supervisorial District 5",134,283.27414172163,271.309956993018,68,288.771870222524,66,277.824549587473,112,410.18128547885,NA,NA,14,81.2347684809098,NA,NA,NA,NA,14,158.478605388273,41,575.519371139809,21,210.294412177048,34,258.044930176078,24,293.255131964809
"592","FALLBROOK",754,"Overall, concentrated, and child (0 to 18 years of age) poverty rate","2006-2010",9,"Total","CT","06073016901","0169.01","San Diego","06073",NA,NA,"Child",2191,8.764,0.4,0,1.1148936,0.3647416,91.1854103,NA,0.0209424,"no",41661.5034577,169.01,"Mood Disorders","Hospitalization",2010,55,6,"N INLAND",1,"Rural Area",4,"Moderately High Income",5,"Supervisorial District 5",134,283.27414172163,271.309956993018,68,288.771870222524,66,277.824549587473,112,410.18128547885,NA,NA,14,81.2347684809098,NA,NA,NA,NA,14,158.478605388273,41,575.519371139809,21,210.294412177048,34,258.044930176078,24,293.255131964809
"593","FALLBROOK",754,"Overall, concentrated, and child (0 to 18 years of age) poverty rate","2006-2010",9,"Total","CT","06073016902","0169.02","San Diego","06073",NA,NA,"Child",510,38.25,7.5,0,17.1510638,4.9240122,65.6534954,NA,0.3926702,"no",41661.5034577,169.02,"Mood Disorders","Hospitalization",2010,55,6,"N INLAND",1,"Rural Area",4,"Moderately High Income",5,"Supervisorial District 5",134,283.27414172163,271.309956993018,68,288.771870222524,66,277.824549587473,112,410.18128547885,NA,NA,14,81.2347684809098,NA,NA,NA,NA,14,158.478605388273,41,575.519371139809,21,210.294412177048,34,258.044930176078,24,293.255131964809
"594","FALLBROOK",754,"Overall, concentrated, and child (0 to 18 years of age) poverty rate","2006-2010",9,"Total","CT","06073016811","0168.11","San Diego","06073",NA,NA,"Overall",3927,102.102,2.6,0.5744681,4.6255319,1.0334347,39.7474866,NA,0.189781,"no",41661.5034577,168.11,"Mood Disorders","Hospitalization",2010,55,6,"N INLAND",1,"Rural Area",4,"Moderately High Income",5,"Supervisorial District 5",134,283.27414172163,271.309956993018,68,288.771870222524,66,277.824549587473,112,410.18128547885,NA,NA,14,81.2347684809098,NA,NA,NA,NA,14,158.478605388273,41,575.519371139809,21,210.294412177048,34,258.044930176078,24,293.255131964809
"595","FALLBROOK",754,"Overall, concentrated, and child (0 to 18 years of age) poverty rate","2006-2010",9,"Total","CT","06073017009","0170.09","San Diego","06073",NA,NA,"Child",1113,50.085,4.5,0,11.0531915,3.343465,74.2992232,NA,0.2356021,"no",41661.5034577,170.09,"Mood Disorders","Hospitalization",2010,55,6,"N INLAND",1,"Rural Area",4,"Moderately High Income",5,"Supervisorial District 5",134,283.27414172163,271.309956993018,68,288.771870222524,66,277.824549587473,112,410.18128547885,NA,NA,14,81.2347684809098,NA,NA,NA,NA,14,158.478605388273,41,575.519371139809,21,210.294412177048,34,258.044930176078,24,293.255131964809
"596","FALLBROOK",754,"Overall, concentrated, and child (0 to 18 years of age) poverty rate","2006-2010",9,"Total","CT","06073017029","0170.29","San Diego","06073",NA,NA,"Overall",7068,367.536,5.2,1.2680851,9.1319149,2.006079,38.5784428,NA,0.379562,"no",41661.5034577,170.29,"Mood Disorders","Hospitalization",2010,55,6,"N INLAND",1,"Rural Area",4,"Moderately High Income",5,"Supervisorial District 5",134,283.27414172163,271.309956993018,68,288.771870222524,66,277.824549587473,112,410.18128547885,NA,NA,14,81.2347684809098,NA,NA,NA,NA,14,158.478605388273,41,575.519371139809,21,210.294412177048,34,258.044930176078,24,293.255131964809
"597","FALLBROOK",754,"Overall, concentrated, and child (0 to 18 years of age) poverty rate","2006-2010",9,"Total","CT","06073017020","0170.20","San Diego","06073",NA,NA,"Child",789,10.257,1.3,0,3.5638298,1.1550152,88.8473229,NA,0.0680628,"no",41661.5034577,170.2,"Mood Disorders","Hospitalization",2010,55,6,"N INLAND",1,"Rural Area",4,"Moderately High Income",5,"Supervisorial District 5",134,283.27414172163,271.309956993018,68,288.771870222524,66,277.824549587473,112,410.18128547885,NA,NA,14,81.2347684809098,NA,NA,NA,NA,14,158.478605388273,41,575.519371139809,21,210.294412177048,34,258.044930176078,24,293.255131964809
"598","FALLBROOK",754,"Overall, concentrated, and child (0 to 18 years of age) poverty rate","2006-2010",9,"Total","CT","06073017006","0170.06","San Diego","06073",NA,NA,"Overall",2842,34.104,1.2,0,3.106383,0.9726444,81.0536981,NA,0.0875912,"no",41661.5034577,170.06,"Mood Disorders","Hospitalization",2010,55,6,"N INLAND",1,"Rural Area",4,"Moderately High Income",5,"Supervisorial District 5",134,283.27414172163,271.309956993018,68,288.771870222524,66,277.824549587473,112,410.18128547885,NA,NA,14,81.2347684809098,NA,NA,NA,NA,14,158.478605388273,41,575.519371139809,21,210.294412177048,34,258.044930176078,24,293.255131964809
"599","FALLBROOK",754,"Overall, concentrated, and child (0 to 18 years of age) poverty rate","2006-2010",9,"Total","CT","06073017030","0170.30","San Diego","06073",NA,NA,"Child",4308,258.48,6,1.8297872,10.1702128,2.1276596,35.4609929,NA,0.3141361,"no",41661.5034577,170.3,"Mood Disorders","Hospitalization",2010,55,6,"N INLAND",1,"Rural Area",4,"Moderately High Income",5,"Supervisorial District 5",134,283.27414172163,271.309956993018,68,288.771870222524,66,277.824549587473,112,410.18128547885,NA,NA,14,81.2347684809098,NA,NA,NA,NA,14,158.478605388273,41,575.519371139809,21,210.294412177048,34,258.044930176078,24,293.255131964809
"600","FALLBROOK",754,"Overall, concentrated, and child (0 to 18 years of age) poverty rate","2006-2010",9,"Total","CT","06073016902","0169.02","San Diego","06073",NA,NA,"Overall",2328,142.008,6.1,2.7638298,9.4361702,1.7021277,27.9037321,NA,0.4452555,"no",41661.5034577,169.02,"Mood Disorders","Hospitalization",2010,55,6,"N INLAND",1,"Rural Area",4,"Moderately High Income",5,"Supervisorial District 5",134,283.27414172163,271.309956993018,68,288.771870222524,66,277.824549587473,112,410.18128547885,NA,NA,14,81.2347684809098,NA,NA,NA,NA,14,158.478605388273,41,575.519371139809,21,210.294412177048,34,258.044930176078,24,293.255131964809
"601","FALLBROOK",754,"Overall, concentrated, and child (0 to 18 years of age) poverty rate","2006-2010",9,"Total","CT","06073017006","0170.06","San Diego","06073",NA,NA,"Child",673,10.768,1.6,0,5.0553191,1.7629179,110.1823708,NA,0.0837696,"no",41661.5034577,170.06,"Mood Disorders","Hospitalization",2010,55,6,"N INLAND",1,"Rural Area",4,"Moderately High Income",5,"Supervisorial District 5",134,283.27414172163,271.309956993018,68,288.771870222524,66,277.824549587473,112,410.18128547885,NA,NA,14,81.2347684809098,NA,NA,NA,NA,14,158.478605388273,41,575.519371139809,21,210.294412177048,34,258.044930176078,24,293.255131964809
"602","FALLBROOK",754,"Overall, concentrated, and child (0 to 18 years of age) poverty rate","2006-2010",9,"Total","CT","06073017019","0170.19","San Diego","06073",NA,NA,"Overall",5962,59.62,1,0.0468085,1.9531915,0.4863222,48.6322188,NA,0.0729927,"no",41661.5034577,170.19,"Mood Disorders","Hospitalization",2010,55,6,"N INLAND",1,"Rural Area",4,"Moderately High Income",5,"Supervisorial District 5",134,283.27414172163,271.309956993018,68,288.771870222524,66,277.824549587473,112,410.18128547885,NA,NA,14,81.2347684809098,NA,NA,NA,NA,14,158.478605388273,41,575.519371139809,21,210.294412177048,34,258.044930176078,24,293.255131964809
"603","FALLBROOK",754,"Overall, concentrated, and child (0 to 18 years of age) poverty rate","2006-2010",9,"Total","CT","06073016809","0168.09","San Diego","06073",NA,NA,"Overall",5357,203.566,3.8,0.106383,7.493617,1.8844985,49.5920653,NA,0.2773723,"no",41661.5034577,168.09,"Mood Disorders","Hospitalization",2010,55,6,"N INLAND",1,"Rural Area",4,"Moderately High Income",5,"Supervisorial District 5",134,283.27414172163,271.309956993018,68,288.771870222524,66,277.824549587473,112,410.18128547885,NA,NA,14,81.2347684809098,NA,NA,NA,NA,14,158.478605388273,41,575.519371139809,21,210.294412177048,34,258.044930176078,24,293.255131964809
"604","FALLBROOK",754,"Overall, concentrated, and child (0 to 18 years of age) poverty rate","2006-2010",9,"Total","CT","06073017029","0170.29","San Diego","06073",NA,NA,"Child",1975,108.625,5.5,0,12.2914894,3.4650456,63.000829,NA,0.2879581,"no",41661.5034577,170.29,"Mood Disorders","Hospitalization",2010,55,6,"N INLAND",1,"Rural Area",4,"Moderately High Income",5,"Supervisorial District 5",134,283.27414172163,271.309956993018,68,288.771870222524,66,277.824549587473,112,410.18128547885,NA,NA,14,81.2347684809098,NA,NA,NA,NA,14,158.478605388273,41,575.519371139809,21,210.294412177048,34,258.044930176078,24,293.255131964809
"605","FALLBROOK",754,"Overall, concentrated, and child (0 to 18 years of age) poverty rate","2006-2010",9,"Total","CT","06073017020","0170.20","San Diego","06073",NA,NA,"Overall",3595,107.85,3,0.6170213,5.3829787,1.2158055,40.526849,NA,0.2189781,"no",41661.5034577,170.2,"Mood Disorders","Hospitalization",2010,55,6,"N INLAND",1,"Rural Area",4,"Moderately High Income",5,"Supervisorial District 5",134,283.27414172163,271.309956993018,68,288.771870222524,66,277.824549587473,112,410.18128547885,NA,NA,14,81.2347684809098,NA,NA,NA,NA,14,158.478605388273,41,575.519371139809,21,210.294412177048,34,258.044930176078,24,293.255131964809
"606","FALLBROOK",754,"Overall, concentrated, and child (0 to 18 years of age) poverty rate","2006-2010",9,"Total","CT","06073017019","0170.19","San Diego","06073",NA,NA,"Child",779,0,0,0,6.0765957,3.100304,NA,NA,0,"no",41661.5034577,170.19,"Mood Disorders","Hospitalization",2010,55,6,"N INLAND",1,"Rural Area",4,"Moderately High Income",5,"Supervisorial District 5",134,283.27414172163,271.309956993018,68,288.771870222524,66,277.824549587473,112,410.18128547885,NA,NA,14,81.2347684809098,NA,NA,NA,NA,14,158.478605388273,41,575.519371139809,21,210.294412177048,34,258.044930176078,24,293.255131964809
"607","JAMUL",754,"Overall, concentrated, and child (0 to 18 years of age) poverty rate","2006-2010",9,"Total","CT","06073021204","0212.04","San Diego","06073",NA,NA,"Overall",4668,182.052,3.9,0,7.8319149,2.006079,51.4379238,NA,0.2846715,"no",41661.5034577,212.04,"Mood Disorders","Hospitalization",2010,30,5,"EAST",1,"Rural Area",6,"Highest Income",2,"Supervisorial District 2",48,253.191264901361,231.05808534345,19,174.32791999266,29,359.846134756173,34,324.303700877528,8,875.27352297593,5,86.4154856550294,NA,NA,NA,NA,NA,NA,18,567.10775047259,8,166.805671392827,15,250.45917515445,NA,NA
"608","JAMUL",754,"Overall, concentrated, and child (0 to 18 years of age) poverty rate","2006-2010",9,"Total","CT","06073021205","0212.05","San Diego","06073",NA,NA,"Child",1662,94.734,5.7,0,14.0404255,4.2553191,74.6547219,NA,0.2984293,"no",41661.5034577,212.05,"Mood Disorders","Hospitalization",2010,30,5,"EAST",1,"Rural Area",6,"Highest Income",2,"Supervisorial District 2",48,253.191264901361,231.05808534345,19,174.32791999266,29,359.846134756173,34,324.303700877528,8,875.27352297593,5,86.4154856550294,NA,NA,NA,NA,NA,NA,18,567.10775047259,8,166.805671392827,15,250.45917515445,NA,NA
"609","JAMUL",754,"Overall, concentrated, and child (0 to 18 years of age) poverty rate","2006-2010",9,"Total","CT","06073021205","0212.05","San Diego","06073",NA,NA,"Overall",6334,519.388,8.2,2.2425532,14.1574468,3.0395137,37.06724,NA,0.5985401,"no",41661.5034577,212.05,"Mood Disorders","Hospitalization",2010,30,5,"EAST",1,"Rural Area",6,"Highest Income",2,"Supervisorial District 2",48,253.191264901361,231.05808534345,19,174.32791999266,29,359.846134756173,34,324.303700877528,8,875.27352297593,5,86.4154856550294,NA,NA,NA,NA,NA,NA,18,567.10775047259,8,166.805671392827,15,250.45917515445,NA,NA
"610","JAMUL",754,"Overall, concentrated, and child (0 to 18 years of age) poverty rate","2006-2010",9,"Total","CT","06073021204","0212.04","San Diego","06073",NA,NA,"Child",1048,78.6,7.5,0,17.9851064,5.3495441,71.3272543,NA,0.3926702,"no",41661.5034577,212.04,"Mood Disorders","Hospitalization",2010,30,5,"EAST",1,"Rural Area",6,"Highest Income",2,"Supervisorial District 2",48,253.191264901361,231.05808534345,19,174.32791999266,29,359.846134756173,34,324.303700877528,8,875.27352297593,5,86.4154856550294,NA,NA,NA,NA,NA,NA,18,567.10775047259,8,166.805671392827,15,250.45917515445,NA,NA
"611","JAMUL",754,"Overall, concentrated, and child (0 to 18 years of age) poverty rate","2006-2010",9,"Total","CT","06073021206","0212.06","San Diego","06073",NA,NA,"Overall",3079,190.898,6.2,1.4340426,10.9659574,2.4316109,39.2195313,NA,0.4525547,"no",41661.5034577,212.06,"Mood Disorders","Hospitalization",2010,30,5,"EAST",1,"Rural Area",6,"Highest Income",2,"Supervisorial District 2",48,253.191264901361,231.05808534345,19,174.32791999266,29,359.846134756173,34,324.303700877528,8,875.27352297593,5,86.4154856550294,NA,NA,NA,NA,NA,NA,18,567.10775047259,8,166.805671392827,15,250.45917515445,NA,NA
"612","JAMUL",754,"Overall, concentrated, and child (0 to 18 years of age) poverty rate","2006-2010",9,"Total","CT","06073021302","0213.02","San Diego","06073",NA,NA,"Child",1115,248.645,22.3,3.2361702,41.3638298,9.7264438,43.6163398,NA,1.1675393,"no",41661.5034577,213.02,"Mood Disorders","Hospitalization",2010,30,5,"EAST",1,"Rural Area",6,"Highest Income",2,"Supervisorial District 2",48,253.191264901361,231.05808534345,19,174.32791999266,29,359.846134756173,34,324.303700877528,8,875.27352297593,5,86.4154856550294,NA,NA,NA,NA,NA,NA,18,567.10775047259,8,166.805671392827,15,250.45917515445,NA,NA
"613","JAMUL",754,"Overall, concentrated, and child (0 to 18 years of age) poverty rate","2006-2010",9,"Total","CT","06073021302","0213.02","San Diego","06073",NA,NA,"Overall",6175,920.075,14.9,4.6531915,25.1468085,5.2279635,35.0870035,NA,1.0875912,"no",41661.5034577,213.02,"Mood Disorders","Hospitalization",2010,30,5,"EAST",1,"Rural Area",6,"Highest Income",2,"Supervisorial District 2",48,253.191264901361,231.05808534345,19,174.32791999266,29,359.846134756173,34,324.303700877528,8,875.27352297593,5,86.4154856550294,NA,NA,NA,NA,NA,NA,18,567.10775047259,8,166.805671392827,15,250.45917515445,NA,NA
"614","JAMUL",754,"Overall, concentrated, and child (0 to 18 years of age) poverty rate","2006-2010",9,"Total","CT","06073021206","0212.06","San Diego","06073",NA,NA,"Child",592,11.248,1.9,0,5.712766,1.9452888,102.3836186,NA,0.0994764,"no",41661.5034577,212.06,"Mood Disorders","Hospitalization",2010,30,5,"EAST",1,"Rural Area",6,"Highest Income",2,"Supervisorial District 2",48,253.191264901361,231.05808534345,19,174.32791999266,29,359.846134756173,34,324.303700877528,8,875.27352297593,5,86.4154856550294,NA,NA,NA,NA,NA,NA,18,567.10775047259,8,166.805671392827,15,250.45917515445,NA,NA
"615","KEARNY MESA",754,"Overall, concentrated, and child (0 to 18 years of age) poverty rate","2000",9,"Total","CT","06073017032","0170.32","San Diego","06073",NA,NA,"Child",1733,60.655,3.5,NA,NA,NA,NA,NA,0.1842105,"no",41661.5034577,170.32,"Mood Disorders","Hospitalization",2010,10,2,"N CENTRAL",4,"Urban Area",3,"Moderately Low Income",4,"Supervisorial District 4",573,378.948203798741,382.349409869146,211,280.037692277065,362,477.188542202186,400,474.253939271783,40,595.592614651578,69,206.056262318581,29,146.279949558638,16,233.986545773618,57,245.287890524141,142,602.793224943753,165,331.858407079646,145,406.983271584147,64,335.69367951744
"616","KEARNY MESA",754,"Overall, concentrated, and child (0 to 18 years of age) poverty rate","2000",9,"Total","CT","06073016614","0166.14","San Diego","06073",NA,NA,"Overall",4019,112.532,2.8,NA,NA,NA,NA,NA,0.1971831,"no",41661.5034577,166.14,"Mood Disorders","Hospitalization",2010,10,2,"N CENTRAL",4,"Urban Area",3,"Moderately Low Income",4,"Supervisorial District 4",573,378.948203798741,382.349409869146,211,280.037692277065,362,477.188542202186,400,474.253939271783,40,595.592614651578,69,206.056262318581,29,146.279949558638,16,233.986545773618,57,245.287890524141,142,602.793224943753,165,331.858407079646,145,406.983271584147,64,335.69367951744
"617","KEARNY MESA",754,"Overall, concentrated, and child (0 to 18 years of age) poverty rate","2000",9,"Total","CT","06073016901","0169.01","San Diego","06073",NA,NA,"Child",1889,100.117,5.3,NA,NA,NA,NA,NA,0.2789474,"no",41661.5034577,169.01,"Mood Disorders","Hospitalization",2010,10,2,"N CENTRAL",4,"Urban Area",3,"Moderately Low Income",4,"Supervisorial District 4",573,378.948203798741,382.349409869146,211,280.037692277065,362,477.188542202186,400,474.253939271783,40,595.592614651578,69,206.056262318581,29,146.279949558638,16,233.986545773618,57,245.287890524141,142,602.793224943753,165,331.858407079646,145,406.983271584147,64,335.69367951744
"618","KEARNY MESA",754,"Overall, concentrated, and child (0 to 18 years of age) poverty rate","2000",9,"Total","CT","06073016614","0166.14","San Diego","06073",NA,NA,"Child",1276,49.764,3.9,NA,NA,NA,NA,NA,0.2052632,"no",41661.5034577,166.14,"Mood Disorders","Hospitalization",2010,10,2,"N CENTRAL",4,"Urban Area",3,"Moderately Low Income",4,"Supervisorial District 4",573,378.948203798741,382.349409869146,211,280.037692277065,362,477.188542202186,400,474.253939271783,40,595.592614651578,69,206.056262318581,29,146.279949558638,16,233.986545773618,57,245.287890524141,142,602.793224943753,165,331.858407079646,145,406.983271584147,64,335.69367951744
"619","KEARNY MESA",754,"Overall, concentrated, and child (0 to 18 years of age) poverty rate","2000",9,"Total","CT","06073016202","0162.02","San Diego","06073",NA,NA,"Child",896,88.704,9.9,NA,NA,NA,NA,NA,0.5210526,"no",41661.5034577,162.02,"Mood Disorders","Hospitalization",2010,10,2,"N CENTRAL",4,"Urban Area",3,"Moderately Low Income",4,"Supervisorial District 4",573,378.948203798741,382.349409869146,211,280.037692277065,362,477.188542202186,400,474.253939271783,40,595.592614651578,69,206.056262318581,29,146.279949558638,16,233.986545773618,57,245.287890524141,142,602.793224943753,165,331.858407079646,145,406.983271584147,64,335.69367951744
"620","KEARNY MESA",754,"Overall, concentrated, and child (0 to 18 years of age) poverty rate","2000",9,"Total","CT","06073016811","0168.11","San Diego","06073",NA,NA,"Child",1101,47.343,4.3,NA,NA,NA,NA,NA,0.2263158,"no",41661.5034577,168.11,"Mood Disorders","Hospitalization",2010,10,2,"N CENTRAL",4,"Urban Area",3,"Moderately Low Income",4,"Supervisorial District 4",573,378.948203798741,382.349409869146,211,280.037692277065,362,477.188542202186,400,474.253939271783,40,595.592614651578,69,206.056262318581,29,146.279949558638,16,233.986545773618,57,245.287890524141,142,602.793224943753,165,331.858407079646,145,406.983271584147,64,335.69367951744
"621","KEARNY MESA",754,"Overall, concentrated, and child (0 to 18 years of age) poverty rate","2000",9,"Total","CT","06073016608","0166.08","San Diego","06073",NA,NA,"Overall",2598,101.322,3.9,NA,NA,NA,NA,NA,0.2746479,"no",41661.5034577,166.08,"Mood Disorders","Hospitalization",2010,10,2,"N CENTRAL",4,"Urban Area",3,"Moderately Low Income",4,"Supervisorial District 4",573,378.948203798741,382.349409869146,211,280.037692277065,362,477.188542202186,400,474.253939271783,40,595.592614651578,69,206.056262318581,29,146.279949558638,16,233.986545773618,57,245.287890524141,142,602.793224943753,165,331.858407079646,145,406.983271584147,64,335.69367951744
"622","KEARNY MESA",754,"Overall, concentrated, and child (0 to 18 years of age) poverty rate","2000",9,"Total","CT","06073016202","0162.02","San Diego","06073",NA,NA,"Overall",3465,377.685,10.9,NA,NA,NA,NA,NA,0.7676056,"no",41661.5034577,162.02,"Mood Disorders","Hospitalization",2010,10,2,"N CENTRAL",4,"Urban Area",3,"Moderately Low Income",4,"Supervisorial District 4",573,378.948203798741,382.349409869146,211,280.037692277065,362,477.188542202186,400,474.253939271783,40,595.592614651578,69,206.056262318581,29,146.279949558638,16,233.986545773618,57,245.287890524141,142,602.793224943753,165,331.858407079646,145,406.983271584147,64,335.69367951744
"623","KEARNY MESA",754,"Overall, concentrated, and child (0 to 18 years of age) poverty rate","2000",9,"Total","CT","06073017045","0170.45","San Diego","06073",NA,NA,"Overall",2838,70.95,2.5,NA,NA,NA,NA,NA,0.1760563,"no",41661.5034577,170.45,"Mood Disorders","Hospitalization",2010,10,2,"N CENTRAL",4,"Urban Area",3,"Moderately Low Income",4,"Supervisorial District 4",573,378.948203798741,382.349409869146,211,280.037692277065,362,477.188542202186,400,474.253939271783,40,595.592614651578,69,206.056262318581,29,146.279949558638,16,233.986545773618,57,245.287890524141,142,602.793224943753,165,331.858407079646,145,406.983271584147,64,335.69367951744
"624","KEARNY MESA",754,"Overall, concentrated, and child (0 to 18 years of age) poverty rate","2000",9,"Total","CT","06073017037","0170.37","San Diego","06073",NA,NA,"Overall",6162,203.346,3.3,NA,NA,NA,NA,NA,0.2323944,"no",41661.5034577,170.37,"Mood Disorders","Hospitalization",2010,10,2,"N CENTRAL",4,"Urban Area",3,"Moderately Low Income",4,"Supervisorial District 4",573,378.948203798741,382.349409869146,211,280.037692277065,362,477.188542202186,400,474.253939271783,40,595.592614651578,69,206.056262318581,29,146.279949558638,16,233.986545773618,57,245.287890524141,142,602.793224943753,165,331.858407079646,145,406.983271584147,64,335.69367951744
"625","KEARNY MESA",754,"Overall, concentrated, and child (0 to 18 years of age) poverty rate","2000",9,"Total","CT","06073016606","0166.06","San Diego","06073",NA,NA,"Child",889,24.892,2.8,NA,NA,NA,NA,NA,0.1473684,"no",41661.5034577,166.06,"Mood Disorders","Hospitalization",2010,10,2,"N CENTRAL",4,"Urban Area",3,"Moderately Low Income",4,"Supervisorial District 4",573,378.948203798741,382.349409869146,211,280.037692277065,362,477.188542202186,400,474.253939271783,40,595.592614651578,69,206.056262318581,29,146.279949558638,16,233.986545773618,57,245.287890524141,142,602.793224943753,165,331.858407079646,145,406.983271584147,64,335.69367951744
"626","KEARNY MESA",754,"Overall, concentrated, and child (0 to 18 years of age) poverty rate","2000",9,"Total","CT","06073017015","0170.15","San Diego","06073",NA,NA,"Overall",6600,303.6,4.6,NA,NA,NA,NA,NA,0.3239437,"no",41661.5034577,170.15,"Mood Disorders","Hospitalization",2010,10,2,"N CENTRAL",4,"Urban Area",3,"Moderately Low Income",4,"Supervisorial District 4",573,378.948203798741,382.349409869146,211,280.037692277065,362,477.188542202186,400,474.253939271783,40,595.592614651578,69,206.056262318581,29,146.279949558638,16,233.986545773618,57,245.287890524141,142,602.793224943753,165,331.858407079646,145,406.983271584147,64,335.69367951744
"627","KEARNY MESA",754,"Overall, concentrated, and child (0 to 18 years of age) poverty rate","2000",9,"Total","CT","06073016810","0168.10","San Diego","06073",NA,NA,"Overall",2997,95.904,3.2,NA,NA,NA,NA,NA,0.2253521,"no",41661.5034577,168.1,"Mood Disorders","Hospitalization",2010,10,2,"N CENTRAL",4,"Urban Area",3,"Moderately Low Income",4,"Supervisorial District 4",573,378.948203798741,382.349409869146,211,280.037692277065,362,477.188542202186,400,474.253939271783,40,595.592614651578,69,206.056262318581,29,146.279949558638,16,233.986545773618,57,245.287890524141,142,602.793224943753,165,331.858407079646,145,406.983271584147,64,335.69367951744
"628","KEARNY MESA",754,"Overall, concentrated, and child (0 to 18 years of age) poverty rate","2000",9,"Total","CT","06073016811","0168.11","San Diego","06073",NA,NA,"Overall",4425,177,4,NA,NA,NA,NA,NA,0.2816901,"no",41661.5034577,168.11,"Mood Disorders","Hospitalization",2010,10,2,"N CENTRAL",4,"Urban Area",3,"Moderately Low Income",4,"Supervisorial District 4",573,378.948203798741,382.349409869146,211,280.037692277065,362,477.188542202186,400,474.253939271783,40,595.592614651578,69,206.056262318581,29,146.279949558638,16,233.986545773618,57,245.287890524141,142,602.793224943753,165,331.858407079646,145,406.983271584147,64,335.69367951744
"629","KEARNY MESA",754,"Overall, concentrated, and child (0 to 18 years of age) poverty rate","2000",9,"Total","CT","06073017045","0170.45","San Diego","06073",NA,NA,"Child",961,24.986,2.6,NA,NA,NA,NA,NA,0.1368421,"no",41661.5034577,170.45,"Mood Disorders","Hospitalization",2010,10,2,"N CENTRAL",4,"Urban Area",3,"Moderately Low Income",4,"Supervisorial District 4",573,378.948203798741,382.349409869146,211,280.037692277065,362,477.188542202186,400,474.253939271783,40,595.592614651578,69,206.056262318581,29,146.279949558638,16,233.986545773618,57,245.287890524141,142,602.793224943753,165,331.858407079646,145,406.983271584147,64,335.69367951744
"630","KEARNY MESA",754,"Overall, concentrated, and child (0 to 18 years of age) poverty rate","2000",9,"Total","CT","06073017021","0170.21","San Diego","06073",NA,NA,"Overall",3161,94.83,3,NA,NA,NA,NA,NA,0.2112676,"no",41661.5034577,170.21,"Mood Disorders","Hospitalization",2010,10,2,"N CENTRAL",4,"Urban Area",3,"Moderately Low Income",4,"Supervisorial District 4",573,378.948203798741,382.349409869146,211,280.037692277065,362,477.188542202186,400,474.253939271783,40,595.592614651578,69,206.056262318581,29,146.279949558638,16,233.986545773618,57,245.287890524141,142,602.793224943753,165,331.858407079646,145,406.983271584147,64,335.69367951744
"631","KEARNY MESA",754,"Overall, concentrated, and child (0 to 18 years of age) poverty rate","2000",9,"Total","CT","06073017037","0170.37","San Diego","06073",NA,NA,"Child",1769,49.532,2.8,NA,NA,NA,NA,NA,0.1473684,"no",41661.5034577,170.37,"Mood Disorders","Hospitalization",2010,10,2,"N CENTRAL",4,"Urban Area",3,"Moderately Low Income",4,"Supervisorial District 4",573,378.948203798741,382.349409869146,211,280.037692277065,362,477.188542202186,400,474.253939271783,40,595.592614651578,69,206.056262318581,29,146.279949558638,16,233.986545773618,57,245.287890524141,142,602.793224943753,165,331.858407079646,145,406.983271584147,64,335.69367951744
"632","KEARNY MESA",754,"Overall, concentrated, and child (0 to 18 years of age) poverty rate","2000",9,"Total","CT","06073016613","0166.13","San Diego","06073",NA,NA,"Overall",2221,68.851,3.1,NA,NA,NA,NA,NA,0.2183099,"no",41661.5034577,166.13,"Mood Disorders","Hospitalization",2010,10,2,"N CENTRAL",4,"Urban Area",3,"Moderately Low Income",4,"Supervisorial District 4",573,378.948203798741,382.349409869146,211,280.037692277065,362,477.188542202186,400,474.253939271783,40,595.592614651578,69,206.056262318581,29,146.279949558638,16,233.986545773618,57,245.287890524141,142,602.793224943753,165,331.858407079646,145,406.983271584147,64,335.69367951744
"633","KEARNY MESA",754,"Overall, concentrated, and child (0 to 18 years of age) poverty rate","2000",9,"Total","CT","06073017036","0170.36","San Diego","06073",NA,NA,"Child",1016,8.128,0.8,NA,NA,NA,NA,NA,0.0421053,"no",41661.5034577,170.36,"Mood Disorders","Hospitalization",2010,10,2,"N CENTRAL",4,"Urban Area",3,"Moderately Low Income",4,"Supervisorial District 4",573,378.948203798741,382.349409869146,211,280.037692277065,362,477.188542202186,400,474.253939271783,40,595.592614651578,69,206.056262318581,29,146.279949558638,16,233.986545773618,57,245.287890524141,142,602.793224943753,165,331.858407079646,145,406.983271584147,64,335.69367951744
"634","KEARNY MESA",754,"Overall, concentrated, and child (0 to 18 years of age) poverty rate","2000",9,"Total","CT","06073016804","0168.04","San Diego","06073",NA,NA,"Child",2484,392.472,15.8,NA,NA,NA,NA,NA,0.8315789,"no",41661.5034577,168.04,"Mood Disorders","Hospitalization",2010,10,2,"N CENTRAL",4,"Urban Area",3,"Moderately Low Income",4,"Supervisorial District 4",573,378.948203798741,382.349409869146,211,280.037692277065,362,477.188542202186,400,474.253939271783,40,595.592614651578,69,206.056262318581,29,146.279949558638,16,233.986545773618,57,245.287890524141,142,602.793224943753,165,331.858407079646,145,406.983271584147,64,335.69367951744
"635","KEARNY MESA",754,"Overall, concentrated, and child (0 to 18 years of age) poverty rate","2000",9,"Total","CT","06073017050","0170.50","San Diego","06073",NA,NA,"Overall",2788,69.7,2.5,NA,NA,NA,NA,NA,0.1760563,"no",41661.5034577,170.5,"Mood Disorders","Hospitalization",2010,10,2,"N CENTRAL",4,"Urban Area",3,"Moderately Low Income",4,"Supervisorial District 4",573,378.948203798741,382.349409869146,211,280.037692277065,362,477.188542202186,400,474.253939271783,40,595.592614651578,69,206.056262318581,29,146.279949558638,16,233.986545773618,57,245.287890524141,142,602.793224943753,165,331.858407079646,145,406.983271584147,64,335.69367951744
"636","KEARNY MESA",754,"Overall, concentrated, and child (0 to 18 years of age) poverty rate","2000",9,"Total","CT","06073016605","0166.05","San Diego","06073",NA,NA,"Overall",7043,211.29,3,NA,NA,NA,NA,NA,0.2112676,"no",41661.5034577,166.05,"Mood Disorders","Hospitalization",2010,10,2,"N CENTRAL",4,"Urban Area",3,"Moderately Low Income",4,"Supervisorial District 4",573,378.948203798741,382.349409869146,211,280.037692277065,362,477.188542202186,400,474.253939271783,40,595.592614651578,69,206.056262318581,29,146.279949558638,16,233.986545773618,57,245.287890524141,142,602.793224943753,165,331.858407079646,145,406.983271584147,64,335.69367951744
"637","KEARNY MESA",754,"Overall, concentrated, and child (0 to 18 years of age) poverty rate","2000",9,"Total","CT","06073016802","0168.02","San Diego","06073",NA,NA,"Child",1590,54.06,3.4,NA,NA,NA,NA,NA,0.1789474,"no",41661.5034577,168.02,"Mood Disorders","Hospitalization",2010,10,2,"N CENTRAL",4,"Urban Area",3,"Moderately Low Income",4,"Supervisorial District 4",573,378.948203798741,382.349409869146,211,280.037692277065,362,477.188542202186,400,474.253939271783,40,595.592614651578,69,206.056262318581,29,146.279949558638,16,233.986545773618,57,245.287890524141,142,602.793224943753,165,331.858407079646,145,406.983271584147,64,335.69367951744
"638","KEARNY MESA",754,"Overall, concentrated, and child (0 to 18 years of age) poverty rate","2000",9,"Total","CT","06073016702","0167.02","San Diego","06073",NA,NA,"Overall",7141,835.497,11.7,NA,NA,NA,NA,NA,0.8239437,"no",41661.5034577,167.02,"Mood Disorders","Hospitalization",2010,10,2,"N CENTRAL",4,"Urban Area",3,"Moderately Low Income",4,"Supervisorial District 4",573,378.948203798741,382.349409869146,211,280.037692277065,362,477.188542202186,400,474.253939271783,40,595.592614651578,69,206.056262318581,29,146.279949558638,16,233.986545773618,57,245.287890524141,142,602.793224943753,165,331.858407079646,145,406.983271584147,64,335.69367951744
"639","KEARNY MESA",754,"Overall, concentrated, and child (0 to 18 years of age) poverty rate","2000",9,"Total","CT","06073017022","0170.22","San Diego","06073",NA,NA,"Child",1149,4.596,0.4,NA,NA,NA,NA,NA,0.0210526,"no",41661.5034577,170.22,"Mood Disorders","Hospitalization",2010,10,2,"N CENTRAL",4,"Urban Area",3,"Moderately Low Income",4,"Supervisorial District 4",573,378.948203798741,382.349409869146,211,280.037692277065,362,477.188542202186,400,474.253939271783,40,595.592614651578,69,206.056262318581,29,146.279949558638,16,233.986545773618,57,245.287890524141,142,602.793224943753,165,331.858407079646,145,406.983271584147,64,335.69367951744
"640","KEARNY MESA",754,"Overall, concentrated, and child (0 to 18 years of age) poverty rate","2000",9,"Total","CT","06073017021","0170.21","San Diego","06073",NA,NA,"Child",984,20.664,2.1,NA,NA,NA,NA,NA,0.1105263,"no",41661.5034577,170.21,"Mood Disorders","Hospitalization",2010,10,2,"N CENTRAL",4,"Urban Area",3,"Moderately Low Income",4,"Supervisorial District 4",573,378.948203798741,382.349409869146,211,280.037692277065,362,477.188542202186,400,474.253939271783,40,595.592614651578,69,206.056262318581,29,146.279949558638,16,233.986545773618,57,245.287890524141,142,602.793224943753,165,331.858407079646,145,406.983271584147,64,335.69367951744
"641","KEARNY MESA",754,"Overall, concentrated, and child (0 to 18 years of age) poverty rate","2000",9,"Total","CT","06073017050","0170.50","San Diego","06073",NA,NA,"Child",761,6.088,0.8,NA,NA,NA,NA,NA,0.0421053,"no",41661.5034577,170.5,"Mood Disorders","Hospitalization",2010,10,2,"N CENTRAL",4,"Urban Area",3,"Moderately Low Income",4,"Supervisorial District 4",573,378.948203798741,382.349409869146,211,280.037692277065,362,477.188542202186,400,474.253939271783,40,595.592614651578,69,206.056262318581,29,146.279949558638,16,233.986545773618,57,245.287890524141,142,602.793224943753,165,331.858407079646,145,406.983271584147,64,335.69367951744
"642","KEARNY MESA",754,"Overall, concentrated, and child (0 to 18 years of age) poverty rate","2000",9,"Total","CT","06073017010","0170.10","San Diego","06073",NA,NA,"Child",1088,5.44,0.5,NA,NA,NA,NA,NA,0.0263158,"no",41661.5034577,170.1,"Mood Disorders","Hospitalization",2010,10,2,"N CENTRAL",4,"Urban Area",3,"Moderately Low Income",4,"Supervisorial District 4",573,378.948203798741,382.349409869146,211,280.037692277065,362,477.188542202186,400,474.253939271783,40,595.592614651578,69,206.056262318581,29,146.279949558638,16,233.986545773618,57,245.287890524141,142,602.793224943753,165,331.858407079646,145,406.983271584147,64,335.69367951744
"643","KEARNY MESA",754,"Overall, concentrated, and child (0 to 18 years of age) poverty rate","2000",9,"Total","CT","06073016502","0165.02","San Diego","06073",NA,NA,"Child",2067,363.792,17.6,NA,NA,NA,NA,NA,0.9263158,"no",41661.5034577,165.02,"Mood Disorders","Hospitalization",2010,10,2,"N CENTRAL",4,"Urban Area",3,"Moderately Low Income",4,"Supervisorial District 4",573,378.948203798741,382.349409869146,211,280.037692277065,362,477.188542202186,400,474.253939271783,40,595.592614651578,69,206.056262318581,29,146.279949558638,16,233.986545773618,57,245.287890524141,142,602.793224943753,165,331.858407079646,145,406.983271584147,64,335.69367951744
"644","KEARNY MESA",754,"Overall, concentrated, and child (0 to 18 years of age) poverty rate","2000",9,"Total","CT","06073016810","0168.10","San Diego","06073",NA,NA,"Child",926,8.334,0.9,NA,NA,NA,NA,NA,0.0473684,"no",41661.5034577,168.1,"Mood Disorders","Hospitalization",2010,10,2,"N CENTRAL",4,"Urban Area",3,"Moderately Low Income",4,"Supervisorial District 4",573,378.948203798741,382.349409869146,211,280.037692277065,362,477.188542202186,400,474.253939271783,40,595.592614651578,69,206.056262318581,29,146.279949558638,16,233.986545773618,57,245.287890524141,142,602.793224943753,165,331.858407079646,145,406.983271584147,64,335.69367951744
"645","KEARNY MESA",754,"Overall, concentrated, and child (0 to 18 years of age) poverty rate","2000",9,"Total","CT","06073016301","0163.01","San Diego","06073",NA,NA,"Child",1507,506.352,33.6,NA,NA,NA,NA,NA,1.7684211,"no",41661.5034577,163.01,"Mood Disorders","Hospitalization",2010,10,2,"N CENTRAL",4,"Urban Area",3,"Moderately Low Income",4,"Supervisorial District 4",573,378.948203798741,382.349409869146,211,280.037692277065,362,477.188542202186,400,474.253939271783,40,595.592614651578,69,206.056262318581,29,146.279949558638,16,233.986545773618,57,245.287890524141,142,602.793224943753,165,331.858407079646,145,406.983271584147,64,335.69367951744
"646","KEARNY MESA",754,"Overall, concentrated, and child (0 to 18 years of age) poverty rate","2000",9,"Total","CT","06073017042","0170.42","San Diego","06073",NA,NA,"Overall",5794,115.88,2,NA,NA,NA,NA,NA,0.1408451,"no",41661.5034577,170.42,"Mood Disorders","Hospitalization",2010,10,2,"N CENTRAL",4,"Urban Area",3,"Moderately Low Income",4,"Supervisorial District 4",573,378.948203798741,382.349409869146,211,280.037692277065,362,477.188542202186,400,474.253939271783,40,595.592614651578,69,206.056262318581,29,146.279949558638,16,233.986545773618,57,245.287890524141,142,602.793224943753,165,331.858407079646,145,406.983271584147,64,335.69367951744
"647","KEARNY MESA",754,"Overall, concentrated, and child (0 to 18 years of age) poverty rate","2000",9,"Total","CT","06073016605","0166.05","San Diego","06073",NA,NA,"Child",1501,28.519,1.9,NA,NA,NA,NA,NA,0.1,"no",41661.5034577,166.05,"Mood Disorders","Hospitalization",2010,10,2,"N CENTRAL",4,"Urban Area",3,"Moderately Low Income",4,"Supervisorial District 4",573,378.948203798741,382.349409869146,211,280.037692277065,362,477.188542202186,400,474.253939271783,40,595.592614651578,69,206.056262318581,29,146.279949558638,16,233.986545773618,57,245.287890524141,142,602.793224943753,165,331.858407079646,145,406.983271584147,64,335.69367951744
"648","KEARNY MESA",754,"Overall, concentrated, and child (0 to 18 years of age) poverty rate","2000",9,"Total","CT","06073017009","0170.09","San Diego","06073",NA,NA,"Overall",4126,371.34,9,NA,NA,NA,NA,NA,0.6338028,"no",41661.5034577,170.09,"Mood Disorders","Hospitalization",2010,10,2,"N CENTRAL",4,"Urban Area",3,"Moderately Low Income",4,"Supervisorial District 4",573,378.948203798741,382.349409869146,211,280.037692277065,362,477.188542202186,400,474.253939271783,40,595.592614651578,69,206.056262318581,29,146.279949558638,16,233.986545773618,57,245.287890524141,142,602.793224943753,165,331.858407079646,145,406.983271584147,64,335.69367951744
"649","KEARNY MESA",754,"Overall, concentrated, and child (0 to 18 years of age) poverty rate","2000",9,"Total","CT","06073017015","0170.15","San Diego","06073",NA,NA,"Child",1206,57.888,4.8,NA,NA,NA,NA,NA,0.2526316,"no",41661.5034577,170.15,"Mood Disorders","Hospitalization",2010,10,2,"N CENTRAL",4,"Urban Area",3,"Moderately Low Income",4,"Supervisorial District 4",573,378.948203798741,382.349409869146,211,280.037692277065,362,477.188542202186,400,474.253939271783,40,595.592614651578,69,206.056262318581,29,146.279949558638,16,233.986545773618,57,245.287890524141,142,602.793224943753,165,331.858407079646,145,406.983271584147,64,335.69367951744
"650","KEARNY MESA",754,"Overall, concentrated, and child (0 to 18 years of age) poverty rate","2000",9,"Total","CT","06073017035","0170.35","San Diego","06073",NA,NA,"Overall",3251,299.092,9.2,NA,NA,NA,NA,NA,0.6478873,"no",41661.5034577,170.35,"Mood Disorders","Hospitalization",2010,10,2,"N CENTRAL",4,"Urban Area",3,"Moderately Low Income",4,"Supervisorial District 4",573,378.948203798741,382.349409869146,211,280.037692277065,362,477.188542202186,400,474.253939271783,40,595.592614651578,69,206.056262318581,29,146.279949558638,16,233.986545773618,57,245.287890524141,142,602.793224943753,165,331.858407079646,145,406.983271584147,64,335.69367951744
"651","KEARNY MESA",754,"Overall, concentrated, and child (0 to 18 years of age) poverty rate","2000",9,"Total","CT","06073017014","0170.14","San Diego","06073",NA,NA,"Overall",2493,132.129,5.3,NA,NA,NA,NA,NA,0.3732394,"no",41661.5034577,170.14,"Mood Disorders","Hospitalization",2010,10,2,"N CENTRAL",4,"Urban Area",3,"Moderately Low Income",4,"Supervisorial District 4",573,378.948203798741,382.349409869146,211,280.037692277065,362,477.188542202186,400,474.253939271783,40,595.592614651578,69,206.056262318581,29,146.279949558638,16,233.986545773618,57,245.287890524141,142,602.793224943753,165,331.858407079646,145,406.983271584147,64,335.69367951744
"652","KEARNY MESA",754,"Overall, concentrated, and child (0 to 18 years of age) poverty rate","2000",9,"Total","CT","06073017032","0170.32","San Diego","06073",NA,NA,"Overall",5444,168.764,3.1,NA,NA,NA,NA,NA,0.2183099,"no",41661.5034577,170.32,"Mood Disorders","Hospitalization",2010,10,2,"N CENTRAL",4,"Urban Area",3,"Moderately Low Income",4,"Supervisorial District 4",573,378.948203798741,382.349409869146,211,280.037692277065,362,477.188542202186,400,474.253939271783,40,595.592614651578,69,206.056262318581,29,146.279949558638,16,233.986545773618,57,245.287890524141,142,602.793224943753,165,331.858407079646,145,406.983271584147,64,335.69367951744
"653","KEARNY MESA",754,"Overall, concentrated, and child (0 to 18 years of age) poverty rate","2000",9,"Total","CT","06073017048","0170.48","San Diego","06073",NA,NA,"Overall",6098,487.84,8,NA,NA,NA,NA,NA,0.5633803,"no",41661.5034577,170.48,"Mood Disorders","Hospitalization",2010,10,2,"N CENTRAL",4,"Urban Area",3,"Moderately Low Income",4,"Supervisorial District 4",573,378.948203798741,382.349409869146,211,280.037692277065,362,477.188542202186,400,474.253939271783,40,595.592614651578,69,206.056262318581,29,146.279949558638,16,233.986545773618,57,245.287890524141,142,602.793224943753,165,331.858407079646,145,406.983271584147,64,335.69367951744
"654","KEARNY MESA",754,"Overall, concentrated, and child (0 to 18 years of age) poverty rate","2000",9,"Total","CT","06073016201","0162.01","San Diego","06073",NA,NA,"Overall",5893,406.617,6.9,NA,NA,NA,NA,NA,0.4859155,"no",41661.5034577,162.01,"Mood Disorders","Hospitalization",2010,10,2,"N CENTRAL",4,"Urban Area",3,"Moderately Low Income",4,"Supervisorial District 4",573,378.948203798741,382.349409869146,211,280.037692277065,362,477.188542202186,400,474.253939271783,40,595.592614651578,69,206.056262318581,29,146.279949558638,16,233.986545773618,57,245.287890524141,142,602.793224943753,165,331.858407079646,145,406.983271584147,64,335.69367951744
"655","KEARNY MESA",754,"Overall, concentrated, and child (0 to 18 years of age) poverty rate","2000",9,"Total","CT","06073017020","0170.20","San Diego","06073",NA,NA,"Overall",3407,81.768,2.4,NA,NA,NA,NA,NA,0.1690141,"no",41661.5034577,170.2,"Mood Disorders","Hospitalization",2010,10,2,"N CENTRAL",4,"Urban Area",3,"Moderately Low Income",4,"Supervisorial District 4",573,378.948203798741,382.349409869146,211,280.037692277065,362,477.188542202186,400,474.253939271783,40,595.592614651578,69,206.056262318581,29,146.279949558638,16,233.986545773618,57,245.287890524141,142,602.793224943753,165,331.858407079646,145,406.983271584147,64,335.69367951744
"656","KEARNY MESA",754,"Overall, concentrated, and child (0 to 18 years of age) poverty rate","2000",9,"Total","CT","06073016502","0165.02","San Diego","06073",NA,NA,"Overall",6711,1080.471,16.1,NA,NA,NA,NA,NA,1.1338028,"no",41661.5034577,165.02,"Mood Disorders","Hospitalization",2010,10,2,"N CENTRAL",4,"Urban Area",3,"Moderately Low Income",4,"Supervisorial District 4",573,378.948203798741,382.349409869146,211,280.037692277065,362,477.188542202186,400,474.253939271783,40,595.592614651578,69,206.056262318581,29,146.279949558638,16,233.986545773618,57,245.287890524141,142,602.793224943753,165,331.858407079646,145,406.983271584147,64,335.69367951744
"657","KEARNY MESA",754,"Overall, concentrated, and child (0 to 18 years of age) poverty rate","2000",9,"Total","CT","06073017022","0170.22","San Diego","06073",NA,NA,"Overall",4839,130.653,2.7,NA,NA,NA,NA,NA,0.1901408,"no",41661.5034577,170.22,"Mood Disorders","Hospitalization",2010,10,2,"N CENTRAL",4,"Urban Area",3,"Moderately Low Income",4,"Supervisorial District 4",573,378.948203798741,382.349409869146,211,280.037692277065,362,477.188542202186,400,474.253939271783,40,595.592614651578,69,206.056262318581,29,146.279949558638,16,233.986545773618,57,245.287890524141,142,602.793224943753,165,331.858407079646,145,406.983271584147,64,335.69367951744
"658","KEARNY MESA",754,"Overall, concentrated, and child (0 to 18 years of age) poverty rate","2000",9,"Total","CT","06073017029","0170.29","San Diego","06073",NA,NA,"Overall",3422,133.458,3.9,NA,NA,NA,NA,NA,0.2746479,"no",41661.5034577,170.29,"Mood Disorders","Hospitalization",2010,10,2,"N CENTRAL",4,"Urban Area",3,"Moderately Low Income",4,"Supervisorial District 4",573,378.948203798741,382.349409869146,211,280.037692277065,362,477.188542202186,400,474.253939271783,40,595.592614651578,69,206.056262318581,29,146.279949558638,16,233.986545773618,57,245.287890524141,142,602.793224943753,165,331.858407079646,145,406.983271584147,64,335.69367951744
"659","KEARNY MESA",754,"Overall, concentrated, and child (0 to 18 years of age) poverty rate","2000",9,"Total","CT","06073016809","0168.09","San Diego","06073",NA,NA,"Child",1472,157.504,10.7,NA,NA,NA,NA,NA,0.5631579,"no",41661.5034577,168.09,"Mood Disorders","Hospitalization",2010,10,2,"N CENTRAL",4,"Urban Area",3,"Moderately Low Income",4,"Supervisorial District 4",573,378.948203798741,382.349409869146,211,280.037692277065,362,477.188542202186,400,474.253939271783,40,595.592614651578,69,206.056262318581,29,146.279949558638,16,233.986545773618,57,245.287890524141,142,602.793224943753,165,331.858407079646,145,406.983271584147,64,335.69367951744
"660","KEARNY MESA",754,"Overall, concentrated, and child (0 to 18 years of age) poverty rate","2000",9,"Total","CT","06073016402","0164.02","San Diego","06073",NA,NA,"Child",1984,372.992,18.8,NA,NA,NA,NA,NA,0.9894737,"no",41661.5034577,164.02,"Mood Disorders","Hospitalization",2010,10,2,"N CENTRAL",4,"Urban Area",3,"Moderately Low Income",4,"Supervisorial District 4",573,378.948203798741,382.349409869146,211,280.037692277065,362,477.188542202186,400,474.253939271783,40,595.592614651578,69,206.056262318581,29,146.279949558638,16,233.986545773618,57,245.287890524141,142,602.793224943753,165,331.858407079646,145,406.983271584147,64,335.69367951744
"661","KEARNY MESA",754,"Overall, concentrated, and child (0 to 18 years of age) poverty rate","2000",9,"Total","CT","06073016802","0168.02","San Diego","06073",NA,NA,"Overall",7005,294.21,4.2,NA,NA,NA,NA,NA,0.2957746,"no",41661.5034577,168.02,"Mood Disorders","Hospitalization",2010,10,2,"N CENTRAL",4,"Urban Area",3,"Moderately Low Income",4,"Supervisorial District 4",573,378.948203798741,382.349409869146,211,280.037692277065,362,477.188542202186,400,474.253939271783,40,595.592614651578,69,206.056262318581,29,146.279949558638,16,233.986545773618,57,245.287890524141,142,602.793224943753,165,331.858407079646,145,406.983271584147,64,335.69367951744
"662","KEARNY MESA",754,"Overall, concentrated, and child (0 to 18 years of age) poverty rate","2000",9,"Total","CT","06073016609","0166.09","San Diego","06073",NA,NA,"Overall",5328,351.648,6.6,NA,NA,NA,NA,NA,0.4647887,"no",41661.5034577,166.09,"Mood Disorders","Hospitalization",2010,10,2,"N CENTRAL",4,"Urban Area",3,"Moderately Low Income",4,"Supervisorial District 4",573,378.948203798741,382.349409869146,211,280.037692277065,362,477.188542202186,400,474.253939271783,40,595.592614651578,69,206.056262318581,29,146.279949558638,16,233.986545773618,57,245.287890524141,142,602.793224943753,165,331.858407079646,145,406.983271584147,64,335.69367951744
"663","KEARNY MESA",754,"Overall, concentrated, and child (0 to 18 years of age) poverty rate","2000",9,"Total","CT","06073017020","0170.20","San Diego","06073",NA,NA,"Child",853,29.855,3.5,NA,NA,NA,NA,NA,0.1842105,"no",41661.5034577,170.2,"Mood Disorders","Hospitalization",2010,10,2,"N CENTRAL",4,"Urban Area",3,"Moderately Low Income",4,"Supervisorial District 4",573,378.948203798741,382.349409869146,211,280.037692277065,362,477.188542202186,400,474.253939271783,40,595.592614651578,69,206.056262318581,29,146.279949558638,16,233.986545773618,57,245.287890524141,142,602.793224943753,165,331.858407079646,145,406.983271584147,64,335.69367951744
"664","KEARNY MESA",754,"Overall, concentrated, and child (0 to 18 years of age) poverty rate","2000",9,"Total","CT","06073017042","0170.42","San Diego","06073",NA,NA,"Child",1913,26.782,1.4,NA,NA,NA,NA,NA,0.0736842,"no",41661.5034577,170.42,"Mood Disorders","Hospitalization",2010,10,2,"N CENTRAL",4,"Urban Area",3,"Moderately Low Income",4,"Supervisorial District 4",573,378.948203798741,382.349409869146,211,280.037692277065,362,477.188542202186,400,474.253939271783,40,595.592614651578,69,206.056262318581,29,146.279949558638,16,233.986545773618,57,245.287890524141,142,602.793224943753,165,331.858407079646,145,406.983271584147,64,335.69367951744
"665","KEARNY MESA",754,"Overall, concentrated, and child (0 to 18 years of age) poverty rate","2000",9,"Total","CT","06073017010","0170.10","San Diego","06073",NA,NA,"Overall",3261,39.132,1.2,NA,NA,NA,NA,NA,0.084507,"no",41661.5034577,170.1,"Mood Disorders","Hospitalization",2010,10,2,"N CENTRAL",4,"Urban Area",3,"Moderately Low Income",4,"Supervisorial District 4",573,378.948203798741,382.349409869146,211,280.037692277065,362,477.188542202186,400,474.253939271783,40,595.592614651578,69,206.056262318581,29,146.279949558638,16,233.986545773618,57,245.287890524141,142,602.793224943753,165,331.858407079646,145,406.983271584147,64,335.69367951744
"666","KEARNY MESA",754,"Overall, concentrated, and child (0 to 18 years of age) poverty rate","2000",9,"Total","CT","06073017035","0170.35","San Diego","06073",NA,NA,"Child",988,101.764,10.3,NA,NA,NA,NA,NA,0.5421053,"no",41661.5034577,170.35,"Mood Disorders","Hospitalization",2010,10,2,"N CENTRAL",4,"Urban Area",3,"Moderately Low Income",4,"Supervisorial District 4",573,378.948203798741,382.349409869146,211,280.037692277065,362,477.188542202186,400,474.253939271783,40,595.592614651578,69,206.056262318581,29,146.279949558638,16,233.986545773618,57,245.287890524141,142,602.793224943753,165,331.858407079646,145,406.983271584147,64,335.69367951744
"667","KEARNY MESA",754,"Overall, concentrated, and child (0 to 18 years of age) poverty rate","2000",9,"Total","CT","06073017036","0170.36","San Diego","06073",NA,NA,"Overall",3445,82.68,2.4,NA,NA,NA,NA,NA,0.1690141,"no",41661.5034577,170.36,"Mood Disorders","Hospitalization",2010,10,2,"N CENTRAL",4,"Urban Area",3,"Moderately Low Income",4,"Supervisorial District 4",573,378.948203798741,382.349409869146,211,280.037692277065,362,477.188542202186,400,474.253939271783,40,595.592614651578,69,206.056262318581,29,146.279949558638,16,233.986545773618,57,245.287890524141,142,602.793224943753,165,331.858407079646,145,406.983271584147,64,335.69367951744
"668","KEARNY MESA",754,"Overall, concentrated, and child (0 to 18 years of age) poverty rate","2000",9,"Total","CT","06073017034","0170.34","San Diego","06073",NA,NA,"Child",1528,15.28,1,NA,NA,NA,NA,NA,0.0526316,"no",41661.5034577,170.34,"Mood Disorders","Hospitalization",2010,10,2,"N CENTRAL",4,"Urban Area",3,"Moderately Low Income",4,"Supervisorial District 4",573,378.948203798741,382.349409869146,211,280.037692277065,362,477.188542202186,400,474.253939271783,40,595.592614651578,69,206.056262318581,29,146.279949558638,16,233.986545773618,57,245.287890524141,142,602.793224943753,165,331.858407079646,145,406.983271584147,64,335.69367951744
"669","KEARNY MESA",754,"Overall, concentrated, and child (0 to 18 years of age) poverty rate","2000",9,"Total","CT","06073017041","0170.41","San Diego","06073",NA,NA,"Overall",6203,297.744,4.8,NA,NA,NA,NA,NA,0.3380282,"no",41661.5034577,170.41,"Mood Disorders","Hospitalization",2010,10,2,"N CENTRAL",4,"Urban Area",3,"Moderately Low Income",4,"Supervisorial District 4",573,378.948203798741,382.349409869146,211,280.037692277065,362,477.188542202186,400,474.253939271783,40,595.592614651578,69,206.056262318581,29,146.279949558638,16,233.986545773618,57,245.287890524141,142,602.793224943753,165,331.858407079646,145,406.983271584147,64,335.69367951744
"670","KEARNY MESA",754,"Overall, concentrated, and child (0 to 18 years of age) poverty rate","2000",9,"Total","CT","06073016401","0164.01","San Diego","06073",NA,NA,"Overall",4736,402.56,8.5,NA,NA,NA,NA,NA,0.5985915,"no",41661.5034577,164.01,"Mood Disorders","Hospitalization",2010,10,2,"N CENTRAL",4,"Urban Area",3,"Moderately Low Income",4,"Supervisorial District 4",573,378.948203798741,382.349409869146,211,280.037692277065,362,477.188542202186,400,474.253939271783,40,595.592614651578,69,206.056262318581,29,146.279949558638,16,233.986545773618,57,245.287890524141,142,602.793224943753,165,331.858407079646,145,406.983271584147,64,335.69367951744
"671","KEARNY MESA",754,"Overall, concentrated, and child (0 to 18 years of age) poverty rate","2000",9,"Total","CT","06073017029","0170.29","San Diego","06073",NA,NA,"Child",796,9.552,1.2,NA,NA,NA,NA,NA,0.0631579,"no",41661.5034577,170.29,"Mood Disorders","Hospitalization",2010,10,2,"N CENTRAL",4,"Urban Area",3,"Moderately Low Income",4,"Supervisorial District 4",573,378.948203798741,382.349409869146,211,280.037692277065,362,477.188542202186,400,474.253939271783,40,595.592614651578,69,206.056262318581,29,146.279949558638,16,233.986545773618,57,245.287890524141,142,602.793224943753,165,331.858407079646,145,406.983271584147,64,335.69367951744
"672","KEARNY MESA",754,"Overall, concentrated, and child (0 to 18 years of age) poverty rate","2000",9,"Total","CT","06073017048","0170.48","San Diego","06073",NA,NA,"Child",1831,184.931,10.1,NA,NA,NA,NA,NA,0.5315789,"no",41661.5034577,170.48,"Mood Disorders","Hospitalization",2010,10,2,"N CENTRAL",4,"Urban Area",3,"Moderately Low Income",4,"Supervisorial District 4",573,378.948203798741,382.349409869146,211,280.037692277065,362,477.188542202186,400,474.253939271783,40,595.592614651578,69,206.056262318581,29,146.279949558638,16,233.986545773618,57,245.287890524141,142,602.793224943753,165,331.858407079646,145,406.983271584147,64,335.69367951744
"673","KEARNY MESA",754,"Overall, concentrated, and child (0 to 18 years of age) poverty rate","2000",9,"Total","CT","06073016807","0168.07","San Diego","06073",NA,NA,"Overall",7176,373.152,5.2,NA,NA,NA,NA,NA,0.3661972,"no",41661.5034577,168.07,"Mood Disorders","Hospitalization",2010,10,2,"N CENTRAL",4,"Urban Area",3,"Moderately Low Income",4,"Supervisorial District 4",573,378.948203798741,382.349409869146,211,280.037692277065,362,477.188542202186,400,474.253939271783,40,595.592614651578,69,206.056262318581,29,146.279949558638,16,233.986545773618,57,245.287890524141,142,602.793224943753,165,331.858407079646,145,406.983271584147,64,335.69367951744
"674","KEARNY MESA",754,"Overall, concentrated, and child (0 to 18 years of age) poverty rate","2000",9,"Total","CT","06073017009","0170.09","San Diego","06073",NA,NA,"Child",1246,117.124,9.4,NA,NA,NA,NA,NA,0.4947368,"no",41661.5034577,170.09,"Mood Disorders","Hospitalization",2010,10,2,"N CENTRAL",4,"Urban Area",3,"Moderately Low Income",4,"Supervisorial District 4",573,378.948203798741,382.349409869146,211,280.037692277065,362,477.188542202186,400,474.253939271783,40,595.592614651578,69,206.056262318581,29,146.279949558638,16,233.986545773618,57,245.287890524141,142,602.793224943753,165,331.858407079646,145,406.983271584147,64,335.69367951744
"675","KEARNY MESA",754,"Overall, concentrated, and child (0 to 18 years of age) poverty rate","2000",9,"Total","CT","06073016615","0166.15","San Diego","06073",NA,NA,"Child",565,22.6,4,NA,NA,NA,NA,NA,0.2105263,"no",41661.5034577,166.15,"Mood Disorders","Hospitalization",2010,10,2,"N CENTRAL",4,"Urban Area",3,"Moderately Low Income",4,"Supervisorial District 4",573,378.948203798741,382.349409869146,211,280.037692277065,362,477.188542202186,400,474.253939271783,40,595.592614651578,69,206.056262318581,29,146.279949558638,16,233.986545773618,57,245.287890524141,142,602.793224943753,165,331.858407079646,145,406.983271584147,64,335.69367951744
"676","KEARNY MESA",754,"Overall, concentrated, and child (0 to 18 years of age) poverty rate","2000",9,"Total","CT","06073016402","0164.02","San Diego","06073",NA,NA,"Overall",6990,1006.56,14.4,NA,NA,NA,NA,NA,1.0140845,"no",41661.5034577,164.02,"Mood Disorders","Hospitalization",2010,10,2,"N CENTRAL",4,"Urban Area",3,"Moderately Low Income",4,"Supervisorial District 4",573,378.948203798741,382.349409869146,211,280.037692277065,362,477.188542202186,400,474.253939271783,40,595.592614651578,69,206.056262318581,29,146.279949558638,16,233.986545773618,57,245.287890524141,142,602.793224943753,165,331.858407079646,145,406.983271584147,64,335.69367951744
"677","KEARNY MESA",754,"Overall, concentrated, and child (0 to 18 years of age) poverty rate","2000",9,"Total","CT","06073017047","0170.47","San Diego","06073",NA,NA,"Overall",4105,69.785,1.7,NA,NA,NA,NA,NA,0.1197183,"no",41661.5034577,170.47,"Mood Disorders","Hospitalization",2010,10,2,"N CENTRAL",4,"Urban Area",3,"Moderately Low Income",4,"Supervisorial District 4",573,378.948203798741,382.349409869146,211,280.037692277065,362,477.188542202186,400,474.253939271783,40,595.592614651578,69,206.056262318581,29,146.279949558638,16,233.986545773618,57,245.287890524141,142,602.793224943753,165,331.858407079646,145,406.983271584147,64,335.69367951744
"678","KEARNY MESA",754,"Overall, concentrated, and child (0 to 18 years of age) poverty rate","2000",9,"Total","CT","06073017047","0170.47","San Diego","06073",NA,NA,"Child",1176,32.928,2.8,NA,NA,NA,NA,NA,0.1473684,"no",41661.5034577,170.47,"Mood Disorders","Hospitalization",2010,10,2,"N CENTRAL",4,"Urban Area",3,"Moderately Low Income",4,"Supervisorial District 4",573,378.948203798741,382.349409869146,211,280.037692277065,362,477.188542202186,400,474.253939271783,40,595.592614651578,69,206.056262318581,29,146.279949558638,16,233.986545773618,57,245.287890524141,142,602.793224943753,165,331.858407079646,145,406.983271584147,64,335.69367951744
"679","KEARNY MESA",754,"Overall, concentrated, and child (0 to 18 years of age) poverty rate","2000",9,"Total","CT","06073017041","0170.41","San Diego","06073",NA,NA,"Child",1881,80.883,4.3,NA,NA,NA,NA,NA,0.2263158,"no",41661.5034577,170.41,"Mood Disorders","Hospitalization",2010,10,2,"N CENTRAL",4,"Urban Area",3,"Moderately Low Income",4,"Supervisorial District 4",573,378.948203798741,382.349409869146,211,280.037692277065,362,477.188542202186,400,474.253939271783,40,595.592614651578,69,206.056262318581,29,146.279949558638,16,233.986545773618,57,245.287890524141,142,602.793224943753,165,331.858407079646,145,406.983271584147,64,335.69367951744
"680","KEARNY MESA",754,"Overall, concentrated, and child (0 to 18 years of age) poverty rate","2000",9,"Total","CT","06073017033","0170.33","San Diego","06073",NA,NA,"Child",1499,71.952,4.8,NA,NA,NA,NA,NA,0.2526316,"no",41661.5034577,170.33,"Mood Disorders","Hospitalization",2010,10,2,"N CENTRAL",4,"Urban Area",3,"Moderately Low Income",4,"Supervisorial District 4",573,378.948203798741,382.349409869146,211,280.037692277065,362,477.188542202186,400,474.253939271783,40,595.592614651578,69,206.056262318581,29,146.279949558638,16,233.986545773618,57,245.287890524141,142,602.793224943753,165,331.858407079646,145,406.983271584147,64,335.69367951744
"681","KEARNY MESA",754,"Overall, concentrated, and child (0 to 18 years of age) poverty rate","2000",9,"Total","CT","06073017034","0170.34","San Diego","06073",NA,NA,"Overall",4989,114.747,2.3,NA,NA,NA,NA,NA,0.1619718,"no",41661.5034577,170.34,"Mood Disorders","Hospitalization",2010,10,2,"N CENTRAL",4,"Urban Area",3,"Moderately Low Income",4,"Supervisorial District 4",573,378.948203798741,382.349409869146,211,280.037692277065,362,477.188542202186,400,474.253939271783,40,595.592614651578,69,206.056262318581,29,146.279949558638,16,233.986545773618,57,245.287890524141,142,602.793224943753,165,331.858407079646,145,406.983271584147,64,335.69367951744
"682","KEARNY MESA",754,"Overall, concentrated, and child (0 to 18 years of age) poverty rate","2000",9,"Total","CT","06073017033","0170.33","San Diego","06073",NA,NA,"Overall",5026,170.884,3.4,NA,NA,NA,NA,NA,0.2394366,"no",41661.5034577,170.33,"Mood Disorders","Hospitalization",2010,10,2,"N CENTRAL",4,"Urban Area",3,"Moderately Low Income",4,"Supervisorial District 4",573,378.948203798741,382.349409869146,211,280.037692277065,362,477.188542202186,400,474.253939271783,40,595.592614651578,69,206.056262318581,29,146.279949558638,16,233.986545773618,57,245.287890524141,142,602.793224943753,165,331.858407079646,145,406.983271584147,64,335.69367951744
"683","KEARNY MESA",754,"Overall, concentrated, and child (0 to 18 years of age) poverty rate","2000",9,"Total","CT","06073016610","0166.10","San Diego","06073",NA,NA,"Child",1312,72.16,5.5,NA,NA,NA,NA,NA,0.2894737,"no",41661.5034577,166.1,"Mood Disorders","Hospitalization",2010,10,2,"N CENTRAL",4,"Urban Area",3,"Moderately Low Income",4,"Supervisorial District 4",573,378.948203798741,382.349409869146,211,280.037692277065,362,477.188542202186,400,474.253939271783,40,595.592614651578,69,206.056262318581,29,146.279949558638,16,233.986545773618,57,245.287890524141,142,602.793224943753,165,331.858407079646,145,406.983271584147,64,335.69367951744
"684","KEARNY MESA",754,"Overall, concentrated, and child (0 to 18 years of age) poverty rate","2000",9,"Total","CT","06073017046","0170.46","San Diego","06073",NA,NA,"Child",892,0,0,NA,NA,NA,NA,NA,0,"no",41661.5034577,170.46,"Mood Disorders","Hospitalization",2010,10,2,"N CENTRAL",4,"Urban Area",3,"Moderately Low Income",4,"Supervisorial District 4",573,378.948203798741,382.349409869146,211,280.037692277065,362,477.188542202186,400,474.253939271783,40,595.592614651578,69,206.056262318581,29,146.279949558638,16,233.986545773618,57,245.287890524141,142,602.793224943753,165,331.858407079646,145,406.983271584147,64,335.69367951744
"685","KEARNY MESA",754,"Overall, concentrated, and child (0 to 18 years of age) poverty rate","2000",9,"Total","CT","06073016609","0166.09","San Diego","06073",NA,NA,"Child",1739,186.073,10.7,NA,NA,NA,NA,NA,0.5631579,"no",41661.5034577,166.09,"Mood Disorders","Hospitalization",2010,10,2,"N CENTRAL",4,"Urban Area",3,"Moderately Low Income",4,"Supervisorial District 4",573,378.948203798741,382.349409869146,211,280.037692277065,362,477.188542202186,400,474.253939271783,40,595.592614651578,69,206.056262318581,29,146.279949558638,16,233.986545773618,57,245.287890524141,142,602.793224943753,165,331.858407079646,145,406.983271584147,64,335.69367951744
"686","KEARNY MESA",754,"Overall, concentrated, and child (0 to 18 years of age) poverty rate","2000",9,"Total","CT","06073017046","0170.46","San Diego","06073",NA,NA,"Overall",3155,50.48,1.6,NA,NA,NA,NA,NA,0.1126761,"no",41661.5034577,170.46,"Mood Disorders","Hospitalization",2010,10,2,"N CENTRAL",4,"Urban Area",3,"Moderately Low Income",4,"Supervisorial District 4",573,378.948203798741,382.349409869146,211,280.037692277065,362,477.188542202186,400,474.253939271783,40,595.592614651578,69,206.056262318581,29,146.279949558638,16,233.986545773618,57,245.287890524141,142,602.793224943753,165,331.858407079646,145,406.983271584147,64,335.69367951744
"687","KEARNY MESA",754,"Overall, concentrated, and child (0 to 18 years of age) poverty rate","2000",9,"Total","CT","06073017006","0170.06","San Diego","06073",NA,NA,"Overall",2858,34.296,1.2,NA,NA,NA,NA,NA,0.084507,"no",41661.5034577,170.06,"Mood Disorders","Hospitalization",2010,10,2,"N CENTRAL",4,"Urban Area",3,"Moderately Low Income",4,"Supervisorial District 4",573,378.948203798741,382.349409869146,211,280.037692277065,362,477.188542202186,400,474.253939271783,40,595.592614651578,69,206.056262318581,29,146.279949558638,16,233.986545773618,57,245.287890524141,142,602.793224943753,165,331.858407079646,145,406.983271584147,64,335.69367951744
"688","KEARNY MESA",754,"Overall, concentrated, and child (0 to 18 years of age) poverty rate","2000",9,"Total","CT","06073016809","0168.09","San Diego","06073",NA,NA,"Overall",5286,422.88,8,NA,NA,NA,NA,NA,0.5633803,"no",41661.5034577,168.09,"Mood Disorders","Hospitalization",2010,10,2,"N CENTRAL",4,"Urban Area",3,"Moderately Low Income",4,"Supervisorial District 4",573,378.948203798741,382.349409869146,211,280.037692277065,362,477.188542202186,400,474.253939271783,40,595.592614651578,69,206.056262318581,29,146.279949558638,16,233.986545773618,57,245.287890524141,142,602.793224943753,165,331.858407079646,145,406.983271584147,64,335.69367951744
"689","LA MESA",754,"Overall, concentrated, and child (0 to 18 years of age) poverty rate","2006-2010",9,"Total","CT","06073007701","0077.01","San Diego","06073",NA,NA,"Overall",4223,688.349,16.3,8.793617,23.806383,3.8297872,23.4956272,NA,1.189781,"no",41661.5034576,77.01,"Mood Disorders","Hospitalization",2010,33,5,"EAST",4,"Urban Area",2,"Low Income",2,"Supervisorial District 2",340,575.35451991742,563.547133804499,159,564.169889649789,181,585.552068842807,268,723.483519153416,25,603.573153066152,32,269.973846283641,NA,NA,NA,NA,19,197.341088491899,73,865.544225752905,106,620.717924694033,115,748.697916666667,27,314.13612565445
"690","LA MESA",754,"Overall, concentrated, and child (0 to 18 years of age) poverty rate","2006-2010",9,"Total","CT","06073007701","0077.01","San Diego","06073",NA,NA,"Child",161,43.953,27.3,0,67.2148936,20.3647416,74.5961232,NA,1.4293194,"no",41661.5034576,77.01,"Mood Disorders","Hospitalization",2010,33,5,"EAST",4,"Urban Area",2,"Low Income",2,"Supervisorial District 2",340,575.35451991742,563.547133804499,159,564.169889649789,181,585.552068842807,268,723.483519153416,25,603.573153066152,32,269.973846283641,NA,NA,NA,NA,19,197.341088491899,73,865.544225752905,106,620.717924694033,115,748.697916666667,27,314.13612565445
"691","LA MESA",754,"Overall, concentrated, and child (0 to 18 years of age) poverty rate","2006-2010",9,"Total","CT","06073007002","0070.02","San Diego","06073",NA,NA,"Child",593,33.208,5.6,0,14.893617,4.7416413,84.6721667,NA,0.2931937,"no",41661.5034576,70.02,"Mood Disorders","Hospitalization",2010,33,5,"EAST",4,"Urban Area",2,"Low Income",2,"Supervisorial District 2",340,575.35451991742,563.547133804499,159,564.169889649789,181,585.552068842807,268,723.483519153416,25,603.573153066152,32,269.973846283641,NA,NA,NA,NA,19,197.341088491899,73,865.544225752905,106,620.717924694033,115,748.697916666667,27,314.13612565445
"692","LA MESA",754,"Overall, concentrated, and child (0 to 18 years of age) poverty rate","2006-2010",9,"Total","CT","06073007100","0071.00","San Diego","06073",NA,NA,"Overall",4348,326.1,7.5,1.7808511,13.2191489,2.9179331,38.9057751,NA,0.5474453,"no",41661.5034576,71,"Mood Disorders","Hospitalization",2010,33,5,"EAST",4,"Urban Area",2,"Low Income",2,"Supervisorial District 2",340,575.35451991742,563.547133804499,159,564.169889649789,181,585.552068842807,268,723.483519153416,25,603.573153066152,32,269.973846283641,NA,NA,NA,NA,19,197.341088491899,73,865.544225752905,106,620.717924694033,115,748.697916666667,27,314.13612565445
"693","LA MESA",754,"Overall, concentrated, and child (0 to 18 years of age) poverty rate","2006-2010",9,"Total","CT","06073007600","0076.00","San Diego","06073",NA,NA,"Overall",4974,1019.67,20.5,10.8489362,30.1510638,4.9240122,24.0195715,NA,1.4963504,"no",41661.5034576,76,"Mood Disorders","Hospitalization",2010,33,5,"EAST",4,"Urban Area",2,"Low Income",2,"Supervisorial District 2",340,575.35451991742,563.547133804499,159,564.169889649789,181,585.552068842807,268,723.483519153416,25,603.573153066152,32,269.973846283641,NA,NA,NA,NA,19,197.341088491899,73,865.544225752905,106,620.717924694033,115,748.697916666667,27,314.13612565445
"694","LA MESA",754,"Overall, concentrated, and child (0 to 18 years of age) poverty rate","2006-2010",9,"Total","CT","06073007002","0070.02","San Diego","06073",NA,NA,"Overall",3043,115.634,3.8,0.8212766,6.7787234,1.5197568,39.993601,NA,0.2773723,"no",41661.5034576,70.02,"Mood Disorders","Hospitalization",2010,33,5,"EAST",4,"Urban Area",2,"Low Income",2,"Supervisorial District 2",340,575.35451991742,563.547133804499,159,564.169889649789,181,585.552068842807,268,723.483519153416,25,603.573153066152,32,269.973846283641,NA,NA,NA,NA,19,197.341088491899,73,865.544225752905,106,620.717924694033,115,748.697916666667,27,314.13612565445
"695","LA MESA",754,"Overall, concentrated, and child (0 to 18 years of age) poverty rate","2006-2010",9,"Total","CT","06073007905","0079.05","San Diego","06073",NA,NA,"Overall",2349,420.471,17.9,8.8446809,26.9553191,4.6200608,25.8103955,NA,1.3065693,"no",41661.5034576,79.05,"Mood Disorders","Hospitalization",2010,33,5,"EAST",4,"Urban Area",2,"Low Income",2,"Supervisorial District 2",340,575.35451991742,563.547133804499,159,564.169889649789,181,585.552068842807,268,723.483519153416,25,603.573153066152,32,269.973846283641,NA,NA,NA,NA,19,197.341088491899,73,865.544225752905,106,620.717924694033,115,748.697916666667,27,314.13612565445
"696","LA MESA",754,"Overall, concentrated, and child (0 to 18 years of age) poverty rate","2006-2010",9,"Total","CT","06073007400","0074.00","San Diego","06073",NA,NA,"Child",921,0,0,0,5.0042553,2.5531915,NA,NA,0,"no",41661.5034576,74,"Mood Disorders","Hospitalization",2010,33,5,"EAST",4,"Urban Area",2,"Low Income",2,"Supervisorial District 2",340,575.35451991742,563.547133804499,159,564.169889649789,181,585.552068842807,268,723.483519153416,25,603.573153066152,32,269.973846283641,NA,NA,NA,NA,19,197.341088491899,73,865.544225752905,106,620.717924694033,115,748.697916666667,27,314.13612565445
"697","LA MESA",754,"Overall, concentrated, and child (0 to 18 years of age) poverty rate","2006-2010",9,"Total","CT","06073006900","0069.00","San Diego","06073",NA,NA,"Overall",5476,602.36,11,5.7574468,16.2425532,2.674772,24.3161094,NA,0.8029197,"no",41661.5034576,69,"Mood Disorders","Hospitalization",2010,33,5,"EAST",4,"Urban Area",2,"Low Income",2,"Supervisorial District 2",340,575.35451991742,563.547133804499,159,564.169889649789,181,585.552068842807,268,723.483519153416,25,603.573153066152,32,269.973846283641,NA,NA,NA,NA,19,197.341088491899,73,865.544225752905,106,620.717924694033,115,748.697916666667,27,314.13612565445
"698","LA MESA",754,"Overall, concentrated, and child (0 to 18 years of age) poverty rate","2006-2010",9,"Total","CT","06073006000","0060.00","San Diego","06073",NA,NA,"Overall",3478,375.624,10.8,5.2,16.4,2.8571429,26.4550265,NA,0.7883212,"no",41661.5034576,60,"Mood Disorders","Hospitalization",2010,33,5,"EAST",4,"Urban Area",2,"Low Income",2,"Supervisorial District 2",340,575.35451991742,563.547133804499,159,564.169889649789,181,585.552068842807,268,723.483519153416,25,603.573153066152,32,269.973846283641,NA,NA,NA,NA,19,197.341088491899,73,865.544225752905,106,620.717924694033,115,748.697916666667,27,314.13612565445
"699","LA MESA",754,"Overall, concentrated, and child (0 to 18 years of age) poverty rate","2006-2010",9,"Total","CT","06073007100","0071.00","San Diego","06073",NA,NA,"Child",447,21.903,4.9,0,13.5978723,4.43769,90.5651014,NA,0.2565445,"no",41661.5034576,71,"Mood Disorders","Hospitalization",2010,33,5,"EAST",4,"Urban Area",2,"Low Income",2,"Supervisorial District 2",340,575.35451991742,563.547133804499,159,564.169889649789,181,585.552068842807,268,723.483519153416,25,603.573153066152,32,269.973846283641,NA,NA,NA,NA,19,197.341088491899,73,865.544225752905,106,620.717924694033,115,748.697916666667,27,314.13612565445
"700","LA MESA",754,"Overall, concentrated, and child (0 to 18 years of age) poverty rate","2006-2010",9,"Total","CT","06073007907","0079.07","San Diego","06073",NA,NA,"Child",141,46.953,33.3,0,78.8148936,23.2218845,69.7353889,NA,1.7434555,"no",41661.5034576,79.07,"Mood Disorders","Hospitalization",2010,33,5,"EAST",4,"Urban Area",2,"Low Income",2,"Supervisorial District 2",340,575.35451991742,563.547133804499,159,564.169889649789,181,585.552068842807,268,723.483519153416,25,603.573153066152,32,269.973846283641,NA,NA,NA,NA,19,197.341088491899,73,865.544225752905,106,620.717924694033,115,748.697916666667,27,314.13612565445
"701","LA MESA",754,"Overall, concentrated, and child (0 to 18 years of age) poverty rate","2006-2010",9,"Total","CT","06073007800","0078.00","San Diego","06073",NA,NA,"Child",968,203.28,21,3.3659574,38.6340426,8.9969605,42.842669,NA,1.0994764,"no",41661.5034576,78,"Mood Disorders","Hospitalization",2010,33,5,"EAST",4,"Urban Area",2,"Low Income",2,"Supervisorial District 2",340,575.35451991742,563.547133804499,159,564.169889649789,181,585.552068842807,268,723.483519153416,25,603.573153066152,32,269.973846283641,NA,NA,NA,NA,19,197.341088491899,73,865.544225752905,106,620.717924694033,115,748.697916666667,27,314.13612565445
"702","LA MESA",754,"Overall, concentrated, and child (0 to 18 years of age) poverty rate","2006-2010",9,"Total","CT","06073005900","0059.00","San Diego","06073",NA,NA,"Overall",2556,365.508,14.3,7.6276596,20.9723404,3.4042553,23.8059813,NA,1.0437956,"no",41661.5034576,59,"Mood Disorders","Hospitalization",2010,33,5,"EAST",4,"Urban Area",2,"Low Income",2,"Supervisorial District 2",340,575.35451991742,563.547133804499,159,564.169889649789,181,585.552068842807,268,723.483519153416,25,603.573153066152,32,269.973846283641,NA,NA,NA,NA,19,197.341088491899,73,865.544225752905,106,620.717924694033,115,748.697916666667,27,314.13612565445
"703","LA MESA",754,"Overall, concentrated, and child (0 to 18 years of age) poverty rate","2006-2010",9,"Total","CT","06073006600","0066.00","San Diego","06073",NA,NA,"Overall",1693,72.799,4.3,0,10.7340426,3.2826748,76.3412738,NA,0.3138686,"no",41661.5034576,66,"Mood Disorders","Hospitalization",2010,33,5,"EAST",4,"Urban Area",2,"Low Income",2,"Supervisorial District 2",340,575.35451991742,563.547133804499,159,564.169889649789,181,585.552068842807,268,723.483519153416,25,603.573153066152,32,269.973846283641,NA,NA,NA,NA,19,197.341088491899,73,865.544225752905,106,620.717924694033,115,748.697916666667,27,314.13612565445
"704","LA MESA",754,"Overall, concentrated, and child (0 to 18 years of age) poverty rate","2006-2010",9,"Total","CT","06073006100","0061.00","San Diego","06073",NA,NA,"Child",301,83.076,27.6,0,65.2510638,19.2097264,69.6004581,NA,1.4450262,"no",41661.5034576,61,"Mood Disorders","Hospitalization",2010,33,5,"EAST",4,"Urban Area",2,"Low Income",2,"Supervisorial District 2",340,575.35451991742,563.547133804499,159,564.169889649789,181,585.552068842807,268,723.483519153416,25,603.573153066152,32,269.973846283641,NA,NA,NA,NA,19,197.341088491899,73,865.544225752905,106,620.717924694033,115,748.697916666667,27,314.13612565445
"705","LA MESA",754,"Overall, concentrated, and child (0 to 18 years of age) poverty rate","2006-2010",9,"Total","CT","06073007200","0072.00","San Diego","06073",NA,NA,"Child",825,13.2,1.6,0,4.4595745,1.4589666,91.1854103,NA,0.0837696,"no",41661.5034576,72,"Mood Disorders","Hospitalization",2010,33,5,"EAST",4,"Urban Area",2,"Low Income",2,"Supervisorial District 2",340,575.35451991742,563.547133804499,159,564.169889649789,181,585.552068842807,268,723.483519153416,25,603.573153066152,32,269.973846283641,NA,NA,NA,NA,19,197.341088491899,73,865.544225752905,106,620.717924694033,115,748.697916666667,27,314.13612565445
"706","LA MESA",754,"Overall, concentrated, and child (0 to 18 years of age) poverty rate","2006-2010",9,"Total","CT","06073007600","0076.00","San Diego","06073",NA,NA,"Child",313,19.093,6.1,0,19.4446809,6.8085106,111.6149285,NA,0.3193717,"no",41661.5034576,76,"Mood Disorders","Hospitalization",2010,33,5,"EAST",4,"Urban Area",2,"Low Income",2,"Supervisorial District 2",340,575.35451991742,563.547133804499,159,564.169889649789,181,585.552068842807,268,723.483519153416,25,603.573153066152,32,269.973846283641,NA,NA,NA,NA,19,197.341088491899,73,865.544225752905,106,620.717924694033,115,748.697916666667,27,314.13612565445
"707","LA MESA",754,"Overall, concentrated, and child (0 to 18 years of age) poverty rate","2006-2010",9,"Total","CT","06073007702","0077.02","San Diego","06073",NA,NA,"Child",138,16.008,11.6,0,34,11.4285714,98.5221675,NA,0.6073298,"no",41661.5034576,77.02,"Mood Disorders","Hospitalization",2010,33,5,"EAST",4,"Urban Area",2,"Low Income",2,"Supervisorial District 2",340,575.35451991742,563.547133804499,159,564.169889649789,181,585.552068842807,268,723.483519153416,25,603.573153066152,32,269.973846283641,NA,NA,NA,NA,19,197.341088491899,73,865.544225752905,106,620.717924694033,115,748.697916666667,27,314.13612565445
"708","LA MESA",754,"Overall, concentrated, and child (0 to 18 years of age) poverty rate","2006-2010",9,"Total","CT","06073007903","0079.03","San Diego","06073",NA,NA,"Overall",4571,978.194,21.4,13.1787234,29.6212766,4.1945289,19.6006022,NA,1.5620438,"no",41661.5034576,79.03,"Mood Disorders","Hospitalization",2010,33,5,"EAST",4,"Urban Area",2,"Low Income",2,"Supervisorial District 2",340,575.35451991742,563.547133804499,159,564.169889649789,181,585.552068842807,268,723.483519153416,25,603.573153066152,32,269.973846283641,NA,NA,NA,NA,19,197.341088491899,73,865.544225752905,106,620.717924694033,115,748.697916666667,27,314.13612565445
"709","LA MESA",754,"Overall, concentrated, and child (0 to 18 years of age) poverty rate","2006-2010",9,"Total","CT","06073007800","0078.00","San Diego","06073",NA,NA,"Overall",5275,717.4,13.6,7.6425532,19.5574468,3.0395137,22.3493653,NA,0.9927007,"no",41661.5034576,78,"Mood Disorders","Hospitalization",2010,33,5,"EAST",4,"Urban Area",2,"Low Income",2,"Supervisorial District 2",340,575.35451991742,563.547133804499,159,564.169889649789,181,585.552068842807,268,723.483519153416,25,603.573153066152,32,269.973846283641,NA,NA,NA,NA,19,197.341088491899,73,865.544225752905,106,620.717924694033,115,748.697916666667,27,314.13612565445
"710","LA MESA",754,"Overall, concentrated, and child (0 to 18 years of age) poverty rate","2006-2010",9,"Total","CT","06073007302","0073.02","San Diego","06073",NA,NA,"Overall",1970,35.46,1.8,0,4.3021277,1.2765957,70.9219858,NA,0.1313869,"no",41661.5034576,73.02,"Mood Disorders","Hospitalization",2010,33,5,"EAST",4,"Urban Area",2,"Low Income",2,"Supervisorial District 2",340,575.35451991742,563.547133804499,159,564.169889649789,181,585.552068842807,268,723.483519153416,25,603.573153066152,32,269.973846283641,NA,NA,NA,NA,19,197.341088491899,73,865.544225752905,106,620.717924694033,115,748.697916666667,27,314.13612565445
"711","LA MESA",754,"Overall, concentrated, and child (0 to 18 years of age) poverty rate","2006-2010",9,"Total","CT","06073006802","0068.02","San Diego","06073",NA,NA,"Overall",5093,794.508,15.6,8.5702128,22.6297872,3.5866261,22.9911932,NA,1.1386861,"no",41661.5034576,68.02,"Mood Disorders","Hospitalization",2010,33,5,"EAST",4,"Urban Area",2,"Low Income",2,"Supervisorial District 2",340,575.35451991742,563.547133804499,159,564.169889649789,181,585.552068842807,268,723.483519153416,25,603.573153066152,32,269.973846283641,NA,NA,NA,NA,19,197.341088491899,73,865.544225752905,106,620.717924694033,115,748.697916666667,27,314.13612565445
"712","LA MESA",754,"Overall, concentrated, and child (0 to 18 years of age) poverty rate","2006-2010",9,"Total","CT","06073007502","0075.02","San Diego","06073",NA,NA,"Overall",2767,428.885,15.5,6.6829787,24.3170213,4.4984802,29.0224532,NA,1.1313869,"no",41661.5034576,75.02,"Mood Disorders","Hospitalization",2010,33,5,"EAST",4,"Urban Area",2,"Low Income",2,"Supervisorial District 2",340,575.35451991742,563.547133804499,159,564.169889649789,181,585.552068842807,268,723.483519153416,25,603.573153066152,32,269.973846283641,NA,NA,NA,NA,19,197.341088491899,73,865.544225752905,106,620.717924694033,115,748.697916666667,27,314.13612565445
"713","LA MESA",754,"Overall, concentrated, and child (0 to 18 years of age) poverty rate","2006-2010",9,"Total","CT","06073007905","0079.05","San Diego","06073",NA,NA,"Child",30,0,0,0,71.6085106,36.5349544,NA,NA,0,"no",41661.5034576,79.05,"Mood Disorders","Hospitalization",2010,33,5,"EAST",4,"Urban Area",2,"Low Income",2,"Supervisorial District 2",340,575.35451991742,563.547133804499,159,564.169889649789,181,585.552068842807,268,723.483519153416,25,603.573153066152,32,269.973846283641,NA,NA,NA,NA,19,197.341088491899,73,865.544225752905,106,620.717924694033,115,748.697916666667,27,314.13612565445
"714","LA MESA",754,"Overall, concentrated, and child (0 to 18 years of age) poverty rate","2006-2010",9,"Total","CT","06073006900","0069.00","San Diego","06073",NA,NA,"Child",991,57.478,5.8,0,12.2340426,3.2826748,56.5978409,NA,0.3036649,"no",41661.5034576,69,"Mood Disorders","Hospitalization",2010,33,5,"EAST",4,"Urban Area",2,"Low Income",2,"Supervisorial District 2",340,575.35451991742,563.547133804499,159,564.169889649789,181,585.552068842807,268,723.483519153416,25,603.573153066152,32,269.973846283641,NA,NA,NA,NA,19,197.341088491899,73,865.544225752905,106,620.717924694033,115,748.697916666667,27,314.13612565445
"715","LA MESA",754,"Overall, concentrated, and child (0 to 18 years of age) poverty rate","2006-2010",9,"Total","CT","06073006000","0060.00","San Diego","06073",NA,NA,"Child",254,0,0,0,17.2765957,8.8145897,NA,NA,0,"no",41661.5034576,60,"Mood Disorders","Hospitalization",2010,33,5,"EAST",4,"Urban Area",2,"Low Income",2,"Supervisorial District 2",340,575.35451991742,563.547133804499,159,564.169889649789,181,585.552068842807,268,723.483519153416,25,603.573153066152,32,269.973846283641,NA,NA,NA,NA,19,197.341088491899,73,865.544225752905,106,620.717924694033,115,748.697916666667,27,314.13612565445
"716","LA MESA",754,"Overall, concentrated, and child (0 to 18 years of age) poverty rate","2006-2010",9,"Total","CT","06073006802","0068.02","San Diego","06073",NA,NA,"Child",1135,95.34,8.4,0,21.1489362,6.5045593,77.4352294,NA,0.4397906,"no",41661.5034576,68.02,"Mood Disorders","Hospitalization",2010,33,5,"EAST",4,"Urban Area",2,"Low Income",2,"Supervisorial District 2",340,575.35451991742,563.547133804499,159,564.169889649789,181,585.552068842807,268,723.483519153416,25,603.573153066152,32,269.973846283641,NA,NA,NA,NA,19,197.341088491899,73,865.544225752905,106,620.717924694033,115,748.697916666667,27,314.13612565445
"717","LA MESA",754,"Overall, concentrated, and child (0 to 18 years of age) poverty rate","2006-2010",9,"Total","CT","06073006801","0068.01","San Diego","06073",NA,NA,"Overall",2551,525.506,20.6,8.0893617,33.1106383,6.3829787,30.9853336,NA,1.5036496,"no",41661.5034576,68.01,"Mood Disorders","Hospitalization",2010,33,5,"EAST",4,"Urban Area",2,"Low Income",2,"Supervisorial District 2",340,575.35451991742,563.547133804499,159,564.169889649789,181,585.552068842807,268,723.483519153416,25,603.573153066152,32,269.973846283641,NA,NA,NA,NA,19,197.341088491899,73,865.544225752905,106,620.717924694033,115,748.697916666667,27,314.13612565445
"718","LA MESA",754,"Overall, concentrated, and child (0 to 18 years of age) poverty rate","2006-2010",9,"Total","CT","06073007400","0074.00","San Diego","06073",NA,NA,"Overall",6167,456.358,7.4,3.2297872,11.5702128,2.1276596,28.7521564,NA,0.540146,"no",41661.5034576,74,"Mood Disorders","Hospitalization",2010,33,5,"EAST",4,"Urban Area",2,"Low Income",2,"Supervisorial District 2",340,575.35451991742,563.547133804499,159,564.169889649789,181,585.552068842807,268,723.483519153416,25,603.573153066152,32,269.973846283641,NA,NA,NA,NA,19,197.341088491899,73,865.544225752905,106,620.717924694033,115,748.697916666667,27,314.13612565445
"719","LA MESA",754,"Overall, concentrated, and child (0 to 18 years of age) poverty rate","2006-2010",9,"Total","CT","06073007702","0077.02","San Diego","06073",NA,NA,"Overall",3904,351.36,9,3.1617021,14.8382979,2.9787234,33.0969267,NA,0.6569343,"no",41661.5034576,77.02,"Mood Disorders","Hospitalization",2010,33,5,"EAST",4,"Urban Area",2,"Low Income",2,"Supervisorial District 2",340,575.35451991742,563.547133804499,159,564.169889649789,181,585.552068842807,268,723.483519153416,25,603.573153066152,32,269.973846283641,NA,NA,NA,NA,19,197.341088491899,73,865.544225752905,106,620.717924694033,115,748.697916666667,27,314.13612565445
"720","LA MESA",754,"Overall, concentrated, and child (0 to 18 years of age) poverty rate","2006-2010",9,"Total","CT","06073007903","0079.03","San Diego","06073",NA,NA,"Child",224,0,0,0,19.4212766,9.9088146,NA,NA,0,"no",41661.5034576,79.03,"Mood Disorders","Hospitalization",2010,33,5,"EAST",4,"Urban Area",2,"Low Income",2,"Supervisorial District 2",340,575.35451991742,563.547133804499,159,564.169889649789,181,585.552068842807,268,723.483519153416,25,603.573153066152,32,269.973846283641,NA,NA,NA,NA,19,197.341088491899,73,865.544225752905,106,620.717924694033,115,748.697916666667,27,314.13612565445
"721","LA MESA",754,"Overall, concentrated, and child (0 to 18 years of age) poverty rate","2006-2010",9,"Total","CT","06073006801","0068.01","San Diego","06073",NA,NA,"Child",307,112.055,36.5,6.3553191,66.6446809,15.3799392,42.1368198,NA,1.9109948,"no",41661.5034576,68.01,"Mood Disorders","Hospitalization",2010,33,5,"EAST",4,"Urban Area",2,"Low Income",2,"Supervisorial District 2",340,575.35451991742,563.547133804499,159,564.169889649789,181,585.552068842807,268,723.483519153416,25,603.573153066152,32,269.973846283641,NA,NA,NA,NA,19,197.341088491899,73,865.544225752905,106,620.717924694033,115,748.697916666667,27,314.13612565445
"722","LA MESA",754,"Overall, concentrated, and child (0 to 18 years of age) poverty rate","2006-2010",9,"Total","CT","06073007501","0075.01","San Diego","06073",NA,NA,"Child",413,149.919,36.3,0,81.8148936,23.2218845,63.9721336,NA,1.9005236,"no",41661.5034576,75.01,"Mood Disorders","Hospitalization",2010,33,5,"EAST",4,"Urban Area",2,"Low Income",2,"Supervisorial District 2",340,575.35451991742,563.547133804499,159,564.169889649789,181,585.552068842807,268,723.483519153416,25,603.573153066152,32,269.973846283641,NA,NA,NA,NA,19,197.341088491899,73,865.544225752905,106,620.717924694033,115,748.697916666667,27,314.13612565445
"723","LAGUNA-PINE VALLEY",754,"Overall, concentrated, and child (0 to 18 years of age) poverty rate","2006-2010",9,"Total","CT","06073020902","0209.02","San Diego","06073",NA,NA,"Child",144,0,0,0,28.4765957,14.5288754,NA,NA,0,"no",41661.5034577,209.02,"Mood Disorders","Hospitalization",2010,61,5,"EAST",1,"Rural Area",3,"Moderately Low Income",2,"Supervisorial District 2",7,132.62599469496,110.140758818773,5,178.571428571429,NA,NA,5,126.871352448617,NA,NA,NA,NA,NA,NA,NA,NA,NA,NA,NA,NA,NA,NA,NA,NA,NA,NA
"724","LAGUNA-PINE VALLEY",754,"Overall, concentrated, and child (0 to 18 years of age) poverty rate","2006-2010",9,"Total","CT","06073020903","0209.03","San Diego","06073",NA,NA,"Child",391,30.889,7.9,0,16.4787234,4.3768997,55.4037936,NA,0.4136126,"no",41661.5034577,209.03,"Mood Disorders","Hospitalization",2010,61,5,"EAST",1,"Rural Area",3,"Moderately Low Income",2,"Supervisorial District 2",7,132.62599469496,110.140758818773,5,178.571428571429,NA,NA,5,126.871352448617,NA,NA,NA,NA,NA,NA,NA,NA,NA,NA,NA,NA,NA,NA,NA,NA,NA,NA
"725","LAGUNA-PINE VALLEY",754,"Overall, concentrated, and child (0 to 18 years of age) poverty rate","2006-2010",9,"Total","CT","06073020708","0207.08","San Diego","06073",NA,NA,"Overall",3142,254.502,8.1,0.4744681,15.7255319,3.8905775,48.0318211,NA,0.5912409,"no",41661.5034577,207.08,"Mood Disorders","Hospitalization",2010,61,5,"EAST",1,"Rural Area",3,"Moderately Low Income",2,"Supervisorial District 2",7,132.62599469496,110.140758818773,5,178.571428571429,NA,NA,5,126.871352448617,NA,NA,NA,NA,NA,NA,NA,NA,NA,NA,NA,NA,NA,NA,NA,NA,NA,NA
"726","LAGUNA-PINE VALLEY",754,"Overall, concentrated, and child (0 to 18 years of age) poverty rate","2006-2010",9,"Total","CT","06073020902","0209.02","San Diego","06073",NA,NA,"Overall",1310,165.06,12.6,4.1404255,21.0595745,4.3161094,34.2548367,NA,0.919708,"no",41661.5034577,209.02,"Mood Disorders","Hospitalization",2010,61,5,"EAST",1,"Rural Area",3,"Moderately Low Income",2,"Supervisorial District 2",7,132.62599469496,110.140758818773,5,178.571428571429,NA,NA,5,126.871352448617,NA,NA,NA,NA,NA,NA,NA,NA,NA,NA,NA,NA,NA,NA,NA,NA,NA,NA
"727","LAGUNA-PINE VALLEY",754,"Overall, concentrated, and child (0 to 18 years of age) poverty rate","2006-2010",9,"Total","CT","06073020709","0207.09","San Diego","06073",NA,NA,"Overall",7698,384.9,5,0.8297872,9.1702128,2.1276596,42.5531915,NA,0.3649635,"no",41661.5034577,207.09,"Mood Disorders","Hospitalization",2010,61,5,"EAST",1,"Rural Area",3,"Moderately Low Income",2,"Supervisorial District 2",7,132.62599469496,110.140758818773,5,178.571428571429,NA,NA,5,126.871352448617,NA,NA,NA,NA,NA,NA,NA,NA,NA,NA,NA,NA,NA,NA,NA,NA,NA,NA
"728","LAGUNA-PINE VALLEY",754,"Overall, concentrated, and child (0 to 18 years of age) poverty rate","2006-2010",9,"Total","CT","06073020903","0209.03","San Diego","06073",NA,NA,"Overall",2443,241.857,9.9,5.2531915,14.5468085,2.3708207,23.9476835,NA,0.7226277,"no",41661.5034577,209.03,"Mood Disorders","Hospitalization",2010,61,5,"EAST",1,"Rural Area",3,"Moderately Low Income",2,"Supervisorial District 2",7,132.62599469496,110.140758818773,5,178.571428571429,NA,NA,5,126.871352448617,NA,NA,NA,NA,NA,NA,NA,NA,NA,NA,NA,NA,NA,NA,NA,NA,NA,NA
"729","LAGUNA-PINE VALLEY",754,"Overall, concentrated, and child (0 to 18 years of age) poverty rate","2006-2010",9,"Total","CT","06073020709","0207.09","San Diego","06073",NA,NA,"Child",2016,74.592,3.7,0,8.1085106,2.2492401,60.7902736,NA,0.1937173,"no",41661.5034577,207.09,"Mood Disorders","Hospitalization",2010,61,5,"EAST",1,"Rural Area",3,"Moderately Low Income",2,"Supervisorial District 2",7,132.62599469496,110.140758818773,5,178.571428571429,NA,NA,5,126.871352448617,NA,NA,NA,NA,NA,NA,NA,NA,NA,NA,NA,NA,NA,NA,NA,NA,NA,NA
"730","LAGUNA-PINE VALLEY",754,"Overall, concentrated, and child (0 to 18 years of age) poverty rate","2006-2010",9,"Total","CT","06073020708","0207.08","San Diego","06073",NA,NA,"Child",873,48.888,5.6,0,13.106383,3.8297872,68.3890578,NA,0.2931937,"no",41661.5034577,207.08,"Mood Disorders","Hospitalization",2010,61,5,"EAST",1,"Rural Area",3,"Moderately Low Income",2,"Supervisorial District 2",7,132.62599469496,110.140758818773,5,178.571428571429,NA,NA,5,126.871352448617,NA,NA,NA,NA,NA,NA,NA,NA,NA,NA,NA,NA,NA,NA,NA,NA,NA,NA
"731","LAKESIDE",754,"Overall, concentrated, and child (0 to 18 years of age) poverty rate","2006-2010",9,"Total","CT","06073009603","0096.03","San Diego","06073",NA,NA,"Child",227,0,0,0,19.1829787,9.787234,NA,NA,0,"no",41661.5034577,96.03,"Mood Disorders","Hospitalization",2010,36,5,"EAST",2,"Exurban Area",3,"Moderately Low Income",2,"Supervisorial District 2",181,323.09889325241,316.332727673019,59,212.965636731158,122,430.85181522814,150,367.224031140598,NA,NA,18,173.694876001158,NA,NA,6,228.310502283105,8,69.6864111498258,37,462.5,55,379.755575502313,68,424.336973478939,13,215.51724137931
"732","LAKESIDE",754,"Overall, concentrated, and child (0 to 18 years of age) poverty rate","2006-2010",9,"Total","CT","06073009301","0093.01","San Diego","06073",NA,NA,"Child",946,87.978,9.3,0,21.9297872,6.443769,69.2878387,NA,0.486911,"no",41661.5034577,93.01,"Mood Disorders","Hospitalization",2010,36,5,"EAST",2,"Exurban Area",3,"Moderately Low Income",2,"Supervisorial District 2",181,323.09889325241,316.332727673019,59,212.965636731158,122,430.85181522814,150,367.224031140598,NA,NA,18,173.694876001158,NA,NA,6,228.310502283105,8,69.6864111498258,37,462.5,55,379.755575502313,68,424.336973478939,13,215.51724137931
"733","LAKESIDE",754,"Overall, concentrated, and child (0 to 18 years of age) poverty rate","2006-2010",9,"Total","CT","06073009502","0095.02","San Diego","06073",NA,NA,"Overall",4555,300.63,6.6,2.0723404,11.1276596,2.3100304,35.0004605,NA,0.4817518,"no",41661.5034577,95.02,"Mood Disorders","Hospitalization",2010,36,5,"EAST",2,"Exurban Area",3,"Moderately Low Income",2,"Supervisorial District 2",181,323.09889325241,316.332727673019,59,212.965636731158,122,430.85181522814,150,367.224031140598,NA,NA,18,173.694876001158,NA,NA,6,228.310502283105,8,69.6864111498258,37,462.5,55,379.755575502313,68,424.336973478939,13,215.51724137931
"734","LAKESIDE",754,"Overall, concentrated, and child (0 to 18 years of age) poverty rate","2006-2010",9,"Total","CT","06073009202","0092.02","San Diego","06073",NA,NA,"Overall",3893,144.041,3.7,1.1978723,6.2021277,1.2765957,34.5025877,NA,0.270073,"no",41661.5034577,92.02,"Mood Disorders","Hospitalization",2010,36,5,"EAST",2,"Exurban Area",3,"Moderately Low Income",2,"Supervisorial District 2",181,323.09889325241,316.332727673019,59,212.965636731158,122,430.85181522814,150,367.224031140598,NA,NA,18,173.694876001158,NA,NA,6,228.310502283105,8,69.6864111498258,37,462.5,55,379.755575502313,68,424.336973478939,13,215.51724137931
"735","LAKESIDE",754,"Overall, concentrated, and child (0 to 18 years of age) poverty rate","2006-2010",9,"Total","CT","06073009602","0096.02","San Diego","06073",NA,NA,"Overall",3722,364.756,9.8,5.1531915,14.4468085,2.3708207,24.1920476,NA,0.7153285,"no",41661.5034577,96.02,"Mood Disorders","Hospitalization",2010,36,5,"EAST",2,"Exurban Area",3,"Moderately Low Income",2,"Supervisorial District 2",181,323.09889325241,316.332727673019,59,212.965636731158,122,430.85181522814,150,367.224031140598,NA,NA,18,173.694876001158,NA,NA,6,228.310502283105,8,69.6864111498258,37,462.5,55,379.755575502313,68,424.336973478939,13,215.51724137931
"736","LAKESIDE",754,"Overall, concentrated, and child (0 to 18 years of age) poverty rate","2006-2010",9,"Total","CT","06073009704","0097.04","San Diego","06073",NA,NA,"Overall",5741,281.309,4.9,1.3255319,8.4744681,1.8237082,37.2185348,NA,0.3576642,"no",41661.5034577,97.04,"Mood Disorders","Hospitalization",2010,36,5,"EAST",2,"Exurban Area",3,"Moderately Low Income",2,"Supervisorial District 2",181,323.09889325241,316.332727673019,59,212.965636731158,122,430.85181522814,150,367.224031140598,NA,NA,18,173.694876001158,NA,NA,6,228.310502283105,8,69.6864111498258,37,462.5,55,379.755575502313,68,424.336973478939,13,215.51724137931
"737","LAKESIDE",754,"Overall, concentrated, and child (0 to 18 years of age) poverty rate","2006-2010",9,"Total","CT","06073009511","0095.11","San Diego","06073",NA,NA,"Overall",4610,387.24,8.4,1.7276596,15.0723404,3.4042553,40.526849,NA,0.6131387,"no",41661.5034577,95.11,"Mood Disorders","Hospitalization",2010,36,5,"EAST",2,"Exurban Area",3,"Moderately Low Income",2,"Supervisorial District 2",181,323.09889325241,316.332727673019,59,212.965636731158,122,430.85181522814,150,367.224031140598,NA,NA,18,173.694876001158,NA,NA,6,228.310502283105,8,69.6864111498258,37,462.5,55,379.755575502313,68,424.336973478939,13,215.51724137931
"738","LAKESIDE",754,"Overall, concentrated, and child (0 to 18 years of age) poverty rate","2006-2010",9,"Total","CT","06073009202","0092.02","San Diego","06073",NA,NA,"Child",623,15.575,2.5,0,7.5042553,2.5531915,102.1276596,NA,0.1308901,"no",41661.5034577,92.02,"Mood Disorders","Hospitalization",2010,36,5,"EAST",2,"Exurban Area",3,"Moderately Low Income",2,"Supervisorial District 2",181,323.09889325241,316.332727673019,59,212.965636731158,122,430.85181522814,150,367.224031140598,NA,NA,18,173.694876001158,NA,NA,6,228.310502283105,8,69.6864111498258,37,462.5,55,379.755575502313,68,424.336973478939,13,215.51724137931
"739","LAKESIDE",754,"Overall, concentrated, and child (0 to 18 years of age) poverty rate","2006-2010",9,"Total","CT","06073009602","0096.02","San Diego","06073",NA,NA,"Child",654,46.434,7.1,0,16.9893617,5.0455927,71.064686,NA,0.3717277,"no",41661.5034577,96.02,"Mood Disorders","Hospitalization",2010,36,5,"EAST",2,"Exurban Area",3,"Moderately Low Income",2,"Supervisorial District 2",181,323.09889325241,316.332727673019,59,212.965636731158,122,430.85181522814,150,367.224031140598,NA,NA,18,173.694876001158,NA,NA,6,228.310502283105,8,69.6864111498258,37,462.5,55,379.755575502313,68,424.336973478939,13,215.51724137931
"740","LAKESIDE",754,"Overall, concentrated, and child (0 to 18 years of age) poverty rate","2006-2010",9,"Total","CT","06073009507","0095.07","San Diego","06073",NA,NA,"Overall",4165,204.085,4.9,1.087234,8.712766,1.9452888,39.6997705,NA,0.3576642,"no",41661.5034577,95.07,"Mood Disorders","Hospitalization",2010,36,5,"EAST",2,"Exurban Area",3,"Moderately Low Income",2,"Supervisorial District 2",181,323.09889325241,316.332727673019,59,212.965636731158,122,430.85181522814,150,367.224031140598,NA,NA,18,173.694876001158,NA,NA,6,228.310502283105,8,69.6864111498258,37,462.5,55,379.755575502313,68,424.336973478939,13,215.51724137931
"741","LAKESIDE",754,"Overall, concentrated, and child (0 to 18 years of age) poverty rate","2006-2010",9,"Total","CT","06073009507","0095.07","San Diego","06073",NA,NA,"Child",728,15.288,2.1,0,6.2702128,2.1276596,101.3171226,NA,0.1099476,"no",41661.5034577,95.07,"Mood Disorders","Hospitalization",2010,36,5,"EAST",2,"Exurban Area",3,"Moderately Low Income",2,"Supervisorial District 2",181,323.09889325241,316.332727673019,59,212.965636731158,122,430.85181522814,150,367.224031140598,NA,NA,18,173.694876001158,NA,NA,6,228.310502283105,8,69.6864111498258,37,462.5,55,379.755575502313,68,424.336973478939,13,215.51724137931
"742","LAKESIDE",754,"Overall, concentrated, and child (0 to 18 years of age) poverty rate","2006-2010",9,"Total","CT","06073009201","0092.01","San Diego","06073",NA,NA,"Overall",4874,682.36,14,3.9914894,24.0085106,5.106383,36.4741641,NA,1.0218978,"no",41661.5034577,92.01,"Mood Disorders","Hospitalization",2010,36,5,"EAST",2,"Exurban Area",3,"Moderately Low Income",2,"Supervisorial District 2",181,323.09889325241,316.332727673019,59,212.965636731158,122,430.85181522814,150,367.224031140598,NA,NA,18,173.694876001158,NA,NA,6,228.310502283105,8,69.6864111498258,37,462.5,55,379.755575502313,68,424.336973478939,13,215.51724137931
"743","LAKESIDE",754,"Overall, concentrated, and child (0 to 18 years of age) poverty rate","2006-2010",9,"Total","CT","06073009504","0095.04","San Diego","06073",NA,NA,"Child",1671,168.771,10.1,0,20.4659574,5.2887538,52.363899,NA,0.5287958,"no",41661.5034577,95.04,"Mood Disorders","Hospitalization",2010,36,5,"EAST",2,"Exurban Area",3,"Moderately Low Income",2,"Supervisorial District 2",181,323.09889325241,316.332727673019,59,212.965636731158,122,430.85181522814,150,367.224031140598,NA,NA,18,173.694876001158,NA,NA,6,228.310502283105,8,69.6864111498258,37,462.5,55,379.755575502313,68,424.336973478939,13,215.51724137931
"744","LAKESIDE",754,"Overall, concentrated, and child (0 to 18 years of age) poverty rate","2006-2010",9,"Total","CT","06073009502","0095.02","San Diego","06073",NA,NA,"Child",932,88.54,9.5,0,19.7468085,5.2279635,55.031195,NA,0.4973822,"no",41661.5034577,95.02,"Mood Disorders","Hospitalization",2010,36,5,"EAST",2,"Exurban Area",3,"Moderately Low Income",2,"Supervisorial District 2",181,323.09889325241,316.332727673019,59,212.965636731158,122,430.85181522814,150,367.224031140598,NA,NA,18,173.694876001158,NA,NA,6,228.310502283105,8,69.6864111498258,37,462.5,55,379.755575502313,68,424.336973478939,13,215.51724137931
"745","LAKESIDE",754,"Overall, concentrated, and child (0 to 18 years of age) poverty rate","2006-2010",9,"Total","CT","06073009705","0097.05","San Diego","06073",NA,NA,"Child",758,12.128,1.6,0,4.4595745,1.4589666,91.1854103,NA,0.0837696,"no",41661.5034577,97.05,"Mood Disorders","Hospitalization",2010,36,5,"EAST",2,"Exurban Area",3,"Moderately Low Income",2,"Supervisorial District 2",181,323.09889325241,316.332727673019,59,212.965636731158,122,430.85181522814,150,367.224031140598,NA,NA,18,173.694876001158,NA,NA,6,228.310502283105,8,69.6864111498258,37,462.5,55,379.755575502313,68,424.336973478939,13,215.51724137931
"746","LAKESIDE",754,"Overall, concentrated, and child (0 to 18 years of age) poverty rate","2006-2010",9,"Total","CT","06073009400","0094.00","San Diego","06073",NA,NA,"Overall",6312,1028.856,16.3,2.8361702,29.7638298,6.8693009,42.1429504,NA,1.189781,"no",41661.5034577,94,"Mood Disorders","Hospitalization",2010,36,5,"EAST",2,"Exurban Area",3,"Moderately Low Income",2,"Supervisorial District 2",181,323.09889325241,316.332727673019,59,212.965636731158,122,430.85181522814,150,367.224031140598,NA,NA,18,173.694876001158,NA,NA,6,228.310502283105,8,69.6864111498258,37,462.5,55,379.755575502313,68,424.336973478939,13,215.51724137931
"747","LAKESIDE",754,"Overall, concentrated, and child (0 to 18 years of age) poverty rate","2006-2010",9,"Total","CT","06073009704","0097.04","San Diego","06073",NA,NA,"Child",865,0,0,0,5.4808511,2.7963526,NA,NA,0,"no",41661.5034577,97.04,"Mood Disorders","Hospitalization",2010,36,5,"EAST",2,"Exurban Area",3,"Moderately Low Income",2,"Supervisorial District 2",181,323.09889325241,316.332727673019,59,212.965636731158,122,430.85181522814,150,367.224031140598,NA,NA,18,173.694876001158,NA,NA,6,228.310502283105,8,69.6864111498258,37,462.5,55,379.755575502313,68,424.336973478939,13,215.51724137931
"748","LAKESIDE",754,"Overall, concentrated, and child (0 to 18 years of age) poverty rate","2006-2010",9,"Total","CT","06073009509","0095.09","San Diego","06073",NA,NA,"Child",261,0,0,0,16.9191489,8.6322188,NA,NA,0,"no",41661.5034577,95.09,"Mood Disorders","Hospitalization",2010,36,5,"EAST",2,"Exurban Area",3,"Moderately Low Income",2,"Supervisorial District 2",181,323.09889325241,316.332727673019,59,212.965636731158,122,430.85181522814,150,367.224031140598,NA,NA,18,173.694876001158,NA,NA,6,228.310502283105,8,69.6864111498258,37,462.5,55,379.755575502313,68,424.336973478939,13,215.51724137931
"749","LAKESIDE",754,"Overall, concentrated, and child (0 to 18 years of age) poverty rate","2006-2010",9,"Total","CT","06073009703","0097.03","San Diego","06073",NA,NA,"Overall",3620,162.9,4.5,0.2106383,8.7893617,2.1884498,48.6322188,NA,0.3284672,"no",41661.5034577,97.03,"Mood Disorders","Hospitalization",2010,36,5,"EAST",2,"Exurban Area",3,"Moderately Low Income",2,"Supervisorial District 2",181,323.09889325241,316.332727673019,59,212.965636731158,122,430.85181522814,150,367.224031140598,NA,NA,18,173.694876001158,NA,NA,6,228.310502283105,8,69.6864111498258,37,462.5,55,379.755575502313,68,424.336973478939,13,215.51724137931
"750","LAKESIDE",754,"Overall, concentrated, and child (0 to 18 years of age) poverty rate","2006-2010",9,"Total","CT","06073009506","0095.06","San Diego","06073",NA,NA,"Overall",4245,110.37,2.6,0,5.8170213,1.6413374,63.128361,NA,0.189781,"no",41661.5034577,95.06,"Mood Disorders","Hospitalization",2010,36,5,"EAST",2,"Exurban Area",3,"Moderately Low Income",2,"Supervisorial District 2",181,323.09889325241,316.332727673019,59,212.965636731158,122,430.85181522814,150,367.224031140598,NA,NA,18,173.694876001158,NA,NA,6,228.310502283105,8,69.6864111498258,37,462.5,55,379.755575502313,68,424.336973478939,13,215.51724137931
"751","LEMON GROVE",754,"Overall, concentrated, and child (0 to 18 years of age) poverty rate","2006-2010",9,"Total","CT","06073005100","0051.00","San Diego","06073",NA,NA,"Overall",5142,2164.782,42.1,31.6148936,52.5851064,5.3495441,12.7067555,NA,3.0729927,"yes",41661.5034576,51,"Mood Disorders","Hospitalization",2010,32,5,"EAST",5,"Very Urban Area",2,"Low Income",2,"Supervisorial District 2",117,392.472577236591,383.381556541814,52,358.645423822333,65,424.503657262278,83,876.729692616457,14,318.326512050932,15,119.932837610938,NA,NA,NA,NA,8,127.612059339608,36,788.781770376862,21,261.714855433699,39,510.337607956032,13,392.512077294686
"752","LEMON GROVE",754,"Overall, concentrated, and child (0 to 18 years of age) poverty rate","2006-2010",9,"Total","CT","06073005800","0058.00","San Diego","06073",NA,NA,"Child",231,161.007,69.7,27.9978723,100,21.2765957,30.5259623,NA,3.6492147,"no",41661.5034576,58,"Mood Disorders","Hospitalization",2010,32,5,"EAST",5,"Very Urban Area",2,"Low Income",2,"Supervisorial District 2",117,392.472577236591,383.381556541814,52,358.645423822333,65,424.503657262278,83,876.729692616457,14,318.326512050932,15,119.932837610938,NA,NA,NA,NA,8,127.612059339608,36,788.781770376862,21,261.714855433699,39,510.337607956032,13,392.512077294686
"753","LEMON GROVE",754,"Overall, concentrated, and child (0 to 18 years of age) poverty rate","2006-2010",9,"Total","CT","06073004700","0047.00","San Diego","06073",NA,NA,"Child",529,330.096,62.4,34.7574468,90.0425532,14.1033435,22.601512,NA,3.2670157,"yes",41661.5034576,47,"Mood Disorders","Hospitalization",2010,32,5,"EAST",5,"Very Urban Area",2,"Low Income",2,"Supervisorial District 2",117,392.472577236591,383.381556541814,52,358.645423822333,65,424.503657262278,83,876.729692616457,14,318.326512050932,15,119.932837610938,NA,NA,NA,NA,8,127.612059339608,36,788.781770376862,21,261.714855433699,39,510.337607956032,13,392.512077294686
"754","LEMON GROVE",754,"Overall, concentrated, and child (0 to 18 years of age) poverty rate","2006-2010",9,"Total","CT","06073004600","0046.00","San Diego","06073",NA,NA,"Overall",1825,242.725,13.3,6.0319149,20.5680851,3.7082067,27.8812533,NA,0.9708029,"no",41661.5034576,46,"Mood Disorders","Hospitalization",2010,32,5,"EAST",5,"Very Urban Area",2,"Low Income",2,"Supervisorial District 2",117,392.472577236591,383.381556541814,52,358.645423822333,65,424.503657262278,83,876.729692616457,14,318.326512050932,15,119.932837610938,NA,NA,NA,NA,8,127.612059339608,36,788.781770376862,21,261.714855433699,39,510.337607956032,13,392.512077294686
"755","LEMON GROVE",754,"Overall, concentrated, and child (0 to 18 years of age) poverty rate","2006-2010",9,"Total","CT","06073004700","0047.00","San Diego","06073",NA,NA,"Overall",1936,826.672,42.7,25.7808511,59.6191489,8.6322188,20.2159692,NA,3.1167883,"yes",41661.5034576,47,"Mood Disorders","Hospitalization",2010,32,5,"EAST",5,"Very Urban Area",2,"Low Income",2,"Supervisorial District 2",117,392.472577236591,383.381556541814,52,358.645423822333,65,424.503657262278,83,876.729692616457,14,318.326512050932,15,119.932837610938,NA,NA,NA,NA,8,127.612059339608,36,788.781770376862,21,261.714855433699,39,510.337607956032,13,392.512077294686
"756","LEMON GROVE",754,"Overall, concentrated, and child (0 to 18 years of age) poverty rate","2006-2010",9,"Total","CT","06073005300","0053.00","San Diego","06073",NA,NA,"Overall",5043,1180.062,23.4,15.4170213,31.3829787,4.0729483,17.4057621,NA,1.7080292,"no",41661.5034576,53,"Mood Disorders","Hospitalization",2010,32,5,"EAST",5,"Very Urban Area",2,"Low Income",2,"Supervisorial District 2",117,392.472577236591,383.381556541814,52,358.645423822333,65,424.503657262278,83,876.729692616457,14,318.326512050932,15,119.932837610938,NA,NA,NA,NA,8,127.612059339608,36,788.781770376862,21,261.714855433699,39,510.337607956032,13,392.512077294686
"757","LEMON GROVE",754,"Overall, concentrated, and child (0 to 18 years of age) poverty rate","2006-2010",9,"Total","CT","06073005600","0056.00","San Diego","06073",NA,NA,"Overall",3314,344.656,10.4,4.6808511,16.1191489,2.9179331,28.0570493,NA,0.7591241,"no",41661.5034576,56,"Mood Disorders","Hospitalization",2010,32,5,"EAST",5,"Very Urban Area",2,"Low Income",2,"Supervisorial District 2",117,392.472577236591,383.381556541814,52,358.645423822333,65,424.503657262278,83,876.729692616457,14,318.326512050932,15,119.932837610938,NA,NA,NA,NA,8,127.612059339608,36,788.781770376862,21,261.714855433699,39,510.337607956032,13,392.512077294686
"758","LEMON GROVE",754,"Overall, concentrated, and child (0 to 18 years of age) poverty rate","2006-2010",9,"Total","CT","06073005300","0053.00","San Diego","06073",NA,NA,"Child",96,75.456,78.6,19.2638298,100,30.2735562,38.5159748,NA,4.1151832,"no",41661.5034576,53,"Mood Disorders","Hospitalization",2010,32,5,"EAST",5,"Very Urban Area",2,"Low Income",2,"Supervisorial District 2",117,392.472577236591,383.381556541814,52,358.645423822333,65,424.503657262278,83,876.729692616457,14,318.326512050932,15,119.932837610938,NA,NA,NA,NA,8,127.612059339608,36,788.781770376862,21,261.714855433699,39,510.337607956032,13,392.512077294686
"759","LEMON GROVE",754,"Overall, concentrated, and child (0 to 18 years of age) poverty rate","2006-2010",9,"Total","CT","06073004600","0046.00","San Diego","06073",NA,NA,"Child",195,43.095,22.1,0,50.2191489,14.3465046,64.9163102,NA,1.1570681,"no",41661.5034576,46,"Mood Disorders","Hospitalization",2010,32,5,"EAST",5,"Very Urban Area",2,"Low Income",2,"Supervisorial District 2",117,392.472577236591,383.381556541814,52,358.645423822333,65,424.503657262278,83,876.729692616457,14,318.326512050932,15,119.932837610938,NA,NA,NA,NA,8,127.612059339608,36,788.781770376862,21,261.714855433699,39,510.337607956032,13,392.512077294686
"760","LEMON GROVE",754,"Overall, concentrated, and child (0 to 18 years of age) poverty rate","2006-2010",9,"Total","CT","06073005800","0058.00","San Diego","06073",NA,NA,"Overall",2510,446.78,17.8,7.7914894,27.8085106,5.106383,28.6875448,NA,1.2992701,"no",41661.5034576,58,"Mood Disorders","Hospitalization",2010,32,5,"EAST",5,"Very Urban Area",2,"Low Income",2,"Supervisorial District 2",117,392.472577236591,383.381556541814,52,358.645423822333,65,424.503657262278,83,876.729692616457,14,318.326512050932,15,119.932837610938,NA,NA,NA,NA,8,127.612059339608,36,788.781770376862,21,261.714855433699,39,510.337607956032,13,392.512077294686
"761","LEMON GROVE",754,"Overall, concentrated, and child (0 to 18 years of age) poverty rate","2006-2010",9,"Total","CT","06073005900","0059.00","San Diego","06073",NA,NA,"Child",123,18.081,14.7,0,41.9851064,13.9209726,94.7004942,NA,0.7696335,"no",41661.5034576,59,"Mood Disorders","Hospitalization",2010,32,5,"EAST",5,"Very Urban Area",2,"Low Income",2,"Supervisorial District 2",117,392.472577236591,383.381556541814,52,358.645423822333,65,424.503657262278,83,876.729692616457,14,318.326512050932,15,119.932837610938,NA,NA,NA,NA,8,127.612059339608,36,788.781770376862,21,261.714855433699,39,510.337607956032,13,392.512077294686
"762","LEMON GROVE",754,"Overall, concentrated, and child (0 to 18 years of age) poverty rate","2006-2010",9,"Total","CT","06073005700","0057.00","San Diego","06073",NA,NA,"Overall",1758,784.068,44.6,17.1957447,72.0042553,13.9817629,31.3492442,NA,3.2554745,"yes",41661.5034576,57,"Mood Disorders","Hospitalization",2010,32,5,"EAST",5,"Very Urban Area",2,"Low Income",2,"Supervisorial District 2",117,392.472577236591,383.381556541814,52,358.645423822333,65,424.503657262278,83,876.729692616457,14,318.326512050932,15,119.932837610938,NA,NA,NA,NA,8,127.612059339608,36,788.781770376862,21,261.714855433699,39,510.337607956032,13,392.512077294686
"763","LEMON GROVE",754,"Overall, concentrated, and child (0 to 18 years of age) poverty rate","2006-2010",9,"Total","CT","06073005400","0054.00","San Diego","06073",NA,NA,"Overall",6986,789.418,11.3,6.7723404,15.8276596,2.3100304,20.4427469,NA,0.8248175,"no",41661.5034576,54,"Mood Disorders","Hospitalization",2010,32,5,"EAST",5,"Very Urban Area",2,"Low Income",2,"Supervisorial District 2",117,392.472577236591,383.381556541814,52,358.645423822333,65,424.503657262278,83,876.729692616457,14,318.326512050932,15,119.932837610938,NA,NA,NA,NA,8,127.612059339608,36,788.781770376862,21,261.714855433699,39,510.337607956032,13,392.512077294686
"764","LEMON GROVE",754,"Overall, concentrated, and child (0 to 18 years of age) poverty rate","2006-2010",9,"Total","CT","06073005200","0052.00","San Diego","06073",NA,NA,"Child",280,167.72,59.9,14.6234043,100,23.100304,38.5647812,NA,3.1361257,"no",41661.5034576,52,"Mood Disorders","Hospitalization",2010,32,5,"EAST",5,"Very Urban Area",2,"Low Income",2,"Supervisorial District 2",117,392.472577236591,383.381556541814,52,358.645423822333,65,424.503657262278,83,876.729692616457,14,318.326512050932,15,119.932837610938,NA,NA,NA,NA,8,127.612059339608,36,788.781770376862,21,261.714855433699,39,510.337607956032,13,392.512077294686
"765","LEMON GROVE",754,"Overall, concentrated, and child (0 to 18 years of age) poverty rate","2006-2010",9,"Total","CT","06073005200","0052.00","San Diego","06073",NA,NA,"Overall",4100,1180.8,28.8,17.8382979,39.7617021,5.5927052,19.4191152,NA,2.1021898,"no",41661.5034576,52,"Mood Disorders","Hospitalization",2010,32,5,"EAST",5,"Very Urban Area",2,"Low Income",2,"Supervisorial District 2",117,392.472577236591,383.381556541814,52,358.645423822333,65,424.503657262278,83,876.729692616457,14,318.326512050932,15,119.932837610938,NA,NA,NA,NA,8,127.612059339608,36,788.781770376862,21,261.714855433699,39,510.337607956032,13,392.512077294686
"766","LEMON GROVE",754,"Overall, concentrated, and child (0 to 18 years of age) poverty rate","2006-2010",9,"Total","CT","06073005600","0056.00","San Diego","06073",NA,NA,"Child",178,24.03,13.5,0,37.2106383,12.0972644,89.6093662,NA,0.7068063,"no",41661.5034576,56,"Mood Disorders","Hospitalization",2010,32,5,"EAST",5,"Very Urban Area",2,"Low Income",2,"Supervisorial District 2",117,392.472577236591,383.381556541814,52,358.645423822333,65,424.503657262278,83,876.729692616457,14,318.326512050932,15,119.932837610938,NA,NA,NA,NA,8,127.612059339608,36,788.781770376862,21,261.714855433699,39,510.337607956032,13,392.512077294686
"767","LEMON GROVE",754,"Overall, concentrated, and child (0 to 18 years of age) poverty rate","2006-2010",9,"Total","CT","06073005000","0050.00","San Diego","06073",NA,NA,"Child",627,287.793,45.9,24.5723404,67.2276596,10.881459,23.7068823,NA,2.4031414,"yes",41661.5034576,50,"Mood Disorders","Hospitalization",2010,32,5,"EAST",5,"Very Urban Area",2,"Low Income",2,"Supervisorial District 2",117,392.472577236591,383.381556541814,52,358.645423822333,65,424.503657262278,83,876.729692616457,14,318.326512050932,15,119.932837610938,NA,NA,NA,NA,8,127.612059339608,36,788.781770376862,21,261.714855433699,39,510.337607956032,13,392.512077294686
"768","LEMON GROVE",754,"Overall, concentrated, and child (0 to 18 years of age) poverty rate","2006-2010",9,"Total","CT","06073005400","0054.00","San Diego","06073",NA,NA,"Child",166,0,0,0,25.2595745,12.887538,NA,NA,0,"no",41661.5034576,54,"Mood Disorders","Hospitalization",2010,32,5,"EAST",5,"Very Urban Area",2,"Low Income",2,"Supervisorial District 2",117,392.472577236591,383.381556541814,52,358.645423822333,65,424.503657262278,83,876.729692616457,14,318.326512050932,15,119.932837610938,NA,NA,NA,NA,8,127.612059339608,36,788.781770376862,21,261.714855433699,39,510.337607956032,13,392.512077294686
"769","LEMON GROVE",754,"Overall, concentrated, and child (0 to 18 years of age) poverty rate","2006-2010",9,"Total","CT","06073005000","0050.00","San Diego","06073",NA,NA,"Overall",2021,864.988,42.8,26.2382979,59.3617021,8.449848,19.7426356,NA,3.1240876,"yes",41661.5034576,50,"Mood Disorders","Hospitalization",2010,32,5,"EAST",5,"Very Urban Area",2,"Low Income",2,"Supervisorial District 2",117,392.472577236591,383.381556541814,52,358.645423822333,65,424.503657262278,83,876.729692616457,14,318.326512050932,15,119.932837610938,NA,NA,NA,NA,8,127.612059339608,36,788.781770376862,21,261.714855433699,39,510.337607956032,13,392.512077294686
"770","LEMON GROVE",754,"Overall, concentrated, and child (0 to 18 years of age) poverty rate","2006-2010",9,"Total","CT","06073005100","0051.00","San Diego","06073",NA,NA,"Child",452,285.664,63.2,32.1021277,94.2978723,15.8662614,25.104844,NA,3.3089005,"yes",41661.5034576,51,"Mood Disorders","Hospitalization",2010,32,5,"EAST",5,"Very Urban Area",2,"Low Income",2,"Supervisorial District 2",117,392.472577236591,383.381556541814,52,358.645423822333,65,424.503657262278,83,876.729692616457,14,318.326512050932,15,119.932837610938,NA,NA,NA,NA,8,127.612059339608,36,788.781770376862,21,261.714855433699,39,510.337607956032,13,392.512077294686
"771","MID-CITY",754,"Overall, concentrated, and child (0 to 18 years of age) poverty rate","2000",9,"Total","CT","06073003101","0031.01","San Diego","06073",NA,NA,"Child",1141,148.33,13,NA,NA,NA,NA,NA,0.6842105,"no",41661.5034576,31.01,"Mood Disorders","Hospitalization",2010,6,3,"CENTRAL",5,"Very Urban Area",1,"Lowest Income",4,"Supervisorial District 4",610,374.136725506311,379.653012473971,264,325.095127267354,346,422.801979593084,353,759.956942949408,92,476.239776374366,127,185.49623895421,20,84.9076629165782,12,228.397411496003,42,124.230951254141,103,309.495192307692,212,420.601539560352,216,659.199804681539,37,289.446921692873
"772","MID-CITY",754,"Overall, concentrated, and child (0 to 18 years of age) poverty rate","2000",9,"Total","CT","06073002804","0028.04","San Diego","06073",NA,NA,"Overall",4477,1132.681,25.3,NA,NA,NA,NA,NA,1.7816901,"no",41661.5034576,28.04,"Mood Disorders","Hospitalization",2010,6,3,"CENTRAL",5,"Very Urban Area",1,"Lowest Income",4,"Supervisorial District 4",610,374.136725506311,379.653012473971,264,325.095127267354,346,422.801979593084,353,759.956942949408,92,476.239776374366,127,185.49623895421,20,84.9076629165782,12,228.397411496003,42,124.230951254141,103,309.495192307692,212,420.601539560352,216,659.199804681539,37,289.446921692873
"773","MID-CITY",754,"Overall, concentrated, and child (0 to 18 years of age) poverty rate","2000",9,"Total","CT","06073003501","0035.01","San Diego","06073",NA,NA,"Overall",4059,1412.532,34.8,NA,NA,NA,NA,NA,2.4507042,"no",41661.5034576,35.01,"Mood Disorders","Hospitalization",2010,6,3,"CENTRAL",5,"Very Urban Area",1,"Lowest Income",4,"Supervisorial District 4",610,374.136725506311,379.653012473971,264,325.095127267354,346,422.801979593084,353,759.956942949408,92,476.239776374366,127,185.49623895421,20,84.9076629165782,12,228.397411496003,42,124.230951254141,103,309.495192307692,212,420.601539560352,216,659.199804681539,37,289.446921692873
"774","MID-CITY",754,"Overall, concentrated, and child (0 to 18 years of age) poverty rate","2000",9,"Total","CT","06073002602","0026.02","San Diego","06073",NA,NA,"Child",1878,732.42,39,NA,NA,NA,NA,NA,2.0526316,"no",41661.5034576,26.02,"Mood Disorders","Hospitalization",2010,6,3,"CENTRAL",5,"Very Urban Area",1,"Lowest Income",4,"Supervisorial District 4",610,374.136725506311,379.653012473971,264,325.095127267354,346,422.801979593084,353,759.956942949408,92,476.239776374366,127,185.49623895421,20,84.9076629165782,12,228.397411496003,42,124.230951254141,103,309.495192307692,212,420.601539560352,216,659.199804681539,37,289.446921692873
"775","MID-CITY",754,"Overall, concentrated, and child (0 to 18 years of age) poverty rate","2000",9,"Total","CT","06073003107","0031.07","San Diego","06073",NA,NA,"Child",1772,164.796,9.3,NA,NA,NA,NA,NA,0.4894737,"no",41661.5034576,31.07,"Mood Disorders","Hospitalization",2010,6,3,"CENTRAL",5,"Very Urban Area",1,"Lowest Income",4,"Supervisorial District 4",610,374.136725506311,379.653012473971,264,325.095127267354,346,422.801979593084,353,759.956942949408,92,476.239776374366,127,185.49623895421,20,84.9076629165782,12,228.397411496003,42,124.230951254141,103,309.495192307692,212,420.601539560352,216,659.199804681539,37,289.446921692873
"776","MID-CITY",754,"Overall, concentrated, and child (0 to 18 years of age) poverty rate","2000",9,"Total","CT","06073003214","0032.14","San Diego","06073",NA,NA,"Child",1483,60.803,4.1,NA,NA,NA,NA,NA,0.2157895,"no",41661.5034576,32.14,"Mood Disorders","Hospitalization",2010,6,3,"CENTRAL",5,"Very Urban Area",1,"Lowest Income",4,"Supervisorial District 4",610,374.136725506311,379.653012473971,264,325.095127267354,346,422.801979593084,353,759.956942949408,92,476.239776374366,127,185.49623895421,20,84.9076629165782,12,228.397411496003,42,124.230951254141,103,309.495192307692,212,420.601539560352,216,659.199804681539,37,289.446921692873
"777","MID-CITY",754,"Overall, concentrated, and child (0 to 18 years of age) poverty rate","2000",9,"Total","CT","06073005100","0051.00","San Diego","06073",NA,NA,"Overall",3360,1807.68,53.8,NA,NA,NA,NA,NA,3.7887324,"no",41661.5034576,51,"Mood Disorders","Hospitalization",2010,6,3,"CENTRAL",5,"Very Urban Area",1,"Lowest Income",4,"Supervisorial District 4",610,374.136725506311,379.653012473971,264,325.095127267354,346,422.801979593084,353,759.956942949408,92,476.239776374366,127,185.49623895421,20,84.9076629165782,12,228.397411496003,42,124.230951254141,103,309.495192307692,212,420.601539560352,216,659.199804681539,37,289.446921692873
"778","MID-CITY",754,"Overall, concentrated, and child (0 to 18 years of age) poverty rate","2000",9,"Total","CT","06073003204","0032.04","San Diego","06073",NA,NA,"Overall",3168,82.368,2.6,NA,NA,NA,NA,NA,0.1830986,"no",41661.5034576,32.04,"Mood Disorders","Hospitalization",2010,6,3,"CENTRAL",5,"Very Urban Area",1,"Lowest Income",4,"Supervisorial District 4",610,374.136725506311,379.653012473971,264,325.095127267354,346,422.801979593084,353,759.956942949408,92,476.239776374366,127,185.49623895421,20,84.9076629165782,12,228.397411496003,42,124.230951254141,103,309.495192307692,212,420.601539560352,216,659.199804681539,37,289.446921692873
"779","MID-CITY",754,"Overall, concentrated, and child (0 to 18 years of age) poverty rate","2000",9,"Total","CT","06073003111","0031.11","San Diego","06073",NA,NA,"Child",2394,931.266,38.9,NA,NA,NA,NA,NA,2.0473684,"no",41661.5034576,31.11,"Mood Disorders","Hospitalization",2010,6,3,"CENTRAL",5,"Very Urban Area",1,"Lowest Income",4,"Supervisorial District 4",610,374.136725506311,379.653012473971,264,325.095127267354,346,422.801979593084,353,759.956942949408,92,476.239776374366,127,185.49623895421,20,84.9076629165782,12,228.397411496003,42,124.230951254141,103,309.495192307692,212,420.601539560352,216,659.199804681539,37,289.446921692873
"780","MID-CITY",754,"Overall, concentrated, and child (0 to 18 years of age) poverty rate","2000",9,"Total","CT","06073002705","0027.05","San Diego","06073",NA,NA,"Overall",4071,227.976,5.6,NA,NA,NA,NA,NA,0.3943662,"no",41661.5034576,27.05,"Mood Disorders","Hospitalization",2010,6,3,"CENTRAL",5,"Very Urban Area",1,"Lowest Income",4,"Supervisorial District 4",610,374.136725506311,379.653012473971,264,325.095127267354,346,422.801979593084,353,759.956942949408,92,476.239776374366,127,185.49623895421,20,84.9076629165782,12,228.397411496003,42,124.230951254141,103,309.495192307692,212,420.601539560352,216,659.199804681539,37,289.446921692873
"781","MID-CITY",754,"Overall, concentrated, and child (0 to 18 years of age) poverty rate","2000",9,"Total","CT","06073003114","0031.14","San Diego","06073",NA,NA,"Overall",3566,53.49,1.5,NA,NA,NA,NA,NA,0.1056338,"no",41661.5034576,31.14,"Mood Disorders","Hospitalization",2010,6,3,"CENTRAL",5,"Very Urban Area",1,"Lowest Income",4,"Supervisorial District 4",610,374.136725506311,379.653012473971,264,325.095127267354,346,422.801979593084,353,759.956942949408,92,476.239776374366,127,185.49623895421,20,84.9076629165782,12,228.397411496003,42,124.230951254141,103,309.495192307692,212,420.601539560352,216,659.199804681539,37,289.446921692873
"782","MID-CITY",754,"Overall, concentrated, and child (0 to 18 years of age) poverty rate","2000",9,"Total","CT","06073003103","0031.03","San Diego","06073",NA,NA,"Child",2078,432.224,20.8,NA,NA,NA,NA,NA,1.0947368,"no",41661.5034576,31.03,"Mood Disorders","Hospitalization",2010,6,3,"CENTRAL",5,"Very Urban Area",1,"Lowest Income",4,"Supervisorial District 4",610,374.136725506311,379.653012473971,264,325.095127267354,346,422.801979593084,353,759.956942949408,92,476.239776374366,127,185.49623895421,20,84.9076629165782,12,228.397411496003,42,124.230951254141,103,309.495192307692,212,420.601539560352,216,659.199804681539,37,289.446921692873
"783","MID-CITY",754,"Overall, concentrated, and child (0 to 18 years of age) poverty rate","2000",9,"Total","CT","06073003115","0031.15","San Diego","06073",NA,NA,"Child",2240,432.32,19.3,NA,NA,NA,NA,NA,1.0157895,"no",41661.5034576,31.15,"Mood Disorders","Hospitalization",2010,6,3,"CENTRAL",5,"Very Urban Area",1,"Lowest Income",4,"Supervisorial District 4",610,374.136725506311,379.653012473971,264,325.095127267354,346,422.801979593084,353,759.956942949408,92,476.239776374366,127,185.49623895421,20,84.9076629165782,12,228.397411496003,42,124.230951254141,103,309.495192307692,212,420.601539560352,216,659.199804681539,37,289.446921692873
"784","MID-CITY",754,"Overall, concentrated, and child (0 to 18 years of age) poverty rate","2000",9,"Total","CT","06073002602","0026.02","San Diego","06073",NA,NA,"Overall",4649,1557.415,33.5,NA,NA,NA,NA,NA,2.3591549,"no",41661.5034576,26.02,"Mood Disorders","Hospitalization",2010,6,3,"CENTRAL",5,"Very Urban Area",1,"Lowest Income",4,"Supervisorial District 4",610,374.136725506311,379.653012473971,264,325.095127267354,346,422.801979593084,353,759.956942949408,92,476.239776374366,127,185.49623895421,20,84.9076629165782,12,228.397411496003,42,124.230951254141,103,309.495192307692,212,420.601539560352,216,659.199804681539,37,289.446921692873
"785","MID-CITY",754,"Overall, concentrated, and child (0 to 18 years of age) poverty rate","2000",9,"Total","CT","06073002705","0027.05","San Diego","06073",NA,NA,"Child",1110,26.64,2.4,NA,NA,NA,NA,NA,0.1263158,"no",41661.5034576,27.05,"Mood Disorders","Hospitalization",2010,6,3,"CENTRAL",5,"Very Urban Area",1,"Lowest Income",4,"Supervisorial District 4",610,374.136725506311,379.653012473971,264,325.095127267354,346,422.801979593084,353,759.956942949408,92,476.239776374366,127,185.49623895421,20,84.9076629165782,12,228.397411496003,42,124.230951254141,103,309.495192307692,212,420.601539560352,216,659.199804681539,37,289.446921692873
"786","MID-CITY",754,"Overall, concentrated, and child (0 to 18 years of age) poverty rate","2000",9,"Total","CT","06073005200","0052.00","San Diego","06073",NA,NA,"Child",154,38.5,25,NA,NA,NA,NA,NA,1.3157895,"no",41661.5034576,52,"Mood Disorders","Hospitalization",2010,6,3,"CENTRAL",5,"Very Urban Area",1,"Lowest Income",4,"Supervisorial District 4",610,374.136725506311,379.653012473971,264,325.095127267354,346,422.801979593084,353,759.956942949408,92,476.239776374366,127,185.49623895421,20,84.9076629165782,12,228.397411496003,42,124.230951254141,103,309.495192307692,212,420.601539560352,216,659.199804681539,37,289.446921692873
"787","MID-CITY",754,"Overall, concentrated, and child (0 to 18 years of age) poverty rate","2000",9,"Total","CT","06073002703","0027.03","San Diego","06073",NA,NA,"Child",1708,392.84,23,NA,NA,NA,NA,NA,1.2105263,"no",41661.5034576,27.03,"Mood Disorders","Hospitalization",2010,6,3,"CENTRAL",5,"Very Urban Area",1,"Lowest Income",4,"Supervisorial District 4",610,374.136725506311,379.653012473971,264,325.095127267354,346,422.801979593084,353,759.956942949408,92,476.239776374366,127,185.49623895421,20,84.9076629165782,12,228.397411496003,42,124.230951254141,103,309.495192307692,212,420.601539560352,216,659.199804681539,37,289.446921692873
"788","MID-CITY",754,"Overall, concentrated, and child (0 to 18 years of age) poverty rate","2000",9,"Total","CT","06073003202","0032.02","San Diego","06073",NA,NA,"Overall",4547,395.589,8.7,NA,NA,NA,NA,NA,0.6126761,"no",41661.5034576,32.02,"Mood Disorders","Hospitalization",2010,6,3,"CENTRAL",5,"Very Urban Area",1,"Lowest Income",4,"Supervisorial District 4",610,374.136725506311,379.653012473971,264,325.095127267354,346,422.801979593084,353,759.956942949408,92,476.239776374366,127,185.49623895421,20,84.9076629165782,12,228.397411496003,42,124.230951254141,103,309.495192307692,212,420.601539560352,216,659.199804681539,37,289.446921692873
"789","MID-CITY",754,"Overall, concentrated, and child (0 to 18 years of age) poverty rate","2000",9,"Total","CT","06073002904","0029.04","San Diego","06073",NA,NA,"Child",533,71.422,13.4,NA,NA,NA,NA,NA,0.7052632,"no",41661.5034576,29.04,"Mood Disorders","Hospitalization",2010,6,3,"CENTRAL",5,"Very Urban Area",1,"Lowest Income",4,"Supervisorial District 4",610,374.136725506311,379.653012473971,264,325.095127267354,346,422.801979593084,353,759.956942949408,92,476.239776374366,127,185.49623895421,20,84.9076629165782,12,228.397411496003,42,124.230951254141,103,309.495192307692,212,420.601539560352,216,659.199804681539,37,289.446921692873
"790","MID-CITY",754,"Overall, concentrated, and child (0 to 18 years of age) poverty rate","2000",9,"Total","CT","06073004000","0040.00","San Diego","06073",NA,NA,"Overall",5036,2110.084,41.9,NA,NA,NA,NA,NA,2.9507042,"yes",41661.5034576,40,"Mood Disorders","Hospitalization",2010,6,3,"CENTRAL",5,"Very Urban Area",1,"Lowest Income",4,"Supervisorial District 4",610,374.136725506311,379.653012473971,264,325.095127267354,346,422.801979593084,353,759.956942949408,92,476.239776374366,127,185.49623895421,20,84.9076629165782,12,228.397411496003,42,124.230951254141,103,309.495192307692,212,420.601539560352,216,659.199804681539,37,289.446921692873
"791","MID-CITY",754,"Overall, concentrated, and child (0 to 18 years of age) poverty rate","2000",9,"Total","CT","06073003502","0035.02","San Diego","06073",NA,NA,"Child",1744,606.912,34.8,NA,NA,NA,NA,NA,1.8315789,"no",41661.5034576,35.02,"Mood Disorders","Hospitalization",2010,6,3,"CENTRAL",5,"Very Urban Area",1,"Lowest Income",4,"Supervisorial District 4",610,374.136725506311,379.653012473971,264,325.095127267354,346,422.801979593084,353,759.956942949408,92,476.239776374366,127,185.49623895421,20,84.9076629165782,12,228.397411496003,42,124.230951254141,103,309.495192307692,212,420.601539560352,216,659.199804681539,37,289.446921692873
"792","MID-CITY",754,"Overall, concentrated, and child (0 to 18 years of age) poverty rate","2000",9,"Total","CT","06073003214","0032.14","San Diego","06073",NA,NA,"Overall",4644,208.98,4.5,NA,NA,NA,NA,NA,0.3169014,"no",41661.5034576,32.14,"Mood Disorders","Hospitalization",2010,6,3,"CENTRAL",5,"Very Urban Area",1,"Lowest Income",4,"Supervisorial District 4",610,374.136725506311,379.653012473971,264,325.095127267354,346,422.801979593084,353,759.956942949408,92,476.239776374366,127,185.49623895421,20,84.9076629165782,12,228.397411496003,42,124.230951254141,103,309.495192307692,212,420.601539560352,216,659.199804681539,37,289.446921692873
"793","MID-CITY",754,"Overall, concentrated, and child (0 to 18 years of age) poverty rate","2000",9,"Total","CT","06073002801","0028.01","San Diego","06073",NA,NA,"Overall",3776,1631.232,43.2,NA,NA,NA,NA,NA,3.0422535,"no",41661.5034576,28.01,"Mood Disorders","Hospitalization",2010,6,3,"CENTRAL",5,"Very Urban Area",1,"Lowest Income",4,"Supervisorial District 4",610,374.136725506311,379.653012473971,264,325.095127267354,346,422.801979593084,353,759.956942949408,92,476.239776374366,127,185.49623895421,20,84.9076629165782,12,228.397411496003,42,124.230951254141,103,309.495192307692,212,420.601539560352,216,659.199804681539,37,289.446921692873
"794","MID-CITY",754,"Overall, concentrated, and child (0 to 18 years of age) poverty rate","2000",9,"Total","CT","06073003109","0031.09","San Diego","06073",NA,NA,"Overall",3697,277.275,7.5,NA,NA,NA,NA,NA,0.528169,"no",41661.5034576,31.09,"Mood Disorders","Hospitalization",2010,6,3,"CENTRAL",5,"Very Urban Area",1,"Lowest Income",4,"Supervisorial District 4",610,374.136725506311,379.653012473971,264,325.095127267354,346,422.801979593084,353,759.956942949408,92,476.239776374366,127,185.49623895421,20,84.9076629165782,12,228.397411496003,42,124.230951254141,103,309.495192307692,212,420.601539560352,216,659.199804681539,37,289.446921692873
"795","MID-CITY",754,"Overall, concentrated, and child (0 to 18 years of age) poverty rate","2000",9,"Total","CT","06073003109","0031.09","San Diego","06073",NA,NA,"Child",1073,112.665,10.5,NA,NA,NA,NA,NA,0.5526316,"no",41661.5034576,31.09,"Mood Disorders","Hospitalization",2010,6,3,"CENTRAL",5,"Very Urban Area",1,"Lowest Income",4,"Supervisorial District 4",610,374.136725506311,379.653012473971,264,325.095127267354,346,422.801979593084,353,759.956942949408,92,476.239776374366,127,185.49623895421,20,84.9076629165782,12,228.397411496003,42,124.230951254141,103,309.495192307692,212,420.601539560352,216,659.199804681539,37,289.446921692873
"796","MID-CITY",754,"Overall, concentrated, and child (0 to 18 years of age) poverty rate","2000",9,"Total","CT","06073002703","0027.03","San Diego","06073",NA,NA,"Overall",6447,1063.755,16.5,NA,NA,NA,NA,NA,1.1619718,"no",41661.5034576,27.03,"Mood Disorders","Hospitalization",2010,6,3,"CENTRAL",5,"Very Urban Area",1,"Lowest Income",4,"Supervisorial District 4",610,374.136725506311,379.653012473971,264,325.095127267354,346,422.801979593084,353,759.956942949408,92,476.239776374366,127,185.49623895421,20,84.9076629165782,12,228.397411496003,42,124.230951254141,103,309.495192307692,212,420.601539560352,216,659.199804681539,37,289.446921692873
"797","MID-CITY",754,"Overall, concentrated, and child (0 to 18 years of age) poverty rate","2000",9,"Total","CT","06073003202","0032.02","San Diego","06073",NA,NA,"Child",1272,131.016,10.3,NA,NA,NA,NA,NA,0.5421053,"no",41661.5034576,32.02,"Mood Disorders","Hospitalization",2010,6,3,"CENTRAL",5,"Very Urban Area",1,"Lowest Income",4,"Supervisorial District 4",610,374.136725506311,379.653012473971,264,325.095127267354,346,422.801979593084,353,759.956942949408,92,476.239776374366,127,185.49623895421,20,84.9076629165782,12,228.397411496003,42,124.230951254141,103,309.495192307692,212,420.601539560352,216,659.199804681539,37,289.446921692873
"798","MID-CITY",754,"Overall, concentrated, and child (0 to 18 years of age) poverty rate","2000",9,"Total","CT","06073002804","0028.04","San Diego","06073",NA,NA,"Child",618,73.542,11.9,NA,NA,NA,NA,NA,0.6263158,"no",41661.5034576,28.04,"Mood Disorders","Hospitalization",2010,6,3,"CENTRAL",5,"Very Urban Area",1,"Lowest Income",4,"Supervisorial District 4",610,374.136725506311,379.653012473971,264,325.095127267354,346,422.801979593084,353,759.956942949408,92,476.239776374366,127,185.49623895421,20,84.9076629165782,12,228.397411496003,42,124.230951254141,103,309.495192307692,212,420.601539560352,216,659.199804681539,37,289.446921692873
"799","MID-CITY",754,"Overall, concentrated, and child (0 to 18 years of age) poverty rate","2000",9,"Total","CT","06073003401","0034.01","San Diego","06073",NA,NA,"Child",1598,290.836,18.2,NA,NA,NA,NA,NA,0.9578947,"no",41661.5034576,34.01,"Mood Disorders","Hospitalization",2010,6,3,"CENTRAL",5,"Very Urban Area",1,"Lowest Income",4,"Supervisorial District 4",610,374.136725506311,379.653012473971,264,325.095127267354,346,422.801979593084,353,759.956942949408,92,476.239776374366,127,185.49623895421,20,84.9076629165782,12,228.397411496003,42,124.230951254141,103,309.495192307692,212,420.601539560352,216,659.199804681539,37,289.446921692873
"800","MID-CITY",754,"Overall, concentrated, and child (0 to 18 years of age) poverty rate","2000",9,"Total","CT","06073004000","0040.00","San Diego","06073",NA,NA,"Child",2100,1121.4,53.4,NA,NA,NA,NA,NA,2.8105263,"yes",41661.5034576,40,"Mood Disorders","Hospitalization",2010,6,3,"CENTRAL",5,"Very Urban Area",1,"Lowest Income",4,"Supervisorial District 4",610,374.136725506311,379.653012473971,264,325.095127267354,346,422.801979593084,353,759.956942949408,92,476.239776374366,127,185.49623895421,20,84.9076629165782,12,228.397411496003,42,124.230951254141,103,309.495192307692,212,420.601539560352,216,659.199804681539,37,289.446921692873
"801","MID-CITY",754,"Overall, concentrated, and child (0 to 18 years of age) poverty rate","2000",9,"Total","CT","06073003301","0033.01","San Diego","06073",NA,NA,"Child",1294,428.314,33.1,NA,NA,NA,NA,NA,1.7421053,"no",41661.5034576,33.01,"Mood Disorders","Hospitalization",2010,6,3,"CENTRAL",5,"Very Urban Area",1,"Lowest Income",4,"Supervisorial District 4",610,374.136725506311,379.653012473971,264,325.095127267354,346,422.801979593084,353,759.956942949408,92,476.239776374366,127,185.49623895421,20,84.9076629165782,12,228.397411496003,42,124.230951254141,103,309.495192307692,212,420.601539560352,216,659.199804681539,37,289.446921692873
"802","MID-CITY",754,"Overall, concentrated, and child (0 to 18 years of age) poverty rate","2000",9,"Total","CT","06073003105","0031.05","San Diego","06073",NA,NA,"Overall",4167,383.364,9.2,NA,NA,NA,NA,NA,0.6478873,"no",41661.5034576,31.05,"Mood Disorders","Hospitalization",2010,6,3,"CENTRAL",5,"Very Urban Area",1,"Lowest Income",4,"Supervisorial District 4",610,374.136725506311,379.653012473971,264,325.095127267354,346,422.801979593084,353,759.956942949408,92,476.239776374366,127,185.49623895421,20,84.9076629165782,12,228.397411496003,42,124.230951254141,103,309.495192307692,212,420.601539560352,216,659.199804681539,37,289.446921692873
"803","MID-CITY",754,"Overall, concentrated, and child (0 to 18 years of age) poverty rate","2000",9,"Total","CT","06073002801","0028.01","San Diego","06073",NA,NA,"Child",168,10.248,6.1,NA,NA,NA,NA,NA,0.3210526,"no",41661.5034576,28.01,"Mood Disorders","Hospitalization",2010,6,3,"CENTRAL",5,"Very Urban Area",1,"Lowest Income",4,"Supervisorial District 4",610,374.136725506311,379.653012473971,264,325.095127267354,346,422.801979593084,353,759.956942949408,92,476.239776374366,127,185.49623895421,20,84.9076629165782,12,228.397411496003,42,124.230951254141,103,309.495192307692,212,420.601539560352,216,659.199804681539,37,289.446921692873
"804","MID-CITY",754,"Overall, concentrated, and child (0 to 18 years of age) poverty rate","2000",9,"Total","CT","06073003800","0038.00","San Diego","06073",NA,NA,"Overall",7139,0,0,NA,NA,NA,NA,NA,0,"no",41661.5034576,38,"Mood Disorders","Hospitalization",2010,6,3,"CENTRAL",5,"Very Urban Area",1,"Lowest Income",4,"Supervisorial District 4",610,374.136725506311,379.653012473971,264,325.095127267354,346,422.801979593084,353,759.956942949408,92,476.239776374366,127,185.49623895421,20,84.9076629165782,12,228.397411496003,42,124.230951254141,103,309.495192307692,212,420.601539560352,216,659.199804681539,37,289.446921692873
"805","MID-CITY",754,"Overall, concentrated, and child (0 to 18 years of age) poverty rate","2000",9,"Total","CT","06073003901","0039.01","San Diego","06073",NA,NA,"Overall",4098,1516.26,37,NA,NA,NA,NA,NA,2.6056338,"no",41661.5034576,39.01,"Mood Disorders","Hospitalization",2010,6,3,"CENTRAL",5,"Very Urban Area",1,"Lowest Income",4,"Supervisorial District 4",610,374.136725506311,379.653012473971,264,325.095127267354,346,422.801979593084,353,759.956942949408,92,476.239776374366,127,185.49623895421,20,84.9076629165782,12,228.397411496003,42,124.230951254141,103,309.495192307692,212,420.601539560352,216,659.199804681539,37,289.446921692873
"806","MID-CITY",754,"Overall, concentrated, and child (0 to 18 years of age) poverty rate","2000",9,"Total","CT","06073003213","0032.13","San Diego","06073",NA,NA,"Overall",4513,99.286,2.2,NA,NA,NA,NA,NA,0.1549296,"no",41661.5034576,32.13,"Mood Disorders","Hospitalization",2010,6,3,"CENTRAL",5,"Very Urban Area",1,"Lowest Income",4,"Supervisorial District 4",610,374.136725506311,379.653012473971,264,325.095127267354,346,422.801979593084,353,759.956942949408,92,476.239776374366,127,185.49623895421,20,84.9076629165782,12,228.397411496003,42,124.230951254141,103,309.495192307692,212,420.601539560352,216,659.199804681539,37,289.446921692873
"807","MID-CITY",754,"Overall, concentrated, and child (0 to 18 years of age) poverty rate","2000",9,"Total","CT","06073002707","0027.07","San Diego","06073",NA,NA,"Child",2716,1626.884,59.9,NA,NA,NA,NA,NA,3.1526316,"yes",41661.5034576,27.07,"Mood Disorders","Hospitalization",2010,6,3,"CENTRAL",5,"Very Urban Area",1,"Lowest Income",4,"Supervisorial District 4",610,374.136725506311,379.653012473971,264,325.095127267354,346,422.801979593084,353,759.956942949408,92,476.239776374366,127,185.49623895421,20,84.9076629165782,12,228.397411496003,42,124.230951254141,103,309.495192307692,212,420.601539560352,216,659.199804681539,37,289.446921692873
"808","MID-CITY",754,"Overall, concentrated, and child (0 to 18 years of age) poverty rate","2000",9,"Total","CT","06073003209","0032.09","San Diego","06073",NA,NA,"Child",1659,112.812,6.8,NA,NA,NA,NA,NA,0.3578947,"no",41661.5034576,32.09,"Mood Disorders","Hospitalization",2010,6,3,"CENTRAL",5,"Very Urban Area",1,"Lowest Income",4,"Supervisorial District 4",610,374.136725506311,379.653012473971,264,325.095127267354,346,422.801979593084,353,759.956942949408,92,476.239776374366,127,185.49623895421,20,84.9076629165782,12,228.397411496003,42,124.230951254141,103,309.495192307692,212,420.601539560352,216,659.199804681539,37,289.446921692873
"809","MID-CITY",754,"Overall, concentrated, and child (0 to 18 years of age) poverty rate","2000",9,"Total","CT","06073002903","0029.03","San Diego","06073",NA,NA,"Overall",3711,367.389,9.9,NA,NA,NA,NA,NA,0.6971831,"no",41661.5034576,29.03,"Mood Disorders","Hospitalization",2010,6,3,"CENTRAL",5,"Very Urban Area",1,"Lowest Income",4,"Supervisorial District 4",610,374.136725506311,379.653012473971,264,325.095127267354,346,422.801979593084,353,759.956942949408,92,476.239776374366,127,185.49623895421,20,84.9076629165782,12,228.397411496003,42,124.230951254141,103,309.495192307692,212,420.601539560352,216,659.199804681539,37,289.446921692873
"810","MID-CITY",754,"Overall, concentrated, and child (0 to 18 years of age) poverty rate","2000",9,"Total","CT","06073003901","0039.01","San Diego","06073",NA,NA,"Child",1701,787.563,46.3,NA,NA,NA,NA,NA,2.4368421,"no",41661.5034576,39.01,"Mood Disorders","Hospitalization",2010,6,3,"CENTRAL",5,"Very Urban Area",1,"Lowest Income",4,"Supervisorial District 4",610,374.136725506311,379.653012473971,264,325.095127267354,346,422.801979593084,353,759.956942949408,92,476.239776374366,127,185.49623895421,20,84.9076629165782,12,228.397411496003,42,124.230951254141,103,309.495192307692,212,420.601539560352,216,659.199804681539,37,289.446921692873
"811","MID-CITY",754,"Overall, concentrated, and child (0 to 18 years of age) poverty rate","2000",9,"Total","CT","06073003114","0031.14","San Diego","06073",NA,NA,"Child",1121,0,0,NA,NA,NA,NA,NA,0,"no",41661.5034576,31.14,"Mood Disorders","Hospitalization",2010,6,3,"CENTRAL",5,"Very Urban Area",1,"Lowest Income",4,"Supervisorial District 4",610,374.136725506311,379.653012473971,264,325.095127267354,346,422.801979593084,353,759.956942949408,92,476.239776374366,127,185.49623895421,20,84.9076629165782,12,228.397411496003,42,124.230951254141,103,309.495192307692,212,420.601539560352,216,659.199804681539,37,289.446921692873
"812","MID-CITY",754,"Overall, concentrated, and child (0 to 18 years of age) poverty rate","2000",9,"Total","CT","06073003113","0031.13","San Diego","06073",NA,NA,"Overall",5302,630.938,11.9,NA,NA,NA,NA,NA,0.8380282,"no",41661.5034576,31.13,"Mood Disorders","Hospitalization",2010,6,3,"CENTRAL",5,"Very Urban Area",1,"Lowest Income",4,"Supervisorial District 4",610,374.136725506311,379.653012473971,264,325.095127267354,346,422.801979593084,353,759.956942949408,92,476.239776374366,127,185.49623895421,20,84.9076629165782,12,228.397411496003,42,124.230951254141,103,309.495192307692,212,420.601539560352,216,659.199804681539,37,289.446921692873
"813","MID-CITY",754,"Overall, concentrated, and child (0 to 18 years of age) poverty rate","2000",9,"Total","CT","06073003303","0033.03","San Diego","06073",NA,NA,"Overall",3623,1739.04,48,NA,NA,NA,NA,NA,3.3802817,"yes",41661.5034576,33.03,"Mood Disorders","Hospitalization",2010,6,3,"CENTRAL",5,"Very Urban Area",1,"Lowest Income",4,"Supervisorial District 4",610,374.136725506311,379.653012473971,264,325.095127267354,346,422.801979593084,353,759.956942949408,92,476.239776374366,127,185.49623895421,20,84.9076629165782,12,228.397411496003,42,124.230951254141,103,309.495192307692,212,420.601539560352,216,659.199804681539,37,289.446921692873
"814","MID-CITY",754,"Overall, concentrated, and child (0 to 18 years of age) poverty rate","2000",9,"Total","CT","06073002709","0027.09","San Diego","06073",NA,NA,"Child",1744,973.152,55.8,NA,NA,NA,NA,NA,2.9368421,"yes",41661.5034576,27.09,"Mood Disorders","Hospitalization",2010,6,3,"CENTRAL",5,"Very Urban Area",1,"Lowest Income",4,"Supervisorial District 4",610,374.136725506311,379.653012473971,264,325.095127267354,346,422.801979593084,353,759.956942949408,92,476.239776374366,127,185.49623895421,20,84.9076629165782,12,228.397411496003,42,124.230951254141,103,309.495192307692,212,420.601539560352,216,659.199804681539,37,289.446921692873
"815","MID-CITY",754,"Overall, concentrated, and child (0 to 18 years of age) poverty rate","2000",9,"Total","CT","06073003101","0031.01","San Diego","06073",NA,NA,"Overall",3718,427.57,11.5,NA,NA,NA,NA,NA,0.8098592,"no",41661.5034576,31.01,"Mood Disorders","Hospitalization",2010,6,3,"CENTRAL",5,"Very Urban Area",1,"Lowest Income",4,"Supervisorial District 4",610,374.136725506311,379.653012473971,264,325.095127267354,346,422.801979593084,353,759.956942949408,92,476.239776374366,127,185.49623895421,20,84.9076629165782,12,228.397411496003,42,124.230951254141,103,309.495192307692,212,420.601539560352,216,659.199804681539,37,289.446921692873
"816","MID-CITY",754,"Overall, concentrated, and child (0 to 18 years of age) poverty rate","2000",9,"Total","CT","06073002709","0027.09","San Diego","06073",NA,NA,"Overall",4212,1908.036,45.3,NA,NA,NA,NA,NA,3.1901408,"yes",41661.5034576,27.09,"Mood Disorders","Hospitalization",2010,6,3,"CENTRAL",5,"Very Urban Area",1,"Lowest Income",4,"Supervisorial District 4",610,374.136725506311,379.653012473971,264,325.095127267354,346,422.801979593084,353,759.956942949408,92,476.239776374366,127,185.49623895421,20,84.9076629165782,12,228.397411496003,42,124.230951254141,103,309.495192307692,212,420.601539560352,216,659.199804681539,37,289.446921692873
"817","MID-CITY",754,"Overall, concentrated, and child (0 to 18 years of age) poverty rate","2000",9,"Total","CT","06073003108","0031.08","San Diego","06073",NA,NA,"Overall",3697,266.184,7.2,NA,NA,NA,NA,NA,0.5070423,"no",41661.5034576,31.08,"Mood Disorders","Hospitalization",2010,6,3,"CENTRAL",5,"Very Urban Area",1,"Lowest Income",4,"Supervisorial District 4",610,374.136725506311,379.653012473971,264,325.095127267354,346,422.801979593084,353,759.956942949408,92,476.239776374366,127,185.49623895421,20,84.9076629165782,12,228.397411496003,42,124.230951254141,103,309.495192307692,212,420.601539560352,216,659.199804681539,37,289.446921692873
"818","MID-CITY",754,"Overall, concentrated, and child (0 to 18 years of age) poverty rate","2000",9,"Total","CT","06073003108","0031.08","San Diego","06073",NA,NA,"Child",1136,85.2,7.5,NA,NA,NA,NA,NA,0.3947368,"no",41661.5034576,31.08,"Mood Disorders","Hospitalization",2010,6,3,"CENTRAL",5,"Very Urban Area",1,"Lowest Income",4,"Supervisorial District 4",610,374.136725506311,379.653012473971,264,325.095127267354,346,422.801979593084,353,759.956942949408,92,476.239776374366,127,185.49623895421,20,84.9076629165782,12,228.397411496003,42,124.230951254141,103,309.495192307692,212,420.601539560352,216,659.199804681539,37,289.446921692873
"819","MID-CITY",754,"Overall, concentrated, and child (0 to 18 years of age) poverty rate","2000",9,"Total","CT","06073003107","0031.07","San Diego","06073",NA,NA,"Overall",5852,409.64,7,NA,NA,NA,NA,NA,0.4929577,"no",41661.5034576,31.07,"Mood Disorders","Hospitalization",2010,6,3,"CENTRAL",5,"Very Urban Area",1,"Lowest Income",4,"Supervisorial District 4",610,374.136725506311,379.653012473971,264,325.095127267354,346,422.801979593084,353,759.956942949408,92,476.239776374366,127,185.49623895421,20,84.9076629165782,12,228.397411496003,42,124.230951254141,103,309.495192307692,212,420.601539560352,216,659.199804681539,37,289.446921692873
"820","MID-CITY",754,"Overall, concentrated, and child (0 to 18 years of age) poverty rate","2000",9,"Total","CT","06073003201","0032.01","San Diego","06073",NA,NA,"Child",1798,251.72,14,NA,NA,NA,NA,NA,0.7368421,"no",41661.5034576,32.01,"Mood Disorders","Hospitalization",2010,6,3,"CENTRAL",5,"Very Urban Area",1,"Lowest Income",4,"Supervisorial District 4",610,374.136725506311,379.653012473971,264,325.095127267354,346,422.801979593084,353,759.956942949408,92,476.239776374366,127,185.49623895421,20,84.9076629165782,12,228.397411496003,42,124.230951254141,103,309.495192307692,212,420.601539560352,216,659.199804681539,37,289.446921692873
"821","MID-CITY",754,"Overall, concentrated, and child (0 to 18 years of age) poverty rate","2000",9,"Total","CT","06073002902","0029.02","San Diego","06073",NA,NA,"Child",895,93.08,10.4,NA,NA,NA,NA,NA,0.5473684,"no",41661.5034576,29.02,"Mood Disorders","Hospitalization",2010,6,3,"CENTRAL",5,"Very Urban Area",1,"Lowest Income",4,"Supervisorial District 4",610,374.136725506311,379.653012473971,264,325.095127267354,346,422.801979593084,353,759.956942949408,92,476.239776374366,127,185.49623895421,20,84.9076629165782,12,228.397411496003,42,124.230951254141,103,309.495192307692,212,420.601539560352,216,659.199804681539,37,289.446921692873
"822","MID-CITY",754,"Overall, concentrated, and child (0 to 18 years of age) poverty rate","2000",9,"Total","CT","06073003208","0032.08","San Diego","06073",NA,NA,"Overall",7218,526.914,7.3,NA,NA,NA,NA,NA,0.5140845,"no",41661.5034576,32.08,"Mood Disorders","Hospitalization",2010,6,3,"CENTRAL",5,"Very Urban Area",1,"Lowest Income",4,"Supervisorial District 4",610,374.136725506311,379.653012473971,264,325.095127267354,346,422.801979593084,353,759.956942949408,92,476.239776374366,127,185.49623895421,20,84.9076629165782,12,228.397411496003,42,124.230951254141,103,309.495192307692,212,420.601539560352,216,659.199804681539,37,289.446921692873
"823","MID-CITY",754,"Overall, concentrated, and child (0 to 18 years of age) poverty rate","2000",9,"Total","CT","06073002903","0029.03","San Diego","06073",NA,NA,"Child",936,114.192,12.2,NA,NA,NA,NA,NA,0.6421053,"no",41661.5034576,29.03,"Mood Disorders","Hospitalization",2010,6,3,"CENTRAL",5,"Very Urban Area",1,"Lowest Income",4,"Supervisorial District 4",610,374.136725506311,379.653012473971,264,325.095127267354,346,422.801979593084,353,759.956942949408,92,476.239776374366,127,185.49623895421,20,84.9076629165782,12,228.397411496003,42,124.230951254141,103,309.495192307692,212,420.601539560352,216,659.199804681539,37,289.446921692873
"824","MID-CITY",754,"Overall, concentrated, and child (0 to 18 years of age) poverty rate","2000",9,"Total","CT","06073003208","0032.08","San Diego","06073",NA,NA,"Child",2237,208.041,9.3,NA,NA,NA,NA,NA,0.4894737,"no",41661.5034576,32.08,"Mood Disorders","Hospitalization",2010,6,3,"CENTRAL",5,"Very Urban Area",1,"Lowest Income",4,"Supervisorial District 4",610,374.136725506311,379.653012473971,264,325.095127267354,346,422.801979593084,353,759.956942949408,92,476.239776374366,127,185.49623895421,20,84.9076629165782,12,228.397411496003,42,124.230951254141,103,309.495192307692,212,420.601539560352,216,659.199804681539,37,289.446921692873
"825","MID-CITY",754,"Overall, concentrated, and child (0 to 18 years of age) poverty rate","2000",9,"Total","CT","06073004100","0041.00","San Diego","06073",NA,NA,"Overall",5586,1759.59,31.5,NA,NA,NA,NA,NA,2.2183099,"no",41661.5034576,41,"Mood Disorders","Hospitalization",2010,6,3,"CENTRAL",5,"Very Urban Area",1,"Lowest Income",4,"Supervisorial District 4",610,374.136725506311,379.653012473971,264,325.095127267354,346,422.801979593084,353,759.956942949408,92,476.239776374366,127,185.49623895421,20,84.9076629165782,12,228.397411496003,42,124.230951254141,103,309.495192307692,212,420.601539560352,216,659.199804681539,37,289.446921692873
"826","MID-CITY",754,"Overall, concentrated, and child (0 to 18 years of age) poverty rate","2000",9,"Total","CT","06073003602","0036.02","San Diego","06073",NA,NA,"Overall",3016,1046.552,34.7,NA,NA,NA,NA,NA,2.443662,"no",41661.5034576,36.02,"Mood Disorders","Hospitalization",2010,6,3,"CENTRAL",5,"Very Urban Area",1,"Lowest Income",4,"Supervisorial District 4",610,374.136725506311,379.653012473971,264,325.095127267354,346,422.801979593084,353,759.956942949408,92,476.239776374366,127,185.49623895421,20,84.9076629165782,12,228.397411496003,42,124.230951254141,103,309.495192307692,212,420.601539560352,216,659.199804681539,37,289.446921692873
"827","MID-CITY",754,"Overall, concentrated, and child (0 to 18 years of age) poverty rate","2000",9,"Total","CT","06073003103","0031.03","San Diego","06073",NA,NA,"Overall",6159,954.645,15.5,NA,NA,NA,NA,NA,1.0915493,"no",41661.5034576,31.03,"Mood Disorders","Hospitalization",2010,6,3,"CENTRAL",5,"Very Urban Area",1,"Lowest Income",4,"Supervisorial District 4",610,374.136725506311,379.653012473971,264,325.095127267354,346,422.801979593084,353,759.956942949408,92,476.239776374366,127,185.49623895421,20,84.9076629165782,12,228.397411496003,42,124.230951254141,103,309.495192307692,212,420.601539560352,216,659.199804681539,37,289.446921692873
"828","MID-CITY",754,"Overall, concentrated, and child (0 to 18 years of age) poverty rate","2000",9,"Total","CT","06073003113","0031.13","San Diego","06073",NA,NA,"Child",1553,214.314,13.8,NA,NA,NA,NA,NA,0.7263158,"no",41661.5034576,31.13,"Mood Disorders","Hospitalization",2010,6,3,"CENTRAL",5,"Very Urban Area",1,"Lowest Income",4,"Supervisorial District 4",610,374.136725506311,379.653012473971,264,325.095127267354,346,422.801979593084,353,759.956942949408,92,476.239776374366,127,185.49623895421,20,84.9076629165782,12,228.397411496003,42,124.230951254141,103,309.495192307692,212,420.601539560352,216,659.199804681539,37,289.446921692873
"829","MID-CITY",754,"Overall, concentrated, and child (0 to 18 years of age) poverty rate","2000",9,"Total","CT","06073003303","0033.03","San Diego","06073",NA,NA,"Child",1523,860.495,56.5,NA,NA,NA,NA,NA,2.9736842,"yes",41661.5034576,33.03,"Mood Disorders","Hospitalization",2010,6,3,"CENTRAL",5,"Very Urban Area",1,"Lowest Income",4,"Supervisorial District 4",610,374.136725506311,379.653012473971,264,325.095127267354,346,422.801979593084,353,759.956942949408,92,476.239776374366,127,185.49623895421,20,84.9076629165782,12,228.397411496003,42,124.230951254141,103,309.495192307692,212,420.601539560352,216,659.199804681539,37,289.446921692873
"830","MID-CITY",754,"Overall, concentrated, and child (0 to 18 years of age) poverty rate","2000",9,"Total","CT","06073002710","0027.10","San Diego","06073",NA,NA,"Overall",4174,1677.948,40.2,NA,NA,NA,NA,NA,2.8309859,"yes",41661.5034576,27.1,"Mood Disorders","Hospitalization",2010,6,3,"CENTRAL",5,"Very Urban Area",1,"Lowest Income",4,"Supervisorial District 4",610,374.136725506311,379.653012473971,264,325.095127267354,346,422.801979593084,353,759.956942949408,92,476.239776374366,127,185.49623895421,20,84.9076629165782,12,228.397411496003,42,124.230951254141,103,309.495192307692,212,420.601539560352,216,659.199804681539,37,289.446921692873
"831","MID-CITY",754,"Overall, concentrated, and child (0 to 18 years of age) poverty rate","2000",9,"Total","CT","06073002710","0027.10","San Diego","06073",NA,NA,"Child",1640,888.88,54.2,NA,NA,NA,NA,NA,2.8526316,"yes",41661.5034576,27.1,"Mood Disorders","Hospitalization",2010,6,3,"CENTRAL",5,"Very Urban Area",1,"Lowest Income",4,"Supervisorial District 4",610,374.136725506311,379.653012473971,264,325.095127267354,346,422.801979593084,353,759.956942949408,92,476.239776374366,127,185.49623895421,20,84.9076629165782,12,228.397411496003,42,124.230951254141,103,309.495192307692,212,420.601539560352,216,659.199804681539,37,289.446921692873
"832","MID-CITY",754,"Overall, concentrated, and child (0 to 18 years of age) poverty rate","2000",9,"Total","CT","06073003001","0030.01","San Diego","06073",NA,NA,"Child",1206,311.148,25.8,NA,NA,NA,NA,NA,1.3578947,"no",41661.5034576,30.01,"Mood Disorders","Hospitalization",2010,6,3,"CENTRAL",5,"Very Urban Area",1,"Lowest Income",4,"Supervisorial District 4",610,374.136725506311,379.653012473971,264,325.095127267354,346,422.801979593084,353,759.956942949408,92,476.239776374366,127,185.49623895421,20,84.9076629165782,12,228.397411496003,42,124.230951254141,103,309.495192307692,212,420.601539560352,216,659.199804681539,37,289.446921692873
"833","MID-CITY",754,"Overall, concentrated, and child (0 to 18 years of age) poverty rate","2000",9,"Total","CT","06073003201","0032.01","San Diego","06073",NA,NA,"Overall",5457,649.383,11.9,NA,NA,NA,NA,NA,0.8380282,"no",41661.5034576,32.01,"Mood Disorders","Hospitalization",2010,6,3,"CENTRAL",5,"Very Urban Area",1,"Lowest Income",4,"Supervisorial District 4",610,374.136725506311,379.653012473971,264,325.095127267354,346,422.801979593084,353,759.956942949408,92,476.239776374366,127,185.49623895421,20,84.9076629165782,12,228.397411496003,42,124.230951254141,103,309.495192307692,212,420.601539560352,216,659.199804681539,37,289.446921692873
"834","MID-CITY",754,"Overall, concentrated, and child (0 to 18 years of age) poverty rate","2000",9,"Total","CT","06073003204","0032.04","San Diego","06073",NA,NA,"Child",822,0,0,NA,NA,NA,NA,NA,0,"no",41661.5034576,32.04,"Mood Disorders","Hospitalization",2010,6,3,"CENTRAL",5,"Very Urban Area",1,"Lowest Income",4,"Supervisorial District 4",610,374.136725506311,379.653012473971,264,325.095127267354,346,422.801979593084,353,759.956942949408,92,476.239776374366,127,185.49623895421,20,84.9076629165782,12,228.397411496003,42,124.230951254141,103,309.495192307692,212,420.601539560352,216,659.199804681539,37,289.446921692873
"835","MID-CITY",754,"Overall, concentrated, and child (0 to 18 years of age) poverty rate","2000",9,"Total","CT","06073003207","0032.07","San Diego","06073",NA,NA,"Child",1354,73.116,5.4,NA,NA,NA,NA,NA,0.2842105,"no",41661.5034576,32.07,"Mood Disorders","Hospitalization",2010,6,3,"CENTRAL",5,"Very Urban Area",1,"Lowest Income",4,"Supervisorial District 4",610,374.136725506311,379.653012473971,264,325.095127267354,346,422.801979593084,353,759.956942949408,92,476.239776374366,127,185.49623895421,20,84.9076629165782,12,228.397411496003,42,124.230951254141,103,309.495192307692,212,420.601539560352,216,659.199804681539,37,289.446921692873
"836","MID-CITY",754,"Overall, concentrated, and child (0 to 18 years of age) poverty rate","2000",9,"Total","CT","06073004200","0042.00","San Diego","06073",NA,NA,"Child",1086,148.782,13.7,NA,NA,NA,NA,NA,0.7210526,"no",41661.5034576,42,"Mood Disorders","Hospitalization",2010,6,3,"CENTRAL",5,"Very Urban Area",1,"Lowest Income",4,"Supervisorial District 4",610,374.136725506311,379.653012473971,264,325.095127267354,346,422.801979593084,353,759.956942949408,92,476.239776374366,127,185.49623895421,20,84.9076629165782,12,228.397411496003,42,124.230951254141,103,309.495192307692,212,420.601539560352,216,659.199804681539,37,289.446921692873
"837","MID-CITY",754,"Overall, concentrated, and child (0 to 18 years of age) poverty rate","2000",9,"Total","CT","06073003401","0034.01","San Diego","06073",NA,NA,"Overall",5890,759.81,12.9,NA,NA,NA,NA,NA,0.9084507,"no",41661.5034576,34.01,"Mood Disorders","Hospitalization",2010,6,3,"CENTRAL",5,"Very Urban Area",1,"Lowest Income",4,"Supervisorial District 4",610,374.136725506311,379.653012473971,264,325.095127267354,346,422.801979593084,353,759.956942949408,92,476.239776374366,127,185.49623895421,20,84.9076629165782,12,228.397411496003,42,124.230951254141,103,309.495192307692,212,420.601539560352,216,659.199804681539,37,289.446921692873
"838","MID-CITY",754,"Overall, concentrated, and child (0 to 18 years of age) poverty rate","2000",9,"Total","CT","06073003105","0031.05","San Diego","06073",NA,NA,"Child",1469,118.989,8.1,NA,NA,NA,NA,NA,0.4263158,"no",41661.5034576,31.05,"Mood Disorders","Hospitalization",2010,6,3,"CENTRAL",5,"Very Urban Area",1,"Lowest Income",4,"Supervisorial District 4",610,374.136725506311,379.653012473971,264,325.095127267354,346,422.801979593084,353,759.956942949408,92,476.239776374366,127,185.49623895421,20,84.9076629165782,12,228.397411496003,42,124.230951254141,103,309.495192307692,212,420.601539560352,216,659.199804681539,37,289.446921692873
"839","MID-CITY",754,"Overall, concentrated, and child (0 to 18 years of age) poverty rate","2000",9,"Total","CT","06073003601","0036.01","San Diego","06073",NA,NA,"Overall",2803,1098.776,39.2,NA,NA,NA,NA,NA,2.7605634,"no",41661.5034576,36.01,"Mood Disorders","Hospitalization",2010,6,3,"CENTRAL",5,"Very Urban Area",1,"Lowest Income",4,"Supervisorial District 4",610,374.136725506311,379.653012473971,264,325.095127267354,346,422.801979593084,353,759.956942949408,92,476.239776374366,127,185.49623895421,20,84.9076629165782,12,228.397411496003,42,124.230951254141,103,309.495192307692,212,420.601539560352,216,659.199804681539,37,289.446921692873
"840","MID-CITY",754,"Overall, concentrated, and child (0 to 18 years of age) poverty rate","2000",9,"Total","CT","06073003602","0036.02","San Diego","06073",NA,NA,"Child",1219,519.294,42.6,NA,NA,NA,NA,NA,2.2421053,"no",41661.5034576,36.02,"Mood Disorders","Hospitalization",2010,6,3,"CENTRAL",5,"Very Urban Area",1,"Lowest Income",4,"Supervisorial District 4",610,374.136725506311,379.653012473971,264,325.095127267354,346,422.801979593084,353,759.956942949408,92,476.239776374366,127,185.49623895421,20,84.9076629165782,12,228.397411496003,42,124.230951254141,103,309.495192307692,212,420.601539560352,216,659.199804681539,37,289.446921692873
"841","MID-CITY",754,"Overall, concentrated, and child (0 to 18 years of age) poverty rate","2000",9,"Total","CT","06073003301","0033.01","San Diego","06073",NA,NA,"Overall",3362,813.604,24.2,NA,NA,NA,NA,NA,1.7042254,"no",41661.5034576,33.01,"Mood Disorders","Hospitalization",2010,6,3,"CENTRAL",5,"Very Urban Area",1,"Lowest Income",4,"Supervisorial District 4",610,374.136725506311,379.653012473971,264,325.095127267354,346,422.801979593084,353,759.956942949408,92,476.239776374366,127,185.49623895421,20,84.9076629165782,12,228.397411496003,42,124.230951254141,103,309.495192307692,212,420.601539560352,216,659.199804681539,37,289.446921692873
"842","MID-CITY",754,"Overall, concentrated, and child (0 to 18 years of age) poverty rate","2000",9,"Total","CT","06073003601","0036.01","San Diego","06073",NA,NA,"Child",1129,514.824,45.6,NA,NA,NA,NA,NA,2.4,"no",41661.5034576,36.01,"Mood Disorders","Hospitalization",2010,6,3,"CENTRAL",5,"Very Urban Area",1,"Lowest Income",4,"Supervisorial District 4",610,374.136725506311,379.653012473971,264,325.095127267354,346,422.801979593084,353,759.956942949408,92,476.239776374366,127,185.49623895421,20,84.9076629165782,12,228.397411496003,42,124.230951254141,103,309.495192307692,212,420.601539560352,216,659.199804681539,37,289.446921692873
"843","MID-CITY",754,"Overall, concentrated, and child (0 to 18 years of age) poverty rate","2000",9,"Total","CT","06073003004","0030.04","San Diego","06073",NA,NA,"Overall",4813,1087.738,22.6,NA,NA,NA,NA,NA,1.5915493,"no",41661.5034576,30.04,"Mood Disorders","Hospitalization",2010,6,3,"CENTRAL",5,"Very Urban Area",1,"Lowest Income",4,"Supervisorial District 4",610,374.136725506311,379.653012473971,264,325.095127267354,346,422.801979593084,353,759.956942949408,92,476.239776374366,127,185.49623895421,20,84.9076629165782,12,228.397411496003,42,124.230951254141,103,309.495192307692,212,420.601539560352,216,659.199804681539,37,289.446921692873
"844","MID-CITY",754,"Overall, concentrated, and child (0 to 18 years of age) poverty rate","2000",9,"Total","CT","06073005000","0050.00","San Diego","06073",NA,NA,"Overall",2430,901.53,37.1,NA,NA,NA,NA,NA,2.6126761,"no",41661.5034576,50,"Mood Disorders","Hospitalization",2010,6,3,"CENTRAL",5,"Very Urban Area",1,"Lowest Income",4,"Supervisorial District 4",610,374.136725506311,379.653012473971,264,325.095127267354,346,422.801979593084,353,759.956942949408,92,476.239776374366,127,185.49623895421,20,84.9076629165782,12,228.397411496003,42,124.230951254141,103,309.495192307692,212,420.601539560352,216,659.199804681539,37,289.446921692873
"845","MID-CITY",754,"Overall, concentrated, and child (0 to 18 years of age) poverty rate","2000",9,"Total","CT","06073003209","0032.09","San Diego","06073",NA,NA,"Overall",5376,322.56,6,NA,NA,NA,NA,NA,0.4225352,"no",41661.5034576,32.09,"Mood Disorders","Hospitalization",2010,6,3,"CENTRAL",5,"Very Urban Area",1,"Lowest Income",4,"Supervisorial District 4",610,374.136725506311,379.653012473971,264,325.095127267354,346,422.801979593084,353,759.956942949408,92,476.239776374366,127,185.49623895421,20,84.9076629165782,12,228.397411496003,42,124.230951254141,103,309.495192307692,212,420.601539560352,216,659.199804681539,37,289.446921692873
"846","MID-CITY",754,"Overall, concentrated, and child (0 to 18 years of age) poverty rate","2000",9,"Total","CT","06073002803","0028.03","San Diego","06073",NA,NA,"Child",971,218.475,22.5,NA,NA,NA,NA,NA,1.1842105,"no",41661.5034576,28.03,"Mood Disorders","Hospitalization",2010,6,3,"CENTRAL",5,"Very Urban Area",1,"Lowest Income",4,"Supervisorial District 4",610,374.136725506311,379.653012473971,264,325.095127267354,346,422.801979593084,353,759.956942949408,92,476.239776374366,127,185.49623895421,20,84.9076629165782,12,228.397411496003,42,124.230951254141,103,309.495192307692,212,420.601539560352,216,659.199804681539,37,289.446921692873
"847","MID-CITY",754,"Overall, concentrated, and child (0 to 18 years of age) poverty rate","2000",9,"Total","CT","06073005100","0051.00","San Diego","06073",NA,NA,"Child",608,290.624,47.8,NA,NA,NA,NA,NA,2.5157895,"no",41661.5034576,51,"Mood Disorders","Hospitalization",2010,6,3,"CENTRAL",5,"Very Urban Area",1,"Lowest Income",4,"Supervisorial District 4",610,374.136725506311,379.653012473971,264,325.095127267354,346,422.801979593084,353,759.956942949408,92,476.239776374366,127,185.49623895421,20,84.9076629165782,12,228.397411496003,42,124.230951254141,103,309.495192307692,212,420.601539560352,216,659.199804681539,37,289.446921692873
"848","MID-CITY",754,"Overall, concentrated, and child (0 to 18 years of age) poverty rate","2000",9,"Total","CT","06073002803","0028.03","San Diego","06073",NA,NA,"Overall",5448,1089.6,20,NA,NA,NA,NA,NA,1.4084507,"no",41661.5034576,28.03,"Mood Disorders","Hospitalization",2010,6,3,"CENTRAL",5,"Very Urban Area",1,"Lowest Income",4,"Supervisorial District 4",610,374.136725506311,379.653012473971,264,325.095127267354,346,422.801979593084,353,759.956942949408,92,476.239776374366,127,185.49623895421,20,84.9076629165782,12,228.397411496003,42,124.230951254141,103,309.495192307692,212,420.601539560352,216,659.199804681539,37,289.446921692873
"849","MID-CITY",754,"Overall, concentrated, and child (0 to 18 years of age) poverty rate","2000",9,"Total","CT","06073002902","0029.02","San Diego","06073",NA,NA,"Overall",5219,688.908,13.2,NA,NA,NA,NA,NA,0.9295775,"no",41661.5034576,29.02,"Mood Disorders","Hospitalization",2010,6,3,"CENTRAL",5,"Very Urban Area",1,"Lowest Income",4,"Supervisorial District 4",610,374.136725506311,379.653012473971,264,325.095127267354,346,422.801979593084,353,759.956942949408,92,476.239776374366,127,185.49623895421,20,84.9076629165782,12,228.397411496003,42,124.230951254141,103,309.495192307692,212,420.601539560352,216,659.199804681539,37,289.446921692873
"850","MID-CITY",754,"Overall, concentrated, and child (0 to 18 years of age) poverty rate","2000",9,"Total","CT","06073003207","0032.07","San Diego","06073",NA,NA,"Overall",5689,341.34,6,NA,NA,NA,NA,NA,0.4225352,"no",41661.5034576,32.07,"Mood Disorders","Hospitalization",2010,6,3,"CENTRAL",5,"Very Urban Area",1,"Lowest Income",4,"Supervisorial District 4",610,374.136725506311,379.653012473971,264,325.095127267354,346,422.801979593084,353,759.956942949408,92,476.239776374366,127,185.49623895421,20,84.9076629165782,12,228.397411496003,42,124.230951254141,103,309.495192307692,212,420.601539560352,216,659.199804681539,37,289.446921692873
"851","MID-CITY",754,"Overall, concentrated, and child (0 to 18 years of age) poverty rate","2000",9,"Total","CT","06073004100","0041.00","San Diego","06073",NA,NA,"Child",1785,762.195,42.7,NA,NA,NA,NA,NA,2.2473684,"no",41661.5034576,41,"Mood Disorders","Hospitalization",2010,6,3,"CENTRAL",5,"Very Urban Area",1,"Lowest Income",4,"Supervisorial District 4",610,374.136725506311,379.653012473971,264,325.095127267354,346,422.801979593084,353,759.956942949408,92,476.239776374366,127,185.49623895421,20,84.9076629165782,12,228.397411496003,42,124.230951254141,103,309.495192307692,212,420.601539560352,216,659.199804681539,37,289.446921692873
"852","MID-CITY",754,"Overall, concentrated, and child (0 to 18 years of age) poverty rate","2000",9,"Total","CT","06073004700","0047.00","San Diego","06073",NA,NA,"Overall",2521,1217.643,48.3,NA,NA,NA,NA,NA,3.4014085,"yes",41661.5034576,47,"Mood Disorders","Hospitalization",2010,6,3,"CENTRAL",5,"Very Urban Area",1,"Lowest Income",4,"Supervisorial District 4",610,374.136725506311,379.653012473971,264,325.095127267354,346,422.801979593084,353,759.956942949408,92,476.239776374366,127,185.49623895421,20,84.9076629165782,12,228.397411496003,42,124.230951254141,103,309.495192307692,212,420.601539560352,216,659.199804681539,37,289.446921692873
"853","MID-CITY",754,"Overall, concentrated, and child (0 to 18 years of age) poverty rate","2000",9,"Total","CT","06073003112","0031.12","San Diego","06073",NA,NA,"Child",1476,290.772,19.7,NA,NA,NA,NA,NA,1.0368421,"no",41661.5034576,31.12,"Mood Disorders","Hospitalization",2010,6,3,"CENTRAL",5,"Very Urban Area",1,"Lowest Income",4,"Supervisorial District 4",610,374.136725506311,379.653012473971,264,325.095127267354,346,422.801979593084,353,759.956942949408,92,476.239776374366,127,185.49623895421,20,84.9076629165782,12,228.397411496003,42,124.230951254141,103,309.495192307692,212,420.601539560352,216,659.199804681539,37,289.446921692873
"854","MID-CITY",754,"Overall, concentrated, and child (0 to 18 years of age) poverty rate","2000",9,"Total","CT","06073003502","0035.02","San Diego","06073",NA,NA,"Overall",4645,1244.86,26.8,NA,NA,NA,NA,NA,1.8873239,"no",41661.5034576,35.02,"Mood Disorders","Hospitalization",2010,6,3,"CENTRAL",5,"Very Urban Area",1,"Lowest Income",4,"Supervisorial District 4",610,374.136725506311,379.653012473971,264,325.095127267354,346,422.801979593084,353,759.956942949408,92,476.239776374366,127,185.49623895421,20,84.9076629165782,12,228.397411496003,42,124.230951254141,103,309.495192307692,212,420.601539560352,216,659.199804681539,37,289.446921692873
"855","MID-CITY",754,"Overall, concentrated, and child (0 to 18 years of age) poverty rate","2000",9,"Total","CT","06073004501","0045.01","San Diego","06073",NA,NA,"Child",989,401.534,40.6,NA,NA,NA,NA,NA,2.1368421,"no",41661.5034576,45.01,"Mood Disorders","Hospitalization",2010,6,3,"CENTRAL",5,"Very Urban Area",1,"Lowest Income",4,"Supervisorial District 4",610,374.136725506311,379.653012473971,264,325.095127267354,346,422.801979593084,353,759.956942949408,92,476.239776374366,127,185.49623895421,20,84.9076629165782,12,228.397411496003,42,124.230951254141,103,309.495192307692,212,420.601539560352,216,659.199804681539,37,289.446921692873
"856","MID-CITY",754,"Overall, concentrated, and child (0 to 18 years of age) poverty rate","2000",9,"Total","CT","06073003112","0031.12","San Diego","06073",NA,NA,"Overall",4484,735.376,16.4,NA,NA,NA,NA,NA,1.1549296,"no",41661.5034576,31.12,"Mood Disorders","Hospitalization",2010,6,3,"CENTRAL",5,"Very Urban Area",1,"Lowest Income",4,"Supervisorial District 4",610,374.136725506311,379.653012473971,264,325.095127267354,346,422.801979593084,353,759.956942949408,92,476.239776374366,127,185.49623895421,20,84.9076629165782,12,228.397411496003,42,124.230951254141,103,309.495192307692,212,420.601539560352,216,659.199804681539,37,289.446921692873
"857","MID-CITY",754,"Overall, concentrated, and child (0 to 18 years of age) poverty rate","2000",9,"Total","CT","06073003001","0030.01","San Diego","06073",NA,NA,"Overall",3967,642.654,16.2,NA,NA,NA,NA,NA,1.1408451,"no",41661.5034576,30.01,"Mood Disorders","Hospitalization",2010,6,3,"CENTRAL",5,"Very Urban Area",1,"Lowest Income",4,"Supervisorial District 4",610,374.136725506311,379.653012473971,264,325.095127267354,346,422.801979593084,353,759.956942949408,92,476.239776374366,127,185.49623895421,20,84.9076629165782,12,228.397411496003,42,124.230951254141,103,309.495192307692,212,420.601539560352,216,659.199804681539,37,289.446921692873
"858","MID-CITY",754,"Overall, concentrated, and child (0 to 18 years of age) poverty rate","2000",9,"Total","CT","06073003902","0039.02","San Diego","06073",NA,NA,"Child",2002,1023.022,51.1,NA,NA,NA,NA,NA,2.6894737,"yes",41661.5034576,39.02,"Mood Disorders","Hospitalization",2010,6,3,"CENTRAL",5,"Very Urban Area",1,"Lowest Income",4,"Supervisorial District 4",610,374.136725506311,379.653012473971,264,325.095127267354,346,422.801979593084,353,759.956942949408,92,476.239776374366,127,185.49623895421,20,84.9076629165782,12,228.397411496003,42,124.230951254141,103,309.495192307692,212,420.601539560352,216,659.199804681539,37,289.446921692873
"859","MID-CITY",754,"Overall, concentrated, and child (0 to 18 years of age) poverty rate","2000",9,"Total","CT","06073002702","0027.02","San Diego","06073",NA,NA,"Overall",4723,925.708,19.6,NA,NA,NA,NA,NA,1.3802817,"no",41661.5034576,27.02,"Mood Disorders","Hospitalization",2010,6,3,"CENTRAL",5,"Very Urban Area",1,"Lowest Income",4,"Supervisorial District 4",610,374.136725506311,379.653012473971,264,325.095127267354,346,422.801979593084,353,759.956942949408,92,476.239776374366,127,185.49623895421,20,84.9076629165782,12,228.397411496003,42,124.230951254141,103,309.495192307692,212,420.601539560352,216,659.199804681539,37,289.446921692873
"860","MID-CITY",754,"Overall, concentrated, and child (0 to 18 years of age) poverty rate","2000",9,"Total","CT","06073003115","0031.15","San Diego","06073",NA,NA,"Overall",6865,961.1,14,NA,NA,NA,NA,NA,0.9859155,"no",41661.5034576,31.15,"Mood Disorders","Hospitalization",2010,6,3,"CENTRAL",5,"Very Urban Area",1,"Lowest Income",4,"Supervisorial District 4",610,374.136725506311,379.653012473971,264,325.095127267354,346,422.801979593084,353,759.956942949408,92,476.239776374366,127,185.49623895421,20,84.9076629165782,12,228.397411496003,42,124.230951254141,103,309.495192307692,212,420.601539560352,216,659.199804681539,37,289.446921692873
"861","MID-CITY",754,"Overall, concentrated, and child (0 to 18 years of age) poverty rate","2000",9,"Total","CT","06073003003","0030.03","San Diego","06073",NA,NA,"Child",1404,106.704,7.6,NA,NA,NA,NA,NA,0.4,"no",41661.5034576,30.03,"Mood Disorders","Hospitalization",2010,6,3,"CENTRAL",5,"Very Urban Area",1,"Lowest Income",4,"Supervisorial District 4",610,374.136725506311,379.653012473971,264,325.095127267354,346,422.801979593084,353,759.956942949408,92,476.239776374366,127,185.49623895421,20,84.9076629165782,12,228.397411496003,42,124.230951254141,103,309.495192307692,212,420.601539560352,216,659.199804681539,37,289.446921692873
"862","MID-CITY",754,"Overall, concentrated, and child (0 to 18 years of age) poverty rate","2000",9,"Total","CT","06073004700","0047.00","San Diego","06073",NA,NA,"Child",935,555.39,59.4,NA,NA,NA,NA,NA,3.1263158,"yes",41661.5034576,47,"Mood Disorders","Hospitalization",2010,6,3,"CENTRAL",5,"Very Urban Area",1,"Lowest Income",4,"Supervisorial District 4",610,374.136725506311,379.653012473971,264,325.095127267354,346,422.801979593084,353,759.956942949408,92,476.239776374366,127,185.49623895421,20,84.9076629165782,12,228.397411496003,42,124.230951254141,103,309.495192307692,212,420.601539560352,216,659.199804681539,37,289.446921692873
"863","MID-CITY",754,"Overall, concentrated, and child (0 to 18 years of age) poverty rate","2000",9,"Total","CT","06073003902","0039.02","San Diego","06073",NA,NA,"Overall",5078,2122.604,41.8,NA,NA,NA,NA,NA,2.943662,"yes",41661.5034576,39.02,"Mood Disorders","Hospitalization",2010,6,3,"CENTRAL",5,"Very Urban Area",1,"Lowest Income",4,"Supervisorial District 4",610,374.136725506311,379.653012473971,264,325.095127267354,346,422.801979593084,353,759.956942949408,92,476.239776374366,127,185.49623895421,20,84.9076629165782,12,228.397411496003,42,124.230951254141,103,309.495192307692,212,420.601539560352,216,659.199804681539,37,289.446921692873
"864","MID-CITY",754,"Overall, concentrated, and child (0 to 18 years of age) poverty rate","2000",9,"Total","CT","06073002708","0027.08","San Diego","06073",NA,NA,"Overall",7093,3447.198,48.6,NA,NA,NA,NA,NA,3.4225352,"yes",41661.5034576,27.08,"Mood Disorders","Hospitalization",2010,6,3,"CENTRAL",5,"Very Urban Area",1,"Lowest Income",4,"Supervisorial District 4",610,374.136725506311,379.653012473971,264,325.095127267354,346,422.801979593084,353,759.956942949408,92,476.239776374366,127,185.49623895421,20,84.9076629165782,12,228.397411496003,42,124.230951254141,103,309.495192307692,212,420.601539560352,216,659.199804681539,37,289.446921692873
"865","MID-CITY",754,"Overall, concentrated, and child (0 to 18 years of age) poverty rate","2000",9,"Total","CT","06073003111","0031.11","San Diego","06073",NA,NA,"Overall",6186,1787.754,28.9,NA,NA,NA,NA,NA,2.0352113,"no",41661.5034576,31.11,"Mood Disorders","Hospitalization",2010,6,3,"CENTRAL",5,"Very Urban Area",1,"Lowest Income",4,"Supervisorial District 4",610,374.136725506311,379.653012473971,264,325.095127267354,346,422.801979593084,353,759.956942949408,92,476.239776374366,127,185.49623895421,20,84.9076629165782,12,228.397411496003,42,124.230951254141,103,309.495192307692,212,420.601539560352,216,659.199804681539,37,289.446921692873
"866","MID-CITY",754,"Overall, concentrated, and child (0 to 18 years of age) poverty rate","2000",9,"Total","CT","06073003501","0035.01","San Diego","06073",NA,NA,"Child",1652,604.632,36.6,NA,NA,NA,NA,NA,1.9263158,"no",41661.5034576,35.01,"Mood Disorders","Hospitalization",2010,6,3,"CENTRAL",5,"Very Urban Area",1,"Lowest Income",4,"Supervisorial District 4",610,374.136725506311,379.653012473971,264,325.095127267354,346,422.801979593084,353,759.956942949408,92,476.239776374366,127,185.49623895421,20,84.9076629165782,12,228.397411496003,42,124.230951254141,103,309.495192307692,212,420.601539560352,216,659.199804681539,37,289.446921692873
"867","MID-CITY",754,"Overall, concentrated, and child (0 to 18 years of age) poverty rate","2000",9,"Total","CT","06073003212","0032.12","San Diego","06073",NA,NA,"Overall",4079,240.661,5.9,NA,NA,NA,NA,NA,0.415493,"no",41661.5034576,32.12,"Mood Disorders","Hospitalization",2010,6,3,"CENTRAL",5,"Very Urban Area",1,"Lowest Income",4,"Supervisorial District 4",610,374.136725506311,379.653012473971,264,325.095127267354,346,422.801979593084,353,759.956942949408,92,476.239776374366,127,185.49623895421,20,84.9076629165782,12,228.397411496003,42,124.230951254141,103,309.495192307692,212,420.601539560352,216,659.199804681539,37,289.446921692873
"868","MID-CITY",754,"Overall, concentrated, and child (0 to 18 years of age) poverty rate","2000",9,"Total","CT","06073002905","0029.05","San Diego","06073",NA,NA,"Overall",3794,785.358,20.7,NA,NA,NA,NA,NA,1.4577465,"no",41661.5034576,29.05,"Mood Disorders","Hospitalization",2010,6,3,"CENTRAL",5,"Very Urban Area",1,"Lowest Income",4,"Supervisorial District 4",610,374.136725506311,379.653012473971,264,325.095127267354,346,422.801979593084,353,759.956942949408,92,476.239776374366,127,185.49623895421,20,84.9076629165782,12,228.397411496003,42,124.230951254141,103,309.495192307692,212,420.601539560352,216,659.199804681539,37,289.446921692873
"869","MID-CITY",754,"Overall, concentrated, and child (0 to 18 years of age) poverty rate","2000",9,"Total","CT","06073002702","0027.02","San Diego","06073",NA,NA,"Child",897,186.576,20.8,NA,NA,NA,NA,NA,1.0947368,"no",41661.5034576,27.02,"Mood Disorders","Hospitalization",2010,6,3,"CENTRAL",5,"Very Urban Area",1,"Lowest Income",4,"Supervisorial District 4",610,374.136725506311,379.653012473971,264,325.095127267354,346,422.801979593084,353,759.956942949408,92,476.239776374366,127,185.49623895421,20,84.9076629165782,12,228.397411496003,42,124.230951254141,103,309.495192307692,212,420.601539560352,216,659.199804681539,37,289.446921692873
"870","MID-CITY",754,"Overall, concentrated, and child (0 to 18 years of age) poverty rate","2000",9,"Total","CT","06073002905","0029.05","San Diego","06073",NA,NA,"Child",625,107.5,17.2,NA,NA,NA,NA,NA,0.9052632,"no",41661.5034576,29.05,"Mood Disorders","Hospitalization",2010,6,3,"CENTRAL",5,"Very Urban Area",1,"Lowest Income",4,"Supervisorial District 4",610,374.136725506311,379.653012473971,264,325.095127267354,346,422.801979593084,353,759.956942949408,92,476.239776374366,127,185.49623895421,20,84.9076629165782,12,228.397411496003,42,124.230951254141,103,309.495192307692,212,420.601539560352,216,659.199804681539,37,289.446921692873
"871","MID-CITY",754,"Overall, concentrated, and child (0 to 18 years of age) poverty rate","2000",9,"Total","CT","06073004600","0046.00","San Diego","06073",NA,NA,"Child",441,269.892,61.2,NA,NA,NA,NA,NA,3.2210526,"no",41661.5034576,46,"Mood Disorders","Hospitalization",2010,6,3,"CENTRAL",5,"Very Urban Area",1,"Lowest Income",4,"Supervisorial District 4",610,374.136725506311,379.653012473971,264,325.095127267354,346,422.801979593084,353,759.956942949408,92,476.239776374366,127,185.49623895421,20,84.9076629165782,12,228.397411496003,42,124.230951254141,103,309.495192307692,212,420.601539560352,216,659.199804681539,37,289.446921692873
"872","MID-CITY",754,"Overall, concentrated, and child (0 to 18 years of age) poverty rate","2000",9,"Total","CT","06073002708","0027.08","San Diego","06073",NA,NA,"Child",2742,1620.522,59.1,NA,NA,NA,NA,NA,3.1105263,"yes",41661.5034576,27.08,"Mood Disorders","Hospitalization",2010,6,3,"CENTRAL",5,"Very Urban Area",1,"Lowest Income",4,"Supervisorial District 4",610,374.136725506311,379.653012473971,264,325.095127267354,346,422.801979593084,353,759.956942949408,92,476.239776374366,127,185.49623895421,20,84.9076629165782,12,228.397411496003,42,124.230951254141,103,309.495192307692,212,420.601539560352,216,659.199804681539,37,289.446921692873
"873","MID-CITY",754,"Overall, concentrated, and child (0 to 18 years of age) poverty rate","2000",9,"Total","CT","06073004800","0048.00","San Diego","06073",NA,NA,"Child",1911,1005.186,52.6,NA,NA,NA,NA,NA,2.7684211,"yes",41661.5034576,48,"Mood Disorders","Hospitalization",2010,6,3,"CENTRAL",5,"Very Urban Area",1,"Lowest Income",4,"Supervisorial District 4",610,374.136725506311,379.653012473971,264,325.095127267354,346,422.801979593084,353,759.956942949408,92,476.239776374366,127,185.49623895421,20,84.9076629165782,12,228.397411496003,42,124.230951254141,103,309.495192307692,212,420.601539560352,216,659.199804681539,37,289.446921692873
"874","MID-CITY",754,"Overall, concentrated, and child (0 to 18 years of age) poverty rate","2000",9,"Total","CT","06073003213","0032.13","San Diego","06073",NA,NA,"Child",1353,43.296,3.2,NA,NA,NA,NA,NA,0.1684211,"no",41661.5034576,32.13,"Mood Disorders","Hospitalization",2010,6,3,"CENTRAL",5,"Very Urban Area",1,"Lowest Income",4,"Supervisorial District 4",610,374.136725506311,379.653012473971,264,325.095127267354,346,422.801979593084,353,759.956942949408,92,476.239776374366,127,185.49623895421,20,84.9076629165782,12,228.397411496003,42,124.230951254141,103,309.495192307692,212,420.601539560352,216,659.199804681539,37,289.446921692873
"875","MID-CITY",754,"Overall, concentrated, and child (0 to 18 years of age) poverty rate","2000",9,"Total","CT","06073003004","0030.04","San Diego","06073",NA,NA,"Child",1840,572.24,31.1,NA,NA,NA,NA,NA,1.6368421,"no",41661.5034576,30.04,"Mood Disorders","Hospitalization",2010,6,3,"CENTRAL",5,"Very Urban Area",1,"Lowest Income",4,"Supervisorial District 4",610,374.136725506311,379.653012473971,264,325.095127267354,346,422.801979593084,353,759.956942949408,92,476.239776374366,127,185.49623895421,20,84.9076629165782,12,228.397411496003,42,124.230951254141,103,309.495192307692,212,420.601539560352,216,659.199804681539,37,289.446921692873
"876","MID-CITY",754,"Overall, concentrated, and child (0 to 18 years of age) poverty rate","2000",9,"Total","CT","06073004400","0044.00","San Diego","06073",NA,NA,"Overall",4065,715.44,17.6,NA,NA,NA,NA,NA,1.2394366,"no",41661.5034576,44,"Mood Disorders","Hospitalization",2010,6,3,"CENTRAL",5,"Very Urban Area",1,"Lowest Income",4,"Supervisorial District 4",610,374.136725506311,379.653012473971,264,325.095127267354,346,422.801979593084,353,759.956942949408,92,476.239776374366,127,185.49623895421,20,84.9076629165782,12,228.397411496003,42,124.230951254141,103,309.495192307692,212,420.601539560352,216,659.199804681539,37,289.446921692873
"877","MID-CITY",754,"Overall, concentrated, and child (0 to 18 years of age) poverty rate","2000",9,"Total","CT","06073003003","0030.03","San Diego","06073",NA,NA,"Overall",4835,367.46,7.6,NA,NA,NA,NA,NA,0.5352113,"no",41661.5034576,30.03,"Mood Disorders","Hospitalization",2010,6,3,"CENTRAL",5,"Very Urban Area",1,"Lowest Income",4,"Supervisorial District 4",610,374.136725506311,379.653012473971,264,325.095127267354,346,422.801979593084,353,759.956942949408,92,476.239776374366,127,185.49623895421,20,84.9076629165782,12,228.397411496003,42,124.230951254141,103,309.495192307692,212,420.601539560352,216,659.199804681539,37,289.446921692873
"878","MID-CITY",754,"Overall, concentrated, and child (0 to 18 years of age) poverty rate","2000",9,"Total","CT","06073003211","0032.11","San Diego","06073",NA,NA,"Child",897,65.481,7.3,NA,NA,NA,NA,NA,0.3842105,"no",41661.5034576,32.11,"Mood Disorders","Hospitalization",2010,6,3,"CENTRAL",5,"Very Urban Area",1,"Lowest Income",4,"Supervisorial District 4",610,374.136725506311,379.653012473971,264,325.095127267354,346,422.801979593084,353,759.956942949408,92,476.239776374366,127,185.49623895421,20,84.9076629165782,12,228.397411496003,42,124.230951254141,103,309.495192307692,212,420.601539560352,216,659.199804681539,37,289.446921692873
"879","MID-CITY",754,"Overall, concentrated, and child (0 to 18 years of age) poverty rate","2000",9,"Total","CT","06073004600","0046.00","San Diego","06073",NA,NA,"Overall",2281,677.457,29.7,NA,NA,NA,NA,NA,2.0915493,"no",41661.5034576,46,"Mood Disorders","Hospitalization",2010,6,3,"CENTRAL",5,"Very Urban Area",1,"Lowest Income",4,"Supervisorial District 4",610,374.136725506311,379.653012473971,264,325.095127267354,346,422.801979593084,353,759.956942949408,92,476.239776374366,127,185.49623895421,20,84.9076629165782,12,228.397411496003,42,124.230951254141,103,309.495192307692,212,420.601539560352,216,659.199804681539,37,289.446921692873
"880","MID-CITY",754,"Overall, concentrated, and child (0 to 18 years of age) poverty rate","2000",9,"Total","CT","06073003211","0032.11","San Diego","06073",NA,NA,"Overall",3108,189.588,6.1,NA,NA,NA,NA,NA,0.4295775,"no",41661.5034576,32.11,"Mood Disorders","Hospitalization",2010,6,3,"CENTRAL",5,"Very Urban Area",1,"Lowest Income",4,"Supervisorial District 4",610,374.136725506311,379.653012473971,264,325.095127267354,346,422.801979593084,353,759.956942949408,92,476.239776374366,127,185.49623895421,20,84.9076629165782,12,228.397411496003,42,124.230951254141,103,309.495192307692,212,420.601539560352,216,659.199804681539,37,289.446921692873
"881","MID-CITY",754,"Overall, concentrated, and child (0 to 18 years of age) poverty rate","2000",9,"Total","CT","06073002707","0027.07","San Diego","06073",NA,NA,"Overall",6618,3090.606,46.7,NA,NA,NA,NA,NA,3.2887324,"yes",41661.5034576,27.07,"Mood Disorders","Hospitalization",2010,6,3,"CENTRAL",5,"Very Urban Area",1,"Lowest Income",4,"Supervisorial District 4",610,374.136725506311,379.653012473971,264,325.095127267354,346,422.801979593084,353,759.956942949408,92,476.239776374366,127,185.49623895421,20,84.9076629165782,12,228.397411496003,42,124.230951254141,103,309.495192307692,212,420.601539560352,216,659.199804681539,37,289.446921692873
"882","MID-CITY",754,"Overall, concentrated, and child (0 to 18 years of age) poverty rate","2000",9,"Total","CT","06073003212","0032.12","San Diego","06073",NA,NA,"Child",1132,63.392,5.6,NA,NA,NA,NA,NA,0.2947368,"no",41661.5034576,32.12,"Mood Disorders","Hospitalization",2010,6,3,"CENTRAL",5,"Very Urban Area",1,"Lowest Income",4,"Supervisorial District 4",610,374.136725506311,379.653012473971,264,325.095127267354,346,422.801979593084,353,759.956942949408,92,476.239776374366,127,185.49623895421,20,84.9076629165782,12,228.397411496003,42,124.230951254141,103,309.495192307692,212,420.601539560352,216,659.199804681539,37,289.446921692873
"883","MID-CITY",754,"Overall, concentrated, and child (0 to 18 years of age) poverty rate","2000",9,"Total","CT","06073004501","0045.01","San Diego","06073",NA,NA,"Overall",3583,1110.73,31,NA,NA,NA,NA,NA,2.1830986,"no",41661.5034576,45.01,"Mood Disorders","Hospitalization",2010,6,3,"CENTRAL",5,"Very Urban Area",1,"Lowest Income",4,"Supervisorial District 4",610,374.136725506311,379.653012473971,264,325.095127267354,346,422.801979593084,353,759.956942949408,92,476.239776374366,127,185.49623895421,20,84.9076629165782,12,228.397411496003,42,124.230951254141,103,309.495192307692,212,420.601539560352,216,659.199804681539,37,289.446921692873
"884","MID-CITY",754,"Overall, concentrated, and child (0 to 18 years of age) poverty rate","2000",9,"Total","CT","06073002904","0029.04","San Diego","06073",NA,NA,"Overall",6704,2279.36,34,NA,NA,NA,NA,NA,2.3943662,"no",41661.5034576,29.04,"Mood Disorders","Hospitalization",2010,6,3,"CENTRAL",5,"Very Urban Area",1,"Lowest Income",4,"Supervisorial District 4",610,374.136725506311,379.653012473971,264,325.095127267354,346,422.801979593084,353,759.956942949408,92,476.239776374366,127,185.49623895421,20,84.9076629165782,12,228.397411496003,42,124.230951254141,103,309.495192307692,212,420.601539560352,216,659.199804681539,37,289.446921692873
"885","MOUNTAIN EMPIRE",754,"Overall, concentrated, and child (0 to 18 years of age) poverty rate","2006-2010",9,"Total","CT","06073020811","0208.11","San Diego","06073",NA,NA,"Child",1677,196.209,11.7,0,26.8319149,7.7203647,65.9860234,NA,0.6125654,"no",41661.5034577,208.11,"Mood Disorders","Hospitalization",2010,62,5,"EAST",1,"Rural Area",2,"Low Income",2,"Supervisorial District 2",16,210.83146659639,192.096825125163,NA,NA,12,342.368045649073,9,217.443827011355,NA,NA,NA,NA,NA,NA,NA,NA,NA,NA,NA,NA,NA,NA,9,395.604395604396,NA,NA
"886","MOUNTAIN EMPIRE",754,"Overall, concentrated, and child (0 to 18 years of age) poverty rate","2006-2010",9,"Total","CT","06073020811","0208.11","San Diego","06073",NA,NA,"Overall",5969,399.923,6.7,0,14.9212766,4.1945289,62.6049086,NA,0.4890511,"no",41661.5034577,208.11,"Mood Disorders","Hospitalization",2010,62,5,"EAST",1,"Rural Area",2,"Low Income",2,"Supervisorial District 2",16,210.83146659639,192.096825125163,NA,NA,12,342.368045649073,9,217.443827011355,NA,NA,NA,NA,NA,NA,NA,NA,NA,NA,NA,NA,NA,NA,9,395.604395604396,NA,NA
"887","MOUNTAIN EMPIRE",754,"Overall, concentrated, and child (0 to 18 years of age) poverty rate","2006-2010",9,"Total","CT","06073020810","0208.10","San Diego","06073",NA,NA,"Child",1612,35.464,2.2,0,6.6085106,2.2492401,102.2381873,NA,0.1151832,"no",41661.5034577,208.1,"Mood Disorders","Hospitalization",2010,62,5,"EAST",1,"Rural Area",2,"Low Income",2,"Supervisorial District 2",16,210.83146659639,192.096825125163,NA,NA,12,342.368045649073,9,217.443827011355,NA,NA,NA,NA,NA,NA,NA,NA,NA,NA,NA,NA,NA,NA,9,395.604395604396,NA,NA
"888","MOUNTAIN EMPIRE",754,"Overall, concentrated, and child (0 to 18 years of age) poverty rate","2006-2010",9,"Total","CT","06073020810","0208.10","San Diego","06073",NA,NA,"Overall",5564,72.332,1.3,0,3.4446809,1.0942249,84.171148,NA,0.0948905,"no",41661.5034577,208.1,"Mood Disorders","Hospitalization",2010,62,5,"EAST",1,"Rural Area",2,"Low Income",2,"Supervisorial District 2",16,210.83146659639,192.096825125163,NA,NA,12,342.368045649073,9,217.443827011355,NA,NA,NA,NA,NA,NA,NA,NA,NA,NA,NA,NA,NA,NA,9,395.604395604396,NA,NA
"889","NATIONAL CITY",754,"Overall, concentrated, and child (0 to 18 years of age) poverty rate","2000",9,"Total","CT","06073020307","0203.07","San Diego","06073",NA,NA,"Child",1700,136,8,NA,NA,NA,NA,NA,0.4210526,"no",41661.5034577,203.07,"Mood Disorders","Hospitalization",2010,4,4,"SOUTH",5,"Very Urban Area",1,"Lowest Income",1,"Supervisorial District 1",152,260.639939641277,267.133358808842,66,219.97800219978,86,303.725940314321,69,1015.75150890623,10,390.777647518562,55,148.108253669045,15,142.314990512334,NA,NA,8,65.6383327863472,32,261.224489795918,31,197.138314785374,68,567.091985655909,13,210.902011680727
"890","NATIONAL CITY",754,"Overall, concentrated, and child (0 to 18 years of age) poverty rate","2000",9,"Total","CT","06073020024","0200.24","San Diego","06073",NA,NA,"Overall",3858,389.658,10.1,NA,NA,NA,NA,NA,0.7112676,"no",41661.5034577,200.24,"Mood Disorders","Hospitalization",2010,4,4,"SOUTH",5,"Very Urban Area",1,"Lowest Income",1,"Supervisorial District 1",152,260.639939641277,267.133358808842,66,219.97800219978,86,303.725940314321,69,1015.75150890623,10,390.777647518562,55,148.108253669045,15,142.314990512334,NA,NA,8,65.6383327863472,32,261.224489795918,31,197.138314785374,68,567.091985655909,13,210.902011680727
"891","NATIONAL CITY",754,"Overall, concentrated, and child (0 to 18 years of age) poverty rate","2000",9,"Total","CT","06073020022","0200.22","San Diego","06073",NA,NA,"Child",1608,151.152,9.4,NA,NA,NA,NA,NA,0.4947368,"no",41661.5034577,200.22,"Mood Disorders","Hospitalization",2010,4,4,"SOUTH",5,"Very Urban Area",1,"Lowest Income",1,"Supervisorial District 1",152,260.639939641277,267.133358808842,66,219.97800219978,86,303.725940314321,69,1015.75150890623,10,390.777647518562,55,148.108253669045,15,142.314990512334,NA,NA,8,65.6383327863472,32,261.224489795918,31,197.138314785374,68,567.091985655909,13,210.902011680727
"892","NATIONAL CITY",754,"Overall, concentrated, and child (0 to 18 years of age) poverty rate","2000",9,"Total","CT","06073020209","0202.09","San Diego","06073",NA,NA,"Child",1391,116.844,8.4,NA,NA,NA,NA,NA,0.4421053,"no",41661.5034577,202.09,"Mood Disorders","Hospitalization",2010,4,4,"SOUTH",5,"Very Urban Area",1,"Lowest Income",1,"Supervisorial District 1",152,260.639939641277,267.133358808842,66,219.97800219978,86,303.725940314321,69,1015.75150890623,10,390.777647518562,55,148.108253669045,15,142.314990512334,NA,NA,8,65.6383327863472,32,261.224489795918,31,197.138314785374,68,567.091985655909,13,210.902011680727
"893","NATIONAL CITY",754,"Overall, concentrated, and child (0 to 18 years of age) poverty rate","2000",9,"Total","CT","06073020306","0203.06","San Diego","06073",NA,NA,"Overall",3886,225.388,5.8,NA,NA,NA,NA,NA,0.4084507,"no",41661.5034577,203.06,"Mood Disorders","Hospitalization",2010,4,4,"SOUTH",5,"Very Urban Area",1,"Lowest Income",1,"Supervisorial District 1",152,260.639939641277,267.133358808842,66,219.97800219978,86,303.725940314321,69,1015.75150890623,10,390.777647518562,55,148.108253669045,15,142.314990512334,NA,NA,8,65.6383327863472,32,261.224489795918,31,197.138314785374,68,567.091985655909,13,210.902011680727
"894","NATIONAL CITY",754,"Overall, concentrated, and child (0 to 18 years of age) poverty rate","2006-2010",9,"Total","CT","06073021900","0219.00","San Diego","06073",NA,NA,"Child",634,147.088,23.2,1.2765957,45.1234043,11.1854103,48.2129756,NA,1.2146597,"no",41661.5034577,219,"Mood Disorders","Hospitalization",2010,4,4,"SOUTH",5,"Very Urban Area",1,"Lowest Income",1,"Supervisorial District 1",152,260.639939641277,267.133358808842,66,219.97800219978,86,303.725940314321,69,1015.75150890623,10,390.777647518562,55,148.108253669045,15,142.314990512334,NA,NA,8,65.6383327863472,32,261.224489795918,31,197.138314785374,68,567.091985655909,13,210.902011680727
"895","NATIONAL CITY",754,"Overall, concentrated, and child (0 to 18 years of age) poverty rate","2000",9,"Total","CT","06073020211","0202.11","San Diego","06073",NA,NA,"Overall",6358,673.948,10.6,NA,NA,NA,NA,NA,0.7464789,"no",41661.5034577,202.11,"Mood Disorders","Hospitalization",2010,4,4,"SOUTH",5,"Very Urban Area",1,"Lowest Income",1,"Supervisorial District 1",152,260.639939641277,267.133358808842,66,219.97800219978,86,303.725940314321,69,1015.75150890623,10,390.777647518562,55,148.108253669045,15,142.314990512334,NA,NA,8,65.6383327863472,32,261.224489795918,31,197.138314785374,68,567.091985655909,13,210.902011680727
"896","NATIONAL CITY",754,"Overall, concentrated, and child (0 to 18 years of age) poverty rate","2000",9,"Total","CT","06073020023","0200.23","San Diego","06073",NA,NA,"Child",1000,91,9.1,NA,NA,NA,NA,NA,0.4789474,"no",41661.5034577,200.23,"Mood Disorders","Hospitalization",2010,4,4,"SOUTH",5,"Very Urban Area",1,"Lowest Income",1,"Supervisorial District 1",152,260.639939641277,267.133358808842,66,219.97800219978,86,303.725940314321,69,1015.75150890623,10,390.777647518562,55,148.108253669045,15,142.314990512334,NA,NA,8,65.6383327863472,32,261.224489795918,31,197.138314785374,68,567.091985655909,13,210.902011680727
"897","NATIONAL CITY",754,"Overall, concentrated, and child (0 to 18 years of age) poverty rate","2000",9,"Total","CT","06073020108","0201.08","San Diego","06073",NA,NA,"Overall",5976,1260.936,21.1,NA,NA,NA,NA,NA,1.4859155,"no",41661.5034577,201.08,"Mood Disorders","Hospitalization",2010,4,4,"SOUTH",5,"Very Urban Area",1,"Lowest Income",1,"Supervisorial District 1",152,260.639939641277,267.133358808842,66,219.97800219978,86,303.725940314321,69,1015.75150890623,10,390.777647518562,55,148.108253669045,15,142.314990512334,NA,NA,8,65.6383327863472,32,261.224489795918,31,197.138314785374,68,567.091985655909,13,210.902011680727
"898","NATIONAL CITY",754,"Overall, concentrated, and child (0 to 18 years of age) poverty rate","2006-2010",9,"Total","CT","06073021900","0219.00","San Diego","06073",NA,NA,"Overall",4529,1046.199,23.1,7.2531915,38.9468085,8.0851064,35.0004605,NA,1.6861314,"no",41661.5034577,219,"Mood Disorders","Hospitalization",2010,4,4,"SOUTH",5,"Very Urban Area",1,"Lowest Income",1,"Supervisorial District 1",152,260.639939641277,267.133358808842,66,219.97800219978,86,303.725940314321,69,1015.75150890623,10,390.777647518562,55,148.108253669045,15,142.314990512334,NA,NA,8,65.6383327863472,32,261.224489795918,31,197.138314785374,68,567.091985655909,13,210.902011680727
"899","NATIONAL CITY",754,"Overall, concentrated, and child (0 to 18 years of age) poverty rate","2000",9,"Total","CT","06073020307","0203.07","San Diego","06073",NA,NA,"Overall",6815,531.57,7.8,NA,NA,NA,NA,NA,0.5492958,"no",41661.5034577,203.07,"Mood Disorders","Hospitalization",2010,4,4,"SOUTH",5,"Very Urban Area",1,"Lowest Income",1,"Supervisorial District 1",152,260.639939641277,267.133358808842,66,219.97800219978,86,303.725940314321,69,1015.75150890623,10,390.777647518562,55,148.108253669045,15,142.314990512334,NA,NA,8,65.6383327863472,32,261.224489795918,31,197.138314785374,68,567.091985655909,13,210.902011680727
"900","NATIONAL CITY",754,"Overall, concentrated, and child (0 to 18 years of age) poverty rate","2000",9,"Total","CT","06073020108","0201.08","San Diego","06073",NA,NA,"Child",2166,545.832,25.2,NA,NA,NA,NA,NA,1.3263158,"no",41661.5034577,201.08,"Mood Disorders","Hospitalization",2010,4,4,"SOUTH",5,"Very Urban Area",1,"Lowest Income",1,"Supervisorial District 1",152,260.639939641277,267.133358808842,66,219.97800219978,86,303.725940314321,69,1015.75150890623,10,390.777647518562,55,148.108253669045,15,142.314990512334,NA,NA,8,65.6383327863472,32,261.224489795918,31,197.138314785374,68,567.091985655909,13,210.902011680727
"901","NATIONAL CITY",754,"Overall, concentrated, and child (0 to 18 years of age) poverty rate","2000",9,"Total","CT","06073020024","0200.24","San Diego","06073",NA,NA,"Child",1051,179.721,17.1,NA,NA,NA,NA,NA,0.9,"no",41661.5034577,200.24,"Mood Disorders","Hospitalization",2010,4,4,"SOUTH",5,"Very Urban Area",1,"Lowest Income",1,"Supervisorial District 1",152,260.639939641277,267.133358808842,66,219.97800219978,86,303.725940314321,69,1015.75150890623,10,390.777647518562,55,148.108253669045,15,142.314990512334,NA,NA,8,65.6383327863472,32,261.224489795918,31,197.138314785374,68,567.091985655909,13,210.902011680727
"902","NATIONAL CITY",754,"Overall, concentrated, and child (0 to 18 years of age) poverty rate","2000",9,"Total","CT","06073020021","0200.21","San Diego","06073",NA,NA,"Overall",4665,751.065,16.1,NA,NA,NA,NA,NA,1.1338028,"no",41661.5034577,200.21,"Mood Disorders","Hospitalization",2010,4,4,"SOUTH",5,"Very Urban Area",1,"Lowest Income",1,"Supervisorial District 1",152,260.639939641277,267.133358808842,66,219.97800219978,86,303.725940314321,69,1015.75150890623,10,390.777647518562,55,148.108253669045,15,142.314990512334,NA,NA,8,65.6383327863472,32,261.224489795918,31,197.138314785374,68,567.091985655909,13,210.902011680727
"903","NATIONAL CITY",754,"Overall, concentrated, and child (0 to 18 years of age) poverty rate","2000",9,"Total","CT","06073020306","0203.06","San Diego","06073",NA,NA,"Child",776,21.728,2.8,NA,NA,NA,NA,NA,0.1473684,"no",41661.5034577,203.06,"Mood Disorders","Hospitalization",2010,4,4,"SOUTH",5,"Very Urban Area",1,"Lowest Income",1,"Supervisorial District 1",152,260.639939641277,267.133358808842,66,219.97800219978,86,303.725940314321,69,1015.75150890623,10,390.777647518562,55,148.108253669045,15,142.314990512334,NA,NA,8,65.6383327863472,32,261.224489795918,31,197.138314785374,68,567.091985655909,13,210.902011680727
"904","NATIONAL CITY",754,"Overall, concentrated, and child (0 to 18 years of age) poverty rate","2000",9,"Total","CT","06073020103","0201.03","San Diego","06073",NA,NA,"Overall",7493,307.213,4.1,NA,NA,NA,NA,NA,0.2887324,"no",41661.5034577,201.03,"Mood Disorders","Hospitalization",2010,4,4,"SOUTH",5,"Very Urban Area",1,"Lowest Income",1,"Supervisorial District 1",152,260.639939641277,267.133358808842,66,219.97800219978,86,303.725940314321,69,1015.75150890623,10,390.777647518562,55,148.108253669045,15,142.314990512334,NA,NA,8,65.6383327863472,32,261.224489795918,31,197.138314785374,68,567.091985655909,13,210.902011680727
"905","NATIONAL CITY",754,"Overall, concentrated, and child (0 to 18 years of age) poverty rate","2000",9,"Total","CT","06073020107","0201.07","San Diego","06073",NA,NA,"Overall",3291,102.021,3.1,NA,NA,NA,NA,NA,0.2183099,"no",41661.5034577,201.07,"Mood Disorders","Hospitalization",2010,4,4,"SOUTH",5,"Very Urban Area",1,"Lowest Income",1,"Supervisorial District 1",152,260.639939641277,267.133358808842,66,219.97800219978,86,303.725940314321,69,1015.75150890623,10,390.777647518562,55,148.108253669045,15,142.314990512334,NA,NA,8,65.6383327863472,32,261.224489795918,31,197.138314785374,68,567.091985655909,13,210.902011680727
"906","NATIONAL CITY",754,"Overall, concentrated, and child (0 to 18 years of age) poverty rate","2006-2010",9,"Total","CT","06073022000","0220.00","San Diego","06073",NA,NA,"Overall",4382,942.13,21.5,12.5638298,30.4361702,4.5592705,21.2059094,NA,1.5693431,"no",41661.5034577,220,"Mood Disorders","Hospitalization",2010,4,4,"SOUTH",5,"Very Urban Area",1,"Lowest Income",1,"Supervisorial District 1",152,260.639939641277,267.133358808842,66,219.97800219978,86,303.725940314321,69,1015.75150890623,10,390.777647518562,55,148.108253669045,15,142.314990512334,NA,NA,8,65.6383327863472,32,261.224489795918,31,197.138314785374,68,567.091985655909,13,210.902011680727
"907","NATIONAL CITY",754,"Overall, concentrated, and child (0 to 18 years of age) poverty rate","2006-2010",9,"Total","CT","06073022000","0220.00","San Diego","06073",NA,NA,"Child",1150,234.6,20.4,7.412766,33.387234,6.6261398,32.4810775,NA,1.0680628,"no",41661.5034577,220,"Mood Disorders","Hospitalization",2010,4,4,"SOUTH",5,"Very Urban Area",1,"Lowest Income",1,"Supervisorial District 1",152,260.639939641277,267.133358808842,66,219.97800219978,86,303.725940314321,69,1015.75150890623,10,390.777647518562,55,148.108253669045,15,142.314990512334,NA,NA,8,65.6383327863472,32,261.224489795918,31,197.138314785374,68,567.091985655909,13,210.902011680727
"908","NATIONAL CITY",754,"Overall, concentrated, and child (0 to 18 years of age) poverty rate","2000",9,"Total","CT","06073020211","0202.11","San Diego","06073",NA,NA,"Child",1836,222.156,12.1,NA,NA,NA,NA,NA,0.6368421,"no",41661.5034577,202.11,"Mood Disorders","Hospitalization",2010,4,4,"SOUTH",5,"Very Urban Area",1,"Lowest Income",1,"Supervisorial District 1",152,260.639939641277,267.133358808842,66,219.97800219978,86,303.725940314321,69,1015.75150890623,10,390.777647518562,55,148.108253669045,15,142.314990512334,NA,NA,8,65.6383327863472,32,261.224489795918,31,197.138314785374,68,567.091985655909,13,210.902011680727
"909","NATIONAL CITY",754,"Overall, concentrated, and child (0 to 18 years of age) poverty rate","2000",9,"Total","CT","06073020105","0201.05","San Diego","06073",NA,NA,"Overall",3678,154.476,4.2,NA,NA,NA,NA,NA,0.2957746,"no",41661.5034577,201.05,"Mood Disorders","Hospitalization",2010,4,4,"SOUTH",5,"Very Urban Area",1,"Lowest Income",1,"Supervisorial District 1",152,260.639939641277,267.133358808842,66,219.97800219978,86,303.725940314321,69,1015.75150890623,10,390.777647518562,55,148.108253669045,15,142.314990512334,NA,NA,8,65.6383327863472,32,261.224489795918,31,197.138314785374,68,567.091985655909,13,210.902011680727
"910","NATIONAL CITY",754,"Overall, concentrated, and child (0 to 18 years of age) poverty rate","2000",9,"Total","CT","06073020109","0201.09","San Diego","06073",NA,NA,"Child",1505,118.895,7.9,NA,NA,NA,NA,NA,0.4157895,"no",41661.5034577,201.09,"Mood Disorders","Hospitalization",2010,4,4,"SOUTH",5,"Very Urban Area",1,"Lowest Income",1,"Supervisorial District 1",152,260.639939641277,267.133358808842,66,219.97800219978,86,303.725940314321,69,1015.75150890623,10,390.777647518562,55,148.108253669045,15,142.314990512334,NA,NA,8,65.6383327863472,32,261.224489795918,31,197.138314785374,68,567.091985655909,13,210.902011680727
"911","NATIONAL CITY",754,"Overall, concentrated, and child (0 to 18 years of age) poverty rate","2000",9,"Total","CT","06073020305","0203.05","San Diego","06073",NA,NA,"Child",1114,41.218,3.7,NA,NA,NA,NA,NA,0.1947368,"no",41661.5034577,203.05,"Mood Disorders","Hospitalization",2010,4,4,"SOUTH",5,"Very Urban Area",1,"Lowest Income",1,"Supervisorial District 1",152,260.639939641277,267.133358808842,66,219.97800219978,86,303.725940314321,69,1015.75150890623,10,390.777647518562,55,148.108253669045,15,142.314990512334,NA,NA,8,65.6383327863472,32,261.224489795918,31,197.138314785374,68,567.091985655909,13,210.902011680727
"912","NATIONAL CITY",754,"Overall, concentrated, and child (0 to 18 years of age) poverty rate","2000",9,"Total","CT","06073020105","0201.05","San Diego","06073",NA,NA,"Child",1059,60.363,5.7,NA,NA,NA,NA,NA,0.3,"no",41661.5034577,201.05,"Mood Disorders","Hospitalization",2010,4,4,"SOUTH",5,"Very Urban Area",1,"Lowest Income",1,"Supervisorial District 1",152,260.639939641277,267.133358808842,66,219.97800219978,86,303.725940314321,69,1015.75150890623,10,390.777647518562,55,148.108253669045,15,142.314990512334,NA,NA,8,65.6383327863472,32,261.224489795918,31,197.138314785374,68,567.091985655909,13,210.902011680727
"913","NATIONAL CITY",754,"Overall, concentrated, and child (0 to 18 years of age) poverty rate","2000",9,"Total","CT","06073020207","0202.07","San Diego","06073",NA,NA,"Overall",4532,788.568,17.4,NA,NA,NA,NA,NA,1.2253521,"no",41661.5034577,202.07,"Mood Disorders","Hospitalization",2010,4,4,"SOUTH",5,"Very Urban Area",1,"Lowest Income",1,"Supervisorial District 1",152,260.639939641277,267.133358808842,66,219.97800219978,86,303.725940314321,69,1015.75150890623,10,390.777647518562,55,148.108253669045,15,142.314990512334,NA,NA,8,65.6383327863472,32,261.224489795918,31,197.138314785374,68,567.091985655909,13,210.902011680727
"914","NATIONAL CITY",754,"Overall, concentrated, and child (0 to 18 years of age) poverty rate","2000",9,"Total","CT","06073020106","0201.06","San Diego","06073",NA,NA,"Overall",3478,309.542,8.9,NA,NA,NA,NA,NA,0.6267606,"no",41661.5034577,201.06,"Mood Disorders","Hospitalization",2010,4,4,"SOUTH",5,"Very Urban Area",1,"Lowest Income",1,"Supervisorial District 1",152,260.639939641277,267.133358808842,66,219.97800219978,86,303.725940314321,69,1015.75150890623,10,390.777647518562,55,148.108253669045,15,142.314990512334,NA,NA,8,65.6383327863472,32,261.224489795918,31,197.138314785374,68,567.091985655909,13,210.902011680727
"915","NATIONAL CITY",754,"Overall, concentrated, and child (0 to 18 years of age) poverty rate","2000",9,"Total","CT","06073020023","0200.23","San Diego","06073",NA,NA,"Overall",3641,324.049,8.9,NA,NA,NA,NA,NA,0.6267606,"no",41661.5034577,200.23,"Mood Disorders","Hospitalization",2010,4,4,"SOUTH",5,"Very Urban Area",1,"Lowest Income",1,"Supervisorial District 1",152,260.639939641277,267.133358808842,66,219.97800219978,86,303.725940314321,69,1015.75150890623,10,390.777647518562,55,148.108253669045,15,142.314990512334,NA,NA,8,65.6383327863472,32,261.224489795918,31,197.138314785374,68,567.091985655909,13,210.902011680727
"916","NATIONAL CITY",754,"Overall, concentrated, and child (0 to 18 years of age) poverty rate","2000",9,"Total","CT","06073020022","0200.22","San Diego","06073",NA,NA,"Overall",5350,609.9,11.4,NA,NA,NA,NA,NA,0.8028169,"no",41661.5034577,200.22,"Mood Disorders","Hospitalization",2010,4,4,"SOUTH",5,"Very Urban Area",1,"Lowest Income",1,"Supervisorial District 1",152,260.639939641277,267.133358808842,66,219.97800219978,86,303.725940314321,69,1015.75150890623,10,390.777647518562,55,148.108253669045,15,142.314990512334,NA,NA,8,65.6383327863472,32,261.224489795918,31,197.138314785374,68,567.091985655909,13,210.902011680727
"917","NATIONAL CITY",754,"Overall, concentrated, and child (0 to 18 years of age) poverty rate","2000",9,"Total","CT","06073020208","0202.08","San Diego","06073",NA,NA,"Overall",2391,339.522,14.2,NA,NA,NA,NA,NA,1,"no",41661.5034577,202.08,"Mood Disorders","Hospitalization",2010,4,4,"SOUTH",5,"Very Urban Area",1,"Lowest Income",1,"Supervisorial District 1",152,260.639939641277,267.133358808842,66,219.97800219978,86,303.725940314321,69,1015.75150890623,10,390.777647518562,55,148.108253669045,15,142.314990512334,NA,NA,8,65.6383327863472,32,261.224489795918,31,197.138314785374,68,567.091985655909,13,210.902011680727
"918","NATIONAL CITY",754,"Overall, concentrated, and child (0 to 18 years of age) poverty rate","2000",9,"Total","CT","06073020305","0203.05","San Diego","06073",NA,NA,"Overall",5097,331.305,6.5,NA,NA,NA,NA,NA,0.4577465,"no",41661.5034577,203.05,"Mood Disorders","Hospitalization",2010,4,4,"SOUTH",5,"Very Urban Area",1,"Lowest Income",1,"Supervisorial District 1",152,260.639939641277,267.133358808842,66,219.97800219978,86,303.725940314321,69,1015.75150890623,10,390.777647518562,55,148.108253669045,15,142.314990512334,NA,NA,8,65.6383327863472,32,261.224489795918,31,197.138314785374,68,567.091985655909,13,210.902011680727
"919","NATIONAL CITY",754,"Overall, concentrated, and child (0 to 18 years of age) poverty rate","2000",9,"Total","CT","06073020210","0202.10","San Diego","06073",NA,NA,"Overall",3857,327.845,8.5,NA,NA,NA,NA,NA,0.5985915,"no",41661.5034577,202.1,"Mood Disorders","Hospitalization",2010,4,4,"SOUTH",5,"Very Urban Area",1,"Lowest Income",1,"Supervisorial District 1",152,260.639939641277,267.133358808842,66,219.97800219978,86,303.725940314321,69,1015.75150890623,10,390.777647518562,55,148.108253669045,15,142.314990512334,NA,NA,8,65.6383327863472,32,261.224489795918,31,197.138314785374,68,567.091985655909,13,210.902011680727
"920","NATIONAL CITY",754,"Overall, concentrated, and child (0 to 18 years of age) poverty rate","2000",9,"Total","CT","06073020209","0202.09","San Diego","06073",NA,NA,"Overall",4874,657.99,13.5,NA,NA,NA,NA,NA,0.9507042,"no",41661.5034577,202.09,"Mood Disorders","Hospitalization",2010,4,4,"SOUTH",5,"Very Urban Area",1,"Lowest Income",1,"Supervisorial District 1",152,260.639939641277,267.133358808842,66,219.97800219978,86,303.725940314321,69,1015.75150890623,10,390.777647518562,55,148.108253669045,15,142.314990512334,NA,NA,8,65.6383327863472,32,261.224489795918,31,197.138314785374,68,567.091985655909,13,210.902011680727
"921","NATIONAL CITY",754,"Overall, concentrated, and child (0 to 18 years of age) poverty rate","2000",9,"Total","CT","06073020208","0202.08","San Diego","06073",NA,NA,"Child",751,177.236,23.6,NA,NA,NA,NA,NA,1.2421053,"no",41661.5034577,202.08,"Mood Disorders","Hospitalization",2010,4,4,"SOUTH",5,"Very Urban Area",1,"Lowest Income",1,"Supervisorial District 1",152,260.639939641277,267.133358808842,66,219.97800219978,86,303.725940314321,69,1015.75150890623,10,390.777647518562,55,148.108253669045,15,142.314990512334,NA,NA,8,65.6383327863472,32,261.224489795918,31,197.138314785374,68,567.091985655909,13,210.902011680727
"922","NATIONAL CITY",754,"Overall, concentrated, and child (0 to 18 years of age) poverty rate","2000",9,"Total","CT","06073020025","0200.25","San Diego","06073",NA,NA,"Overall",4237,216.087,5.1,NA,NA,NA,NA,NA,0.3591549,"no",41661.5034577,200.25,"Mood Disorders","Hospitalization",2010,4,4,"SOUTH",5,"Very Urban Area",1,"Lowest Income",1,"Supervisorial District 1",152,260.639939641277,267.133358808842,66,219.97800219978,86,303.725940314321,69,1015.75150890623,10,390.777647518562,55,148.108253669045,15,142.314990512334,NA,NA,8,65.6383327863472,32,261.224489795918,31,197.138314785374,68,567.091985655909,13,210.902011680727
"923","NATIONAL CITY",754,"Overall, concentrated, and child (0 to 18 years of age) poverty rate","2000",9,"Total","CT","06073020107","0201.07","San Diego","06073",NA,NA,"Child",937,33.732,3.6,NA,NA,NA,NA,NA,0.1894737,"no",41661.5034577,201.07,"Mood Disorders","Hospitalization",2010,4,4,"SOUTH",5,"Very Urban Area",1,"Lowest Income",1,"Supervisorial District 1",152,260.639939641277,267.133358808842,66,219.97800219978,86,303.725940314321,69,1015.75150890623,10,390.777647518562,55,148.108253669045,15,142.314990512334,NA,NA,8,65.6383327863472,32,261.224489795918,31,197.138314785374,68,567.091985655909,13,210.902011680727
"924","NATIONAL CITY",754,"Overall, concentrated, and child (0 to 18 years of age) poverty rate","2000",9,"Total","CT","06073020106","0201.06","San Diego","06073",NA,NA,"Child",1050,148.05,14.1,NA,NA,NA,NA,NA,0.7421053,"no",41661.5034577,201.06,"Mood Disorders","Hospitalization",2010,4,4,"SOUTH",5,"Very Urban Area",1,"Lowest Income",1,"Supervisorial District 1",152,260.639939641277,267.133358808842,66,219.97800219978,86,303.725940314321,69,1015.75150890623,10,390.777647518562,55,148.108253669045,15,142.314990512334,NA,NA,8,65.6383327863472,32,261.224489795918,31,197.138314785374,68,567.091985655909,13,210.902011680727
"925","NATIONAL CITY",754,"Overall, concentrated, and child (0 to 18 years of age) poverty rate","2000",9,"Total","CT","06073020206","0202.06","San Diego","06073",NA,NA,"Child",1940,356.96,18.4,NA,NA,NA,NA,NA,0.9684211,"no",41661.5034577,202.06,"Mood Disorders","Hospitalization",2010,4,4,"SOUTH",5,"Very Urban Area",1,"Lowest Income",1,"Supervisorial District 1",152,260.639939641277,267.133358808842,66,219.97800219978,86,303.725940314321,69,1015.75150890623,10,390.777647518562,55,148.108253669045,15,142.314990512334,NA,NA,8,65.6383327863472,32,261.224489795918,31,197.138314785374,68,567.091985655909,13,210.902011680727
"926","NATIONAL CITY",754,"Overall, concentrated, and child (0 to 18 years of age) poverty rate","2000",9,"Total","CT","06073020202","0202.02","San Diego","06073",NA,NA,"Child",2380,756.84,31.8,NA,NA,NA,NA,NA,1.6736842,"no",41661.5034577,202.02,"Mood Disorders","Hospitalization",2010,4,4,"SOUTH",5,"Very Urban Area",1,"Lowest Income",1,"Supervisorial District 1",152,260.639939641277,267.133358808842,66,219.97800219978,86,303.725940314321,69,1015.75150890623,10,390.777647518562,55,148.108253669045,15,142.314990512334,NA,NA,8,65.6383327863472,32,261.224489795918,31,197.138314785374,68,567.091985655909,13,210.902011680727
"927","NATIONAL CITY",754,"Overall, concentrated, and child (0 to 18 years of age) poverty rate","2000",9,"Total","CT","06073020207","0202.07","San Diego","06073",NA,NA,"Child",1536,340.992,22.2,NA,NA,NA,NA,NA,1.1684211,"no",41661.5034577,202.07,"Mood Disorders","Hospitalization",2010,4,4,"SOUTH",5,"Very Urban Area",1,"Lowest Income",1,"Supervisorial District 1",152,260.639939641277,267.133358808842,66,219.97800219978,86,303.725940314321,69,1015.75150890623,10,390.777647518562,55,148.108253669045,15,142.314990512334,NA,NA,8,65.6383327863472,32,261.224489795918,31,197.138314785374,68,567.091985655909,13,210.902011680727
"928","NATIONAL CITY",754,"Overall, concentrated, and child (0 to 18 years of age) poverty rate","2000",9,"Total","CT","06073020210","0202.10","San Diego","06073",NA,NA,"Child",1045,113.905,10.9,NA,NA,NA,NA,NA,0.5736842,"no",41661.5034577,202.1,"Mood Disorders","Hospitalization",2010,4,4,"SOUTH",5,"Very Urban Area",1,"Lowest Income",1,"Supervisorial District 1",152,260.639939641277,267.133358808842,66,219.97800219978,86,303.725940314321,69,1015.75150890623,10,390.777647518562,55,148.108253669045,15,142.314990512334,NA,NA,8,65.6383327863472,32,261.224489795918,31,197.138314785374,68,567.091985655909,13,210.902011680727
"929","NATIONAL CITY",754,"Overall, concentrated, and child (0 to 18 years of age) poverty rate","2000",9,"Total","CT","06073020021","0200.21","San Diego","06073",NA,NA,"Child",1840,292.56,15.9,NA,NA,NA,NA,NA,0.8368421,"no",41661.5034577,200.21,"Mood Disorders","Hospitalization",2010,4,4,"SOUTH",5,"Very Urban Area",1,"Lowest Income",1,"Supervisorial District 1",152,260.639939641277,267.133358808842,66,219.97800219978,86,303.725940314321,69,1015.75150890623,10,390.777647518562,55,148.108253669045,15,142.314990512334,NA,NA,8,65.6383327863472,32,261.224489795918,31,197.138314785374,68,567.091985655909,13,210.902011680727
"930","NATIONAL CITY",754,"Overall, concentrated, and child (0 to 18 years of age) poverty rate","2000",9,"Total","CT","06073020304","0203.04","San Diego","06073",NA,NA,"Overall",5750,218.5,3.8,NA,NA,NA,NA,NA,0.2676056,"no",41661.5034577,203.04,"Mood Disorders","Hospitalization",2010,4,4,"SOUTH",5,"Very Urban Area",1,"Lowest Income",1,"Supervisorial District 1",152,260.639939641277,267.133358808842,66,219.97800219978,86,303.725940314321,69,1015.75150890623,10,390.777647518562,55,148.108253669045,15,142.314990512334,NA,NA,8,65.6383327863472,32,261.224489795918,31,197.138314785374,68,567.091985655909,13,210.902011680727
"931","NATIONAL CITY",754,"Overall, concentrated, and child (0 to 18 years of age) poverty rate","2000",9,"Total","CT","06073020206","0202.06","San Diego","06073",NA,NA,"Overall",5156,809.492,15.7,NA,NA,NA,NA,NA,1.1056338,"no",41661.5034577,202.06,"Mood Disorders","Hospitalization",2010,4,4,"SOUTH",5,"Very Urban Area",1,"Lowest Income",1,"Supervisorial District 1",152,260.639939641277,267.133358808842,66,219.97800219978,86,303.725940314321,69,1015.75150890623,10,390.777647518562,55,148.108253669045,15,142.314990512334,NA,NA,8,65.6383327863472,32,261.224489795918,31,197.138314785374,68,567.091985655909,13,210.902011680727
"932","NATIONAL CITY",754,"Overall, concentrated, and child (0 to 18 years of age) poverty rate","2000",9,"Total","CT","06073020202","0202.02","San Diego","06073",NA,NA,"Overall",6531,1750.308,26.8,NA,NA,NA,NA,NA,1.8873239,"no",41661.5034577,202.02,"Mood Disorders","Hospitalization",2010,4,4,"SOUTH",5,"Very Urban Area",1,"Lowest Income",1,"Supervisorial District 1",152,260.639939641277,267.133358808842,66,219.97800219978,86,303.725940314321,69,1015.75150890623,10,390.777647518562,55,148.108253669045,15,142.314990512334,NA,NA,8,65.6383327863472,32,261.224489795918,31,197.138314785374,68,567.091985655909,13,210.902011680727
"933","NATIONAL CITY",754,"Overall, concentrated, and child (0 to 18 years of age) poverty rate","2000",9,"Total","CT","06073020109","0201.09","San Diego","06073",NA,NA,"Overall",4724,363.748,7.7,NA,NA,NA,NA,NA,0.5422535,"no",41661.5034577,201.09,"Mood Disorders","Hospitalization",2010,4,4,"SOUTH",5,"Very Urban Area",1,"Lowest Income",1,"Supervisorial District 1",152,260.639939641277,267.133358808842,66,219.97800219978,86,303.725940314321,69,1015.75150890623,10,390.777647518562,55,148.108253669045,15,142.314990512334,NA,NA,8,65.6383327863472,32,261.224489795918,31,197.138314785374,68,567.091985655909,13,210.902011680727
"934","NATIONAL CITY",754,"Overall, concentrated, and child (0 to 18 years of age) poverty rate","2000",9,"Total","CT","06073020304","0203.04","San Diego","06073",NA,NA,"Child",1197,76.608,6.4,NA,NA,NA,NA,NA,0.3368421,"no",41661.5034577,203.04,"Mood Disorders","Hospitalization",2010,4,4,"SOUTH",5,"Very Urban Area",1,"Lowest Income",1,"Supervisorial District 1",152,260.639939641277,267.133358808842,66,219.97800219978,86,303.725940314321,69,1015.75150890623,10,390.777647518562,55,148.108253669045,15,142.314990512334,NA,NA,8,65.6383327863472,32,261.224489795918,31,197.138314785374,68,567.091985655909,13,210.902011680727
"935","NATIONAL CITY",754,"Overall, concentrated, and child (0 to 18 years of age) poverty rate","2000",9,"Total","CT","06073020103","0201.03","San Diego","06073",NA,NA,"Child",2024,103.224,5.1,NA,NA,NA,NA,NA,0.2684211,"no",41661.5034577,201.03,"Mood Disorders","Hospitalization",2010,4,4,"SOUTH",5,"Very Urban Area",1,"Lowest Income",1,"Supervisorial District 1",152,260.639939641277,267.133358808842,66,219.97800219978,86,303.725940314321,69,1015.75150890623,10,390.777647518562,55,148.108253669045,15,142.314990512334,NA,NA,8,65.6383327863472,32,261.224489795918,31,197.138314785374,68,567.091985655909,13,210.902011680727
"936","NATIONAL CITY",754,"Overall, concentrated, and child (0 to 18 years of age) poverty rate","2000",9,"Total","CT","06073020025","0200.25","San Diego","06073",NA,NA,"Child",1071,40.698,3.8,NA,NA,NA,NA,NA,0.2,"no",41661.5034577,200.25,"Mood Disorders","Hospitalization",2010,4,4,"SOUTH",5,"Very Urban Area",1,"Lowest Income",1,"Supervisorial District 1",152,260.639939641277,267.133358808842,66,219.97800219978,86,303.725940314321,69,1015.75150890623,10,390.777647518562,55,148.108253669045,15,142.314990512334,NA,NA,8,65.6383327863472,32,261.224489795918,31,197.138314785374,68,567.091985655909,13,210.902011680727
"937","NORTH SAN DIEGO",754,"Overall, concentrated, and child (0 to 18 years of age) poverty rate","2006-2010",9,"Total","CT","06073011300","0113.00","San Diego","06073",NA,NA,"Overall",1782,0,0,0,67.2,34.2857143,NA,NA,0,"no",41661.5034577,113,"Mood Disorders","Hospitalization",2010,14,6,"N INLAND",3,"Suburban Area",6,"Highest Income",3,"Supervisorial District 3",250,234.649246306621,246.786702985879,133,258.267471891567,117,212.553365428286,196,312.809218296147,6,235.571260306243,10,93.8526513374003,19,74.0769620647979,11,218.557520365587,28,124.810555406972,70,611.620795107034,61,197.827144478677,67,231.449495647368,24,186.335403726708
"938","NORTH SAN DIEGO",754,"Overall, concentrated, and child (0 to 18 years of age) poverty rate","2006-2010",9,"Total","CT","06073011601","0116.01","San Diego","06073",NA,NA,"Child",2031,940.353,46.3,29.8574468,62.7425532,8.3890578,18.1189152,NA,2.4240838,"no",41661.5034577,116.01,"Mood Disorders","Hospitalization",2010,14,6,"N INLAND",3,"Suburban Area",6,"Highest Income",3,"Supervisorial District 3",250,234.649246306621,246.786702985879,133,258.267471891567,117,212.553365428286,196,312.809218296147,6,235.571260306243,10,93.8526513374003,19,74.0769620647979,11,218.557520365587,28,124.810555406972,70,611.620795107034,61,197.827144478677,67,231.449495647368,24,186.335403726708
"939","NORTH SAN DIEGO",754,"Overall, concentrated, and child (0 to 18 years of age) poverty rate","2006-2010",9,"Total","CT","06073013104","0131.04","San Diego","06073",NA,NA,"Overall",5902,537.082,9.1,3.2617021,14.9382979,2.9787234,32.7332242,NA,0.6642336,"no",41661.5034577,131.04,"Mood Disorders","Hospitalization",2010,14,6,"N INLAND",3,"Suburban Area",6,"Highest Income",3,"Supervisorial District 3",250,234.649246306621,246.786702985879,133,258.267471891567,117,212.553365428286,196,312.809218296147,6,235.571260306243,10,93.8526513374003,19,74.0769620647979,11,218.557520365587,28,124.810555406972,70,611.620795107034,61,197.827144478677,67,231.449495647368,24,186.335403726708
"940","NORTH SAN DIEGO",754,"Overall, concentrated, and child (0 to 18 years of age) poverty rate","2006-2010",9,"Total","CT","06073013206","0132.06","San Diego","06073",NA,NA,"Overall",5987,1712.282,28.6,15.8510638,41.3489362,6.5045593,22.7432142,NA,2.0875912,"no",41661.5034577,132.06,"Mood Disorders","Hospitalization",2010,14,6,"N INLAND",3,"Suburban Area",6,"Highest Income",3,"Supervisorial District 3",250,234.649246306621,246.786702985879,133,258.267471891567,117,212.553365428286,196,312.809218296147,6,235.571260306243,10,93.8526513374003,19,74.0769620647979,11,218.557520365587,28,124.810555406972,70,611.620795107034,61,197.827144478677,67,231.449495647368,24,186.335403726708
"941","NORTH SAN DIEGO",754,"Overall, concentrated, and child (0 to 18 years of age) poverty rate","2006-2010",9,"Total","CT","06073013203","0132.03","San Diego","06073",NA,NA,"Child",1675,809.025,48.3,31.0234043,65.5765957,8.8145897,18.249668,NA,2.5287958,"no",41661.5034577,132.03,"Mood Disorders","Hospitalization",2010,14,6,"N INLAND",3,"Suburban Area",6,"Highest Income",3,"Supervisorial District 3",250,234.649246306621,246.786702985879,133,258.267471891567,117,212.553365428286,196,312.809218296147,6,235.571260306243,10,93.8526513374003,19,74.0769620647979,11,218.557520365587,28,124.810555406972,70,611.620795107034,61,197.827144478677,67,231.449495647368,24,186.335403726708
"942","NORTH SAN DIEGO",754,"Overall, concentrated, and child (0 to 18 years of age) poverty rate","2006-2010",9,"Total","CT","06073010110","0101.10","San Diego","06073",NA,NA,"Overall",7322,856.674,11.7,5.7425532,17.6574468,3.0395137,25.9787494,NA,0.8540146,"no",41661.5034577,101.1,"Mood Disorders","Hospitalization",2010,14,6,"N INLAND",3,"Suburban Area",6,"Highest Income",3,"Supervisorial District 3",250,234.649246306621,246.786702985879,133,258.267471891567,117,212.553365428286,196,312.809218296147,6,235.571260306243,10,93.8526513374003,19,74.0769620647979,11,218.557520365587,28,124.810555406972,70,611.620795107034,61,197.827144478677,67,231.449495647368,24,186.335403726708
"943","NORTH SAN DIEGO",754,"Overall, concentrated, and child (0 to 18 years of age) poverty rate","2006-2010",9,"Total","CT","06073010501","0105.01","San Diego","06073",NA,NA,"Overall",1405,337.2,24,10.5361702,37.4638298,6.8693009,28.6220871,NA,1.7518248,"no",41661.5034577,105.01,"Mood Disorders","Hospitalization",2010,14,6,"N INLAND",3,"Suburban Area",6,"Highest Income",3,"Supervisorial District 3",250,234.649246306621,246.786702985879,133,258.267471891567,117,212.553365428286,196,312.809218296147,6,235.571260306243,10,93.8526513374003,19,74.0769620647979,11,218.557520365587,28,124.810555406972,70,611.620795107034,61,197.827144478677,67,231.449495647368,24,186.335403726708
"944","NORTH SAN DIEGO",754,"Overall, concentrated, and child (0 to 18 years of age) poverty rate","2006-2010",9,"Total","CT","06073011100","0111.00","San Diego","06073",NA,NA,"Overall",3276,101.556,3.1,0.3595745,5.8404255,1.3981763,45.102461,NA,0.2262774,"no",41661.5034577,111,"Mood Disorders","Hospitalization",2010,14,6,"N INLAND",3,"Suburban Area",6,"Highest Income",3,"Supervisorial District 3",250,234.649246306621,246.786702985879,133,258.267471891567,117,212.553365428286,196,312.809218296147,6,235.571260306243,10,93.8526513374003,19,74.0769620647979,11,218.557520365587,28,124.810555406972,70,611.620795107034,61,197.827144478677,67,231.449495647368,24,186.335403726708
"945","NORTH SAN DIEGO",754,"Overall, concentrated, and child (0 to 18 years of age) poverty rate","2006-2010",9,"Total","CT","06073010109","0101.09","San Diego","06073",NA,NA,"Overall",4094,957.996,23.4,11.8425532,34.9574468,5.8966565,25.1993869,NA,1.7080292,"no",41661.5034577,101.09,"Mood Disorders","Hospitalization",2010,14,6,"N INLAND",3,"Suburban Area",6,"Highest Income",3,"Supervisorial District 3",250,234.649246306621,246.786702985879,133,258.267471891567,117,212.553365428286,196,312.809218296147,6,235.571260306243,10,93.8526513374003,19,74.0769620647979,11,218.557520365587,28,124.810555406972,70,611.620795107034,61,197.827144478677,67,231.449495647368,24,186.335403726708
"946","NORTH SAN DIEGO",754,"Overall, concentrated, and child (0 to 18 years of age) poverty rate","2006-2010",9,"Total","CT","06073010005","0100.05","San Diego","06073",NA,NA,"Overall",7059,1976.52,28,19.1829787,36.8170213,4.4984802,16.0660009,NA,2.0437956,"no",41661.5034577,100.05,"Mood Disorders","Hospitalization",2010,14,6,"N INLAND",3,"Suburban Area",6,"Highest Income",3,"Supervisorial District 3",250,234.649246306621,246.786702985879,133,258.267471891567,117,212.553365428286,196,312.809218296147,6,235.571260306243,10,93.8526513374003,19,74.0769620647979,11,218.557520365587,28,124.810555406972,70,611.620795107034,61,197.827144478677,67,231.449495647368,24,186.335403726708
"947","NORTH SAN DIEGO",754,"Overall, concentrated, and child (0 to 18 years of age) poverty rate","2006-2010",9,"Total","CT","06073013102","0131.02","San Diego","06073",NA,NA,"Overall",4905,500.31,10.2,4.1234043,16.2765957,3.100304,30.3951368,NA,0.7445255,"no",41661.5034577,131.02,"Mood Disorders","Hospitalization",2010,14,6,"N INLAND",3,"Suburban Area",6,"Highest Income",3,"Supervisorial District 3",250,234.649246306621,246.786702985879,133,258.267471891567,117,212.553365428286,196,312.809218296147,6,235.571260306243,10,93.8526513374003,19,74.0769620647979,11,218.557520365587,28,124.810555406972,70,611.620795107034,61,197.827144478677,67,231.449495647368,24,186.335403726708
"948","NORTH SAN DIEGO",754,"Overall, concentrated, and child (0 to 18 years of age) poverty rate","2006-2010",9,"Total","CT","06073013000","0130.00","San Diego","06073",NA,NA,"Overall",6204,1005.048,16.2,6.4297872,25.9702128,4.9848024,30.7703854,NA,1.1824818,"no",41661.5034577,130,"Mood Disorders","Hospitalization",2010,14,6,"N INLAND",3,"Suburban Area",6,"Highest Income",3,"Supervisorial District 3",250,234.649246306621,246.786702985879,133,258.267471891567,117,212.553365428286,196,312.809218296147,6,235.571260306243,10,93.8526513374003,19,74.0769620647979,11,218.557520365587,28,124.810555406972,70,611.620795107034,61,197.827144478677,67,231.449495647368,24,186.335403726708
"949","NORTH SAN DIEGO",754,"Overall, concentrated, and child (0 to 18 years of age) poverty rate","2006-2010",9,"Total","CT","06073013301","0133.01","San Diego","06073",NA,NA,"Child",1368,216.144,15.8,5.9106383,25.6893617,5.0455927,31.934131,NA,0.8272251,"no",41661.5034577,133.01,"Mood Disorders","Hospitalization",2010,14,6,"N INLAND",3,"Suburban Area",6,"Highest Income",3,"Supervisorial District 3",250,234.649246306621,246.786702985879,133,258.267471891567,117,212.553365428286,196,312.809218296147,6,235.571260306243,10,93.8526513374003,19,74.0769620647979,11,218.557520365587,28,124.810555406972,70,611.620795107034,61,197.827144478677,67,231.449495647368,24,186.335403726708
"950","NORTH SAN DIEGO",754,"Overall, concentrated, and child (0 to 18 years of age) poverty rate","2006-2010",9,"Total","CT","06073010003","0100.03","San Diego","06073",NA,NA,"Child",1671,248.979,14.9,0,30.3893617,7.9027356,53.0384937,NA,0.7801047,"no",41661.5034577,100.03,"Mood Disorders","Hospitalization",2010,14,6,"N INLAND",3,"Suburban Area",6,"Highest Income",3,"Supervisorial District 3",250,234.649246306621,246.786702985879,133,258.267471891567,117,212.553365428286,196,312.809218296147,6,235.571260306243,10,93.8526513374003,19,74.0769620647979,11,218.557520365587,28,124.810555406972,70,611.620795107034,61,197.827144478677,67,231.449495647368,24,186.335403726708
"951","NORTH SAN DIEGO",754,"Overall, concentrated, and child (0 to 18 years of age) poverty rate","2006-2010",9,"Total","CT","06073013102","0131.02","San Diego","06073",NA,NA,"Child",1230,185.73,15.1,2.2319149,27.9680851,6.5653495,43.4791361,NA,0.7905759,"no",41661.5034577,131.02,"Mood Disorders","Hospitalization",2010,14,6,"N INLAND",3,"Suburban Area",6,"Highest Income",3,"Supervisorial District 3",250,234.649246306621,246.786702985879,133,258.267471891567,117,212.553365428286,196,312.809218296147,6,235.571260306243,10,93.8526513374003,19,74.0769620647979,11,218.557520365587,28,124.810555406972,70,611.620795107034,61,197.827144478677,67,231.449495647368,24,186.335403726708
"952","NORTH SAN DIEGO",754,"Overall, concentrated, and child (0 to 18 years of age) poverty rate","2006-2010",9,"Total","CT","06073010003","0100.03","San Diego","06073",NA,NA,"Overall",5309,525.591,9.9,2.1553191,17.6446809,3.9513678,39.9128059,NA,0.7226277,"no",41661.5034577,100.03,"Mood Disorders","Hospitalization",2010,14,6,"N INLAND",3,"Suburban Area",6,"Highest Income",3,"Supervisorial District 3",250,234.649246306621,246.786702985879,133,258.267471891567,117,212.553365428286,196,312.809218296147,6,235.571260306243,10,93.8526513374003,19,74.0769620647979,11,218.557520365587,28,124.810555406972,70,611.620795107034,61,197.827144478677,67,231.449495647368,24,186.335403726708
"953","NORTH SAN DIEGO",754,"Overall, concentrated, and child (0 to 18 years of age) poverty rate","2006-2010",9,"Total","CT","06073010110","0101.10","San Diego","06073",NA,NA,"Child",2400,343.2,14.3,4.6489362,23.9510638,4.9240122,34.4336515,NA,0.7486911,"no",41661.5034577,101.1,"Mood Disorders","Hospitalization",2010,14,6,"N INLAND",3,"Suburban Area",6,"Highest Income",3,"Supervisorial District 3",250,234.649246306621,246.786702985879,133,258.267471891567,117,212.553365428286,196,312.809218296147,6,235.571260306243,10,93.8526513374003,19,74.0769620647979,11,218.557520365587,28,124.810555406972,70,611.620795107034,61,197.827144478677,67,231.449495647368,24,186.335403726708
"954","NORTH SAN DIEGO",754,"Overall, concentrated, and child (0 to 18 years of age) poverty rate","2006-2010",9,"Total","CT","06073010112","0101.12","San Diego","06073",NA,NA,"Overall",5618,1483.152,26.4,17.2255319,35.5744681,4.6808511,17.7304965,NA,1.9270073,"no",41661.5034577,101.12,"Mood Disorders","Hospitalization",2010,14,6,"N INLAND",3,"Suburban Area",6,"Highest Income",3,"Supervisorial District 3",250,234.649246306621,246.786702985879,133,258.267471891567,117,212.553365428286,196,312.809218296147,6,235.571260306243,10,93.8526513374003,19,74.0769620647979,11,218.557520365587,28,124.810555406972,70,611.620795107034,61,197.827144478677,67,231.449495647368,24,186.335403726708
"955","NORTH SAN DIEGO",754,"Overall, concentrated, and child (0 to 18 years of age) poverty rate","2006-2010",9,"Total","CT","06073010501","0105.01","San Diego","06073",NA,NA,"Child",265,77.115,29.1,1.1,57.1,14.2857143,49.0918017,NA,1.5235602,"no",41661.5034577,105.01,"Mood Disorders","Hospitalization",2010,14,6,"N INLAND",3,"Suburban Area",6,"Highest Income",3,"Supervisorial District 3",250,234.649246306621,246.786702985879,133,258.267471891567,117,212.553365428286,196,312.809218296147,6,235.571260306243,10,93.8526513374003,19,74.0769620647979,11,218.557520365587,28,124.810555406972,70,611.620795107034,61,197.827144478677,67,231.449495647368,24,186.335403726708
"956","NORTH SAN DIEGO",754,"Overall, concentrated, and child (0 to 18 years of age) poverty rate","2006-2010",9,"Total","CT","06073013206","0132.06","San Diego","06073",NA,NA,"Child",1617,693.693,42.9,18.8319149,66.9680851,12.2796353,28.6238584,NA,2.2460733,"no",41661.5034577,132.06,"Mood Disorders","Hospitalization",2010,14,6,"N INLAND",3,"Suburban Area",6,"Highest Income",3,"Supervisorial District 3",250,234.649246306621,246.786702985879,133,258.267471891567,117,212.553365428286,196,312.809218296147,6,235.571260306243,10,93.8526513374003,19,74.0769620647979,11,218.557520365587,28,124.810555406972,70,611.620795107034,61,197.827144478677,67,231.449495647368,24,186.335403726708
"957","NORTH SAN DIEGO",754,"Overall, concentrated, and child (0 to 18 years of age) poverty rate","2006-2010",9,"Total","CT","06073010109","0101.09","San Diego","06073",NA,NA,"Child",1111,378.851,34.1,13.9638298,54.2361702,10.2735562,30.1277309,NA,1.7853403,"no",41661.5034577,101.09,"Mood Disorders","Hospitalization",2010,14,6,"N INLAND",3,"Suburban Area",6,"Highest Income",3,"Supervisorial District 3",250,234.649246306621,246.786702985879,133,258.267471891567,117,212.553365428286,196,312.809218296147,6,235.571260306243,10,93.8526513374003,19,74.0769620647979,11,218.557520365587,28,124.810555406972,70,611.620795107034,61,197.827144478677,67,231.449495647368,24,186.335403726708
"958","NORTH SAN DIEGO",754,"Overall, concentrated, and child (0 to 18 years of age) poverty rate","2006-2010",9,"Total","CT","06073010005","0100.05","San Diego","06073",NA,NA,"Child",1929,837.186,43.4,29.5787234,57.2212766,7.0516717,16.2480915,NA,2.2722513,"no",41661.5034577,100.05,"Mood Disorders","Hospitalization",2010,14,6,"N INLAND",3,"Suburban Area",6,"Highest Income",3,"Supervisorial District 3",250,234.649246306621,246.786702985879,133,258.267471891567,117,212.553365428286,196,312.809218296147,6,235.571260306243,10,93.8526513374003,19,74.0769620647979,11,218.557520365587,28,124.810555406972,70,611.620795107034,61,197.827144478677,67,231.449495647368,24,186.335403726708
"959","NORTH SAN DIEGO",754,"Overall, concentrated, and child (0 to 18 years of age) poverty rate","2006-2010",9,"Total","CT","06073013205","0132.05","San Diego","06073",NA,NA,"Overall",1854,361.53,19.5,6.7510638,32.2489362,6.5045593,33.3567142,NA,1.4233577,"no",41661.5034577,132.05,"Mood Disorders","Hospitalization",2010,14,6,"N INLAND",3,"Suburban Area",6,"Highest Income",3,"Supervisorial District 3",250,234.649246306621,246.786702985879,133,258.267471891567,117,212.553365428286,196,312.809218296147,6,235.571260306243,10,93.8526513374003,19,74.0769620647979,11,218.557520365587,28,124.810555406972,70,611.620795107034,61,197.827144478677,67,231.449495647368,24,186.335403726708
"960","NORTH SAN DIEGO",754,"Overall, concentrated, and child (0 to 18 years of age) poverty rate","2006-2010",9,"Total","CT","06073010401","0104.01","San Diego","06073",NA,NA,"Child",1092,449.904,41.2,9.2680851,73.1319149,16.2917933,39.5431877,NA,2.1570681,"no",41661.5034577,104.01,"Mood Disorders","Hospitalization",2010,14,6,"N INLAND",3,"Suburban Area",6,"Highest Income",3,"Supervisorial District 3",250,234.649246306621,246.786702985879,133,258.267471891567,117,212.553365428286,196,312.809218296147,6,235.571260306243,10,93.8526513374003,19,74.0769620647979,11,218.557520365587,28,124.810555406972,70,611.620795107034,61,197.827144478677,67,231.449495647368,24,186.335403726708
"961","NORTH SAN DIEGO",754,"Overall, concentrated, and child (0 to 18 years of age) poverty rate","2006-2010",9,"Total","CT","06073010009","0100.09","San Diego","06073",NA,NA,"Overall",6082,1447.516,23.8,15.2212766,32.3787234,4.3768997,18.3903349,NA,1.7372263,"no",41661.5034577,100.09,"Mood Disorders","Hospitalization",2010,14,6,"N INLAND",3,"Suburban Area",6,"Highest Income",3,"Supervisorial District 3",250,234.649246306621,246.786702985879,133,258.267471891567,117,212.553365428286,196,312.809218296147,6,235.571260306243,10,93.8526513374003,19,74.0769620647979,11,218.557520365587,28,124.810555406972,70,611.620795107034,61,197.827144478677,67,231.449495647368,24,186.335403726708
"962","NORTH SAN DIEGO",754,"Overall, concentrated, and child (0 to 18 years of age) poverty rate","2006-2010",9,"Total","CT","06073010402","0104.02","San Diego","06073",NA,NA,"Child",1850,653.05,35.3,20.1680851,50.4319149,7.7203647,21.8707216,NA,1.8481675,"no",41661.5034577,104.02,"Mood Disorders","Hospitalization",2010,14,6,"N INLAND",3,"Suburban Area",6,"Highest Income",3,"Supervisorial District 3",250,234.649246306621,246.786702985879,133,258.267471891567,117,212.553365428286,196,312.809218296147,6,235.571260306243,10,93.8526513374003,19,74.0769620647979,11,218.557520365587,28,124.810555406972,70,611.620795107034,61,197.827144478677,67,231.449495647368,24,186.335403726708
"963","NORTH SAN DIEGO",754,"Overall, concentrated, and child (0 to 18 years of age) poverty rate","2006-2010",9,"Total","CT","06073011100","0111.00","San Diego","06073",NA,NA,"Child",675,27.675,4.1,0,10.8914894,3.4650456,84.5133071,NA,0.2146597,"no",41661.5034577,111,"Mood Disorders","Hospitalization",2010,14,6,"N INLAND",3,"Suburban Area",6,"Highest Income",3,"Supervisorial District 3",250,234.649246306621,246.786702985879,133,258.267471891567,117,212.553365428286,196,312.809218296147,6,235.571260306243,10,93.8526513374003,19,74.0769620647979,11,218.557520365587,28,124.810555406972,70,611.620795107034,61,197.827144478677,67,231.449495647368,24,186.335403726708
"964","NORTH SAN DIEGO",754,"Overall, concentrated, and child (0 to 18 years of age) poverty rate","2006-2010",9,"Total","CT","06073010112","0101.12","San Diego","06073",NA,NA,"Child",2143,610.755,28.5,16.3468085,40.6531915,6.2006079,21.756519,NA,1.4921466,"no",41661.5034577,101.12,"Mood Disorders","Hospitalization",2010,14,6,"N INLAND",3,"Suburban Area",6,"Highest Income",3,"Supervisorial District 3",250,234.649246306621,246.786702985879,133,258.267471891567,117,212.553365428286,196,312.809218296147,6,235.571260306243,10,93.8526513374003,19,74.0769620647979,11,218.557520365587,28,124.810555406972,70,611.620795107034,61,197.827144478677,67,231.449495647368,24,186.335403726708
"965","NORTH SAN DIEGO",754,"Overall, concentrated, and child (0 to 18 years of age) poverty rate","2006-2010",9,"Total","CT","06073010401","0104.01","San Diego","06073",NA,NA,"Overall",2716,687.148,25.3,3.7340426,46.8659574,11.0030395,43.4902748,NA,1.8467153,"no",41661.5034577,104.01,"Mood Disorders","Hospitalization",2010,14,6,"N INLAND",3,"Suburban Area",6,"Highest Income",3,"Supervisorial District 3",250,234.649246306621,246.786702985879,133,258.267471891567,117,212.553365428286,196,312.809218296147,6,235.571260306243,10,93.8526513374003,19,74.0769620647979,11,218.557520365587,28,124.810555406972,70,611.620795107034,61,197.827144478677,67,231.449495647368,24,186.335403726708
"966","NORTH SAN DIEGO",754,"Overall, concentrated, and child (0 to 18 years of age) poverty rate","2006-2010",9,"Total","CT","06073010111","0101.11","San Diego","06073",NA,NA,"Overall",3329,1251.704,37.6,22.587234,52.612766,7.6595745,20.3712087,NA,2.7445255,"no",41661.5034577,101.11,"Mood Disorders","Hospitalization",2010,14,6,"N INLAND",3,"Suburban Area",6,"Highest Income",3,"Supervisorial District 3",250,234.649246306621,246.786702985879,133,258.267471891567,117,212.553365428286,196,312.809218296147,6,235.571260306243,10,93.8526513374003,19,74.0769620647979,11,218.557520365587,28,124.810555406972,70,611.620795107034,61,197.827144478677,67,231.449495647368,24,186.335403726708
"967","NORTH SAN DIEGO",754,"Overall, concentrated, and child (0 to 18 years of age) poverty rate","2006-2010",9,"Total","CT","06073010004","0100.04","San Diego","06073",NA,NA,"Child",968,27.104,2.8,0,14.7148936,6.0790274,217.1081198,NA,0.1465969,"no",41661.5034577,100.04,"Mood Disorders","Hospitalization",2010,14,6,"N INLAND",3,"Suburban Area",6,"Highest Income",3,"Supervisorial District 3",250,234.649246306621,246.786702985879,133,258.267471891567,117,212.553365428286,196,312.809218296147,6,235.571260306243,10,93.8526513374003,19,74.0769620647979,11,218.557520365587,28,124.810555406972,70,611.620795107034,61,197.827144478677,67,231.449495647368,24,186.335403726708
"968","NORTH SAN DIEGO",754,"Overall, concentrated, and child (0 to 18 years of age) poverty rate","2006-2010",9,"Total","CT","06073010900","0109.00","San Diego","06073",NA,NA,"Child",420,0,0,0,10.8425532,5.5319149,NA,NA,0,"no",41661.5034577,109,"Mood Disorders","Hospitalization",2010,14,6,"N INLAND",3,"Suburban Area",6,"Highest Income",3,"Supervisorial District 3",250,234.649246306621,246.786702985879,133,258.267471891567,117,212.553365428286,196,312.809218296147,6,235.571260306243,10,93.8526513374003,19,74.0769620647979,11,218.557520365587,28,124.810555406972,70,611.620795107034,61,197.827144478677,67,231.449495647368,24,186.335403726708
"969","NORTH SAN DIEGO",754,"Overall, concentrated, and child (0 to 18 years of age) poverty rate","2006-2010",9,"Total","CT","06073010111","0101.11","San Diego","06073",NA,NA,"Child",1219,733.838,60.2,36.6085106,83.7914894,12.0364742,19.9941431,NA,3.1518325,"no",41661.5034577,101.11,"Mood Disorders","Hospitalization",2010,14,6,"N INLAND",3,"Suburban Area",6,"Highest Income",3,"Supervisorial District 3",250,234.649246306621,246.786702985879,133,258.267471891567,117,212.553365428286,196,312.809218296147,6,235.571260306243,10,93.8526513374003,19,74.0769620647979,11,218.557520365587,28,124.810555406972,70,611.620795107034,61,197.827144478677,67,231.449495647368,24,186.335403726708
"970","NORTH SAN DIEGO",754,"Overall, concentrated, and child (0 to 18 years of age) poverty rate","2006-2010",9,"Total","CT","06073010402","0104.02","San Diego","06073",NA,NA,"Overall",5888,1401.344,23.8,13.5531915,34.0468085,5.2279635,21.9662333,NA,1.7372263,"no",41661.5034577,104.02,"Mood Disorders","Hospitalization",2010,14,6,"N INLAND",3,"Suburban Area",6,"Highest Income",3,"Supervisorial District 3",250,234.649246306621,246.786702985879,133,258.267471891567,117,212.553365428286,196,312.809218296147,6,235.571260306243,10,93.8526513374003,19,74.0769620647979,11,218.557520365587,28,124.810555406972,70,611.620795107034,61,197.827144478677,67,231.449495647368,24,186.335403726708
"971","NORTH SAN DIEGO",754,"Overall, concentrated, and child (0 to 18 years of age) poverty rate","2006-2010",9,"Total","CT","06073010502","0105.02","San Diego","06073",NA,NA,"Overall",4882,703.008,14.4,6.893617,21.906383,3.8297872,26.5957447,NA,1.0510949,"no",41661.5034577,105.02,"Mood Disorders","Hospitalization",2010,14,6,"N INLAND",3,"Suburban Area",6,"Highest Income",3,"Supervisorial District 3",250,234.649246306621,246.786702985879,133,258.267471891567,117,212.553365428286,196,312.809218296147,6,235.571260306243,10,93.8526513374003,19,74.0769620647979,11,218.557520365587,28,124.810555406972,70,611.620795107034,61,197.827144478677,67,231.449495647368,24,186.335403726708
"972","NORTH SAN DIEGO",754,"Overall, concentrated, and child (0 to 18 years of age) poverty rate","2006-2010",9,"Total","CT","06073011000","0110.00","San Diego","06073",NA,NA,"Child",400,8,2,0,5.812766,1.9452888,97.2644377,NA,0.104712,"no",41661.5034577,110,"Mood Disorders","Hospitalization",2010,14,6,"N INLAND",3,"Suburban Area",6,"Highest Income",3,"Supervisorial District 3",250,234.649246306621,246.786702985879,133,258.267471891567,117,212.553365428286,196,312.809218296147,6,235.571260306243,10,93.8526513374003,19,74.0769620647979,11,218.557520365587,28,124.810555406972,70,611.620795107034,61,197.827144478677,67,231.449495647368,24,186.335403726708
"973","NORTH SAN DIEGO",754,"Overall, concentrated, and child (0 to 18 years of age) poverty rate","2006-2010",9,"Total","CT","06073010900","0109.00","San Diego","06073",NA,NA,"Overall",1708,42.7,2.5,0,6.5510638,2.0668693,82.674772,NA,0.1824818,"no",41661.5034577,109,"Mood Disorders","Hospitalization",2010,14,6,"N INLAND",3,"Suburban Area",6,"Highest Income",3,"Supervisorial District 3",250,234.649246306621,246.786702985879,133,258.267471891567,117,212.553365428286,196,312.809218296147,6,235.571260306243,10,93.8526513374003,19,74.0769620647979,11,218.557520365587,28,124.810555406972,70,611.620795107034,61,197.827144478677,67,231.449495647368,24,186.335403726708
"974","NORTH SAN DIEGO",754,"Overall, concentrated, and child (0 to 18 years of age) poverty rate","2006-2010",9,"Total","CT","06073010502","0105.02","San Diego","06073",NA,NA,"Child",1273,268.603,21.1,7.1595745,35.0404255,7.112462,33.7083507,NA,1.104712,"no",41661.5034577,105.02,"Mood Disorders","Hospitalization",2010,14,6,"N INLAND",3,"Suburban Area",6,"Highest Income",3,"Supervisorial District 3",250,234.649246306621,246.786702985879,133,258.267471891567,117,212.553365428286,196,312.809218296147,6,235.571260306243,10,93.8526513374003,19,74.0769620647979,11,218.557520365587,28,124.810555406972,70,611.620795107034,61,197.827144478677,67,231.449495647368,24,186.335403726708
"975","NORTH SAN DIEGO",754,"Overall, concentrated, and child (0 to 18 years of age) poverty rate","2006-2010",9,"Total","CT","06073013103","0131.03","San Diego","06073",NA,NA,"Child",710,355.71,50.1,24.006383,76.193617,13.3130699,26.5729938,NA,2.6230366,"no",41661.5034577,131.03,"Mood Disorders","Hospitalization",2010,14,6,"N INLAND",3,"Suburban Area",6,"Highest Income",3,"Supervisorial District 3",250,234.649246306621,246.786702985879,133,258.267471891567,117,212.553365428286,196,312.809218296147,6,235.571260306243,10,93.8526513374003,19,74.0769620647979,11,218.557520365587,28,124.810555406972,70,611.620795107034,61,197.827144478677,67,231.449495647368,24,186.335403726708
"976","NORTH SAN DIEGO",754,"Overall, concentrated, and child (0 to 18 years of age) poverty rate","2006-2010",9,"Total","CT","06073011000","0110.00","San Diego","06073",NA,NA,"Overall",2677,297.147,11.1,0,22.4191489,5.775076,52.0277116,NA,0.810219,"no",41661.5034577,110,"Mood Disorders","Hospitalization",2010,14,6,"N INLAND",3,"Suburban Area",6,"Highest Income",3,"Supervisorial District 3",250,234.649246306621,246.786702985879,133,258.267471891567,117,212.553365428286,196,312.809218296147,6,235.571260306243,10,93.8526513374003,19,74.0769620647979,11,218.557520365587,28,124.810555406972,70,611.620795107034,61,197.827144478677,67,231.449495647368,24,186.335403726708
"977","NORTH SAN DIEGO",754,"Overall, concentrated, and child (0 to 18 years of age) poverty rate","2006-2010",9,"Total","CT","06073010004","0100.04","San Diego","06073",NA,NA,"Overall",4624,198.832,4.3,0.606383,7.993617,1.8844985,43.8255461,NA,0.3138686,"no",41661.5034577,100.04,"Mood Disorders","Hospitalization",2010,14,6,"N INLAND",3,"Suburban Area",6,"Highest Income",3,"Supervisorial District 3",250,234.649246306621,246.786702985879,133,258.267471891567,117,212.553365428286,196,312.809218296147,6,235.571260306243,10,93.8526513374003,19,74.0769620647979,11,218.557520365587,28,124.810555406972,70,611.620795107034,61,197.827144478677,67,231.449495647368,24,186.335403726708
"978","NORTH SAN DIEGO",754,"Overall, concentrated, and child (0 to 18 years of age) poverty rate","2006-2010",9,"Total","CT","06073010009","0100.09","San Diego","06073",NA,NA,"Child",2241,600.588,26.8,13.812766,39.787234,6.6261398,24.7244023,NA,1.4031414,"no",41661.5034577,100.09,"Mood Disorders","Hospitalization",2010,14,6,"N INLAND",3,"Suburban Area",6,"Highest Income",3,"Supervisorial District 3",250,234.649246306621,246.786702985879,133,258.267471891567,117,212.553365428286,196,312.809218296147,6,235.571260306243,10,93.8526513374003,19,74.0769620647979,11,218.557520365587,28,124.810555406972,70,611.620795107034,61,197.827144478677,67,231.449495647368,24,186.335403726708
"979","OCEANSIDE",754,"Overall, concentrated, and child (0 to 18 years of age) poverty rate","2006-2010",9,"Total","CT","06073016606","0166.06","San Diego","06073",NA,NA,"Overall",3191,245.707,7.7,0,15.8021277,4.1337386,53.6849169,NA,0.5620438,"no",41661.5034577,166.06,"Mood Disorders","Hospitalization",2010,42,1,"N COASTAL",3,"Suburban Area",3,"Moderately Low Income",5,"Supervisorial District 5",556,348.109191084398,343.202453084544,221,278.843242152014,335,416.335255517996,410,552.248053662348,30,432.463600980251,71,118.532863653817,11,89.7666068222621,18,281.778334376957,52,161.822368830522,137,540.26342771512,156,349.258944163346,168,429.403946426746,43,233.214014535199
"980","OCEANSIDE",754,"Overall, concentrated, and child (0 to 18 years of age) poverty rate","2006-2010",9,"Total","CT","06073015602","0156.02","San Diego","06073",NA,NA,"Child",630,22.68,3.6,0,10.5106383,3.5258359,97.9398852,NA,0.1884817,"no",41661.5034577,156.02,"Mood Disorders","Hospitalization",2010,42,1,"N COASTAL",3,"Suburban Area",3,"Moderately Low Income",5,"Supervisorial District 5",556,348.109191084398,343.202453084544,221,278.843242152014,335,416.335255517996,410,552.248053662348,30,432.463600980251,71,118.532863653817,11,89.7666068222621,18,281.778334376957,52,161.822368830522,137,540.26342771512,156,349.258944163346,168,429.403946426746,43,233.214014535199
"981","OCEANSIDE",754,"Overall, concentrated, and child (0 to 18 years of age) poverty rate","2006-2010",9,"Total","CT","06073015602","0156.02","San Diego","06073",NA,NA,"Overall",2562,53.802,2.1,0,4.6021277,1.2765957,60.7902736,NA,0.1532847,"no",41661.5034577,156.02,"Mood Disorders","Hospitalization",2010,42,1,"N COASTAL",3,"Suburban Area",3,"Moderately Low Income",5,"Supervisorial District 5",556,348.109191084398,343.202453084544,221,278.843242152014,335,416.335255517996,410,552.248053662348,30,432.463600980251,71,118.532863653817,11,89.7666068222621,18,281.778334376957,52,161.822368830522,137,540.26342771512,156,349.258944163346,168,429.403946426746,43,233.214014535199
"982","OCEANSIDE",754,"Overall, concentrated, and child (0 to 18 years of age) poverty rate","2006-2010",9,"Total","CT","06073015601","0156.01","San Diego","06073",NA,NA,"Overall",5891,807.067,13.7,6.193617,21.206383,3.8297872,27.9546513,NA,1,"no",41661.5034577,156.01,"Mood Disorders","Hospitalization",2010,42,1,"N COASTAL",3,"Suburban Area",3,"Moderately Low Income",5,"Supervisorial District 5",556,348.109191084398,343.202453084544,221,278.843242152014,335,416.335255517996,410,552.248053662348,30,432.463600980251,71,118.532863653817,11,89.7666068222621,18,281.778334376957,52,161.822368830522,137,540.26342771512,156,349.258944163346,168,429.403946426746,43,233.214014535199
"983","OCEANSIDE",754,"Overall, concentrated, and child (0 to 18 years of age) poverty rate","2006-2010",9,"Total","CT","06073016606","0166.06","San Diego","06073",NA,NA,"Child",696,89.784,12.9,0,28.8659574,8.1458967,63.1464857,NA,0.6753927,"no",41661.5034577,166.06,"Mood Disorders","Hospitalization",2010,42,1,"N COASTAL",3,"Suburban Area",3,"Moderately Low Income",5,"Supervisorial District 5",556,348.109191084398,343.202453084544,221,278.843242152014,335,416.335255517996,410,552.248053662348,30,432.463600980251,71,118.532863653817,11,89.7666068222621,18,281.778334376957,52,161.822368830522,137,540.26342771512,156,349.258944163346,168,429.403946426746,43,233.214014535199
"984","OCEANSIDE",754,"Overall, concentrated, and child (0 to 18 years of age) poverty rate","2006-2010",9,"Total","CT","06073014901","0149.01","San Diego","06073",NA,NA,"Child",780,0,0,0,5.9574468,3.0395137,NA,NA,0,"no",41661.5034577,149.01,"Mood Disorders","Hospitalization",2010,42,1,"N COASTAL",3,"Suburban Area",3,"Moderately Low Income",5,"Supervisorial District 5",556,348.109191084398,343.202453084544,221,278.843242152014,335,416.335255517996,410,552.248053662348,30,432.463600980251,71,118.532863653817,11,89.7666068222621,18,281.778334376957,52,161.822368830522,137,540.26342771512,156,349.258944163346,168,429.403946426746,43,233.214014535199
"985","OCEANSIDE",754,"Overall, concentrated, and child (0 to 18 years of age) poverty rate","2006-2010",9,"Total","CT","06073014805","0148.05","San Diego","06073",NA,NA,"Overall",4311,551.808,12.8,5.1744681,20.4255319,3.8905775,30.3951368,NA,0.9343066,"no",41661.5034577,148.05,"Mood Disorders","Hospitalization",2010,42,1,"N COASTAL",3,"Suburban Area",3,"Moderately Low Income",5,"Supervisorial District 5",556,348.109191084398,343.202453084544,221,278.843242152014,335,416.335255517996,410,552.248053662348,30,432.463600980251,71,118.532863653817,11,89.7666068222621,18,281.778334376957,52,161.822368830522,137,540.26342771512,156,349.258944163346,168,429.403946426746,43,233.214014535199
"986","OCEANSIDE",754,"Overall, concentrated, and child (0 to 18 years of age) poverty rate","2006-2010",9,"Total","CT","06073016701","0167.01","San Diego","06073",NA,NA,"Overall",8543,615.096,7.2,3.6255319,10.7744681,1.8237082,25.3292806,NA,0.5255474,"no",41661.5034577,167.01,"Mood Disorders","Hospitalization",2010,42,1,"N COASTAL",3,"Suburban Area",3,"Moderately Low Income",5,"Supervisorial District 5",556,348.109191084398,343.202453084544,221,278.843242152014,335,416.335255517996,410,552.248053662348,30,432.463600980251,71,118.532863653817,11,89.7666068222621,18,281.778334376957,52,161.822368830522,137,540.26342771512,156,349.258944163346,168,429.403946426746,43,233.214014535199
"987","OCEANSIDE",754,"Overall, concentrated, and child (0 to 18 years of age) poverty rate","2006-2010",9,"Total","CT","06073016605","0166.05","San Diego","06073",NA,NA,"Overall",7258,464.512,6.4,1.6340426,11.1659574,2.4316109,37.993921,NA,0.4671533,"no",41661.5034577,166.05,"Mood Disorders","Hospitalization",2010,42,1,"N COASTAL",3,"Suburban Area",3,"Moderately Low Income",5,"Supervisorial District 5",556,348.109191084398,343.202453084544,221,278.843242152014,335,416.335255517996,410,552.248053662348,30,432.463600980251,71,118.532863653817,11,89.7666068222621,18,281.778334376957,52,161.822368830522,137,540.26342771512,156,349.258944163346,168,429.403946426746,43,233.214014535199
"988","OCEANSIDE",754,"Overall, concentrated, and child (0 to 18 years of age) poverty rate","2006-2010",9,"Total","CT","06073016702","0167.02","San Diego","06073",NA,NA,"Child",1458,173.502,11.9,0,27.9851064,8.2066869,68.9637557,NA,0.6230366,"no",41661.5034577,167.02,"Mood Disorders","Hospitalization",2010,42,1,"N COASTAL",3,"Suburban Area",3,"Moderately Low Income",5,"Supervisorial District 5",556,348.109191084398,343.202453084544,221,278.843242152014,335,416.335255517996,410,552.248053662348,30,432.463600980251,71,118.532863653817,11,89.7666068222621,18,281.778334376957,52,161.822368830522,137,540.26342771512,156,349.258944163346,168,429.403946426746,43,233.214014535199
"989","OCEANSIDE",754,"Overall, concentrated, and child (0 to 18 years of age) poverty rate","2006-2010",9,"Total","CT","06073017104","0171.04","San Diego","06073",NA,NA,"Overall",3950,323.9,8.2,1.7659574,14.6340426,3.2826748,40.0326192,NA,0.5985401,"no",41661.5034577,171.04,"Mood Disorders","Hospitalization",2010,42,1,"N COASTAL",3,"Suburban Area",3,"Moderately Low Income",5,"Supervisorial District 5",556,348.109191084398,343.202453084544,221,278.843242152014,335,416.335255517996,410,552.248053662348,30,432.463600980251,71,118.532863653817,11,89.7666068222621,18,281.778334376957,52,161.822368830522,137,540.26342771512,156,349.258944163346,168,429.403946426746,43,233.214014535199
"990","OCEANSIDE",754,"Overall, concentrated, and child (0 to 18 years of age) poverty rate","2006-2010",9,"Total","CT","06073014901","0149.01","San Diego","06073",NA,NA,"Overall",4103,131.296,3.2,0.4595745,5.9404255,1.3981763,43.6930091,NA,0.2335766,"no",41661.5034577,149.01,"Mood Disorders","Hospitalization",2010,42,1,"N COASTAL",3,"Suburban Area",3,"Moderately Low Income",5,"Supervisorial District 5",556,348.109191084398,343.202453084544,221,278.843242152014,335,416.335255517996,410,552.248053662348,30,432.463600980251,71,118.532863653817,11,89.7666068222621,18,281.778334376957,52,161.822368830522,137,540.26342771512,156,349.258944163346,168,429.403946426746,43,233.214014535199
"991","OCEANSIDE",754,"Overall, concentrated, and child (0 to 18 years of age) poverty rate","2006-2010",9,"Total","CT","06073014806","0148.06","San Diego","06073",NA,NA,"Overall",2387,716.1,30,20.587234,39.412766,4.8024316,16.0081054,NA,2.189781,"no",41661.5034577,148.06,"Mood Disorders","Hospitalization",2010,42,1,"N COASTAL",3,"Suburban Area",3,"Moderately Low Income",5,"Supervisorial District 5",556,348.109191084398,343.202453084544,221,278.843242152014,335,416.335255517996,410,552.248053662348,30,432.463600980251,71,118.532863653817,11,89.7666068222621,18,281.778334376957,52,161.822368830522,137,540.26342771512,156,349.258944163346,168,429.403946426746,43,233.214014535199
"992","OCEANSIDE",754,"Overall, concentrated, and child (0 to 18 years of age) poverty rate","2006-2010",9,"Total","CT","06073016202","0162.02","San Diego","06073",NA,NA,"Child",626,43.194,6.9,0,16.312766,4.8024316,69.6004581,NA,0.3612565,"no",41661.5034577,162.02,"Mood Disorders","Hospitalization",2010,42,1,"N COASTAL",3,"Suburban Area",3,"Moderately Low Income",5,"Supervisorial District 5",556,348.109191084398,343.202453084544,221,278.843242152014,335,416.335255517996,410,552.248053662348,30,432.463600980251,71,118.532863653817,11,89.7666068222621,18,281.778334376957,52,161.822368830522,137,540.26342771512,156,349.258944163346,168,429.403946426746,43,233.214014535199
"993","OCEANSIDE",754,"Overall, concentrated, and child (0 to 18 years of age) poverty rate","2006-2010",9,"Total","CT","06073016616","0166.16","San Diego","06073",NA,NA,"Child",959,134.26,14,0,28.6553191,7.4772036,53.4085975,NA,0.7329843,"no",41661.5034577,166.16,"Mood Disorders","Hospitalization",2010,42,1,"N COASTAL",3,"Suburban Area",3,"Moderately Low Income",5,"Supervisorial District 5",556,348.109191084398,343.202453084544,221,278.843242152014,335,416.335255517996,410,552.248053662348,30,432.463600980251,71,118.532863653817,11,89.7666068222621,18,281.778334376957,52,161.822368830522,137,540.26342771512,156,349.258944163346,168,429.403946426746,43,233.214014535199
"994","OCEANSIDE",754,"Overall, concentrated, and child (0 to 18 years of age) poverty rate","2006-2010",9,"Total","CT","06073015801","0158.01","San Diego","06073",NA,NA,"Overall",3520,1168.64,33.2,19.3787234,47.0212766,7.0516717,21.2399751,NA,2.4233577,"no",41661.5034577,158.01,"Mood Disorders","Hospitalization",2010,42,1,"N COASTAL",3,"Suburban Area",3,"Moderately Low Income",5,"Supervisorial District 5",556,348.109191084398,343.202453084544,221,278.843242152014,335,416.335255517996,410,552.248053662348,30,432.463600980251,71,118.532863653817,11,89.7666068222621,18,281.778334376957,52,161.822368830522,137,540.26342771512,156,349.258944163346,168,429.403946426746,43,233.214014535199
"995","OCEANSIDE",754,"Overall, concentrated, and child (0 to 18 years of age) poverty rate","2006-2010",9,"Total","CT","06073017104","0171.04","San Diego","06073",NA,NA,"Child",932,33.552,3.6,0,11.106383,3.8297872,106.3829787,NA,0.1884817,"no",41661.5034577,171.04,"Mood Disorders","Hospitalization",2010,42,1,"N COASTAL",3,"Suburban Area",3,"Moderately Low Income",5,"Supervisorial District 5",556,348.109191084398,343.202453084544,221,278.843242152014,335,416.335255517996,410,552.248053662348,30,432.463600980251,71,118.532863653817,11,89.7666068222621,18,281.778334376957,52,161.822368830522,137,540.26342771512,156,349.258944163346,168,429.403946426746,43,233.214014535199
"996","OCEANSIDE",754,"Overall, concentrated, and child (0 to 18 years of age) poverty rate","2006-2010",9,"Total","CT","06073016610","0166.10","San Diego","06073",NA,NA,"Overall",3968,31.744,0.8,0,1.7531915,0.4863222,60.7902736,NA,0.0583942,"no",41661.5034577,166.1,"Mood Disorders","Hospitalization",2010,42,1,"N COASTAL",3,"Suburban Area",3,"Moderately Low Income",5,"Supervisorial District 5",556,348.109191084398,343.202453084544,221,278.843242152014,335,416.335255517996,410,552.248053662348,30,432.463600980251,71,118.532863653817,11,89.7666068222621,18,281.778334376957,52,161.822368830522,137,540.26342771512,156,349.258944163346,168,429.403946426746,43,233.214014535199
"997","OCEANSIDE",754,"Overall, concentrated, and child (0 to 18 years of age) poverty rate","2006-2010",9,"Total","CT","06073015100","0151.00","San Diego","06073",NA,NA,"Child",1036,13.468,1.3,0,4.5170213,1.6413374,126.256722,NA,0.0680628,"no",41661.5034577,151,"Mood Disorders","Hospitalization",2010,42,1,"N COASTAL",3,"Suburban Area",3,"Moderately Low Income",5,"Supervisorial District 5",556,348.109191084398,343.202453084544,221,278.843242152014,335,416.335255517996,410,552.248053662348,30,432.463600980251,71,118.532863653817,11,89.7666068222621,18,281.778334376957,52,161.822368830522,137,540.26342771512,156,349.258944163346,168,429.403946426746,43,233.214014535199
"998","OCEANSIDE",754,"Overall, concentrated, and child (0 to 18 years of age) poverty rate","2006-2010",9,"Total","CT","06073016612","0166.12","San Diego","06073",NA,NA,"Child",1386,66.528,4.8,0,11.7106383,3.5258359,73.4549139,NA,0.2513089,"no",41661.5034577,166.12,"Mood Disorders","Hospitalization",2010,42,1,"N COASTAL",3,"Suburban Area",3,"Moderately Low Income",5,"Supervisorial District 5",556,348.109191084398,343.202453084544,221,278.843242152014,335,416.335255517996,410,552.248053662348,30,432.463600980251,71,118.532863653817,11,89.7666068222621,18,281.778334376957,52,161.822368830522,137,540.26342771512,156,349.258944163346,168,429.403946426746,43,233.214014535199
"999","OCEANSIDE",754,"Overall, concentrated, and child (0 to 18 years of age) poverty rate","2006-2010",9,"Total","CT","06073014806","0148.06","San Diego","06073",NA,NA,"Child",382,224.998,58.9,34.8319149,82.9680851,12.2796353,20.8482772,NA,3.0837696,"no",41661.5034577,148.06,"Mood Disorders","Hospitalization",2010,42,1,"N COASTAL",3,"Suburban Area",3,"Moderately Low Income",5,"Supervisorial District 5",556,348.109191084398,343.202453084544,221,278.843242152014,335,416.335255517996,410,552.248053662348,30,432.463600980251,71,118.532863653817,11,89.7666068222621,18,281.778334376957,52,161.822368830522,137,540.26342771512,156,349.258944163346,168,429.403946426746,43,233.214014535199
"1000","OCEANSIDE",754,"Overall, concentrated, and child (0 to 18 years of age) poverty rate","2006-2010",9,"Total","CT","06073015200","0152.00","San Diego","06073",NA,NA,"Overall",3800,34.2,0.9,0.0659574,1.7340426,0.4255319,47.2813239,NA,0.0656934,"no",41661.5034577,152,"Mood Disorders","Hospitalization",2010,42,1,"N COASTAL",3,"Suburban Area",3,"Moderately Low Income",5,"Supervisorial District 5",556,348.109191084398,343.202453084544,221,278.843242152014,335,416.335255517996,410,552.248053662348,30,432.463600980251,71,118.532863653817,11,89.7666068222621,18,281.778334376957,52,161.822368830522,137,540.26342771512,156,349.258944163346,168,429.403946426746,43,233.214014535199
"1001","OCEANSIDE",754,"Overall, concentrated, and child (0 to 18 years of age) poverty rate","2006-2010",9,"Total","CT","06073015301","0153.01","San Diego","06073",NA,NA,"Child",1217,575.641,47.3,28.4744681,66.1255319,9.6048632,20.3062647,NA,2.4764398,"no",41661.5034577,153.01,"Mood Disorders","Hospitalization",2010,42,1,"N COASTAL",3,"Suburban Area",3,"Moderately Low Income",5,"Supervisorial District 5",556,348.109191084398,343.202453084544,221,278.843242152014,335,416.335255517996,410,552.248053662348,30,432.463600980251,71,118.532863653817,11,89.7666068222621,18,281.778334376957,52,161.822368830522,137,540.26342771512,156,349.258944163346,168,429.403946426746,43,233.214014535199
"1002","OCEANSIDE",754,"Overall, concentrated, and child (0 to 18 years of age) poverty rate","2006-2010",9,"Total","CT","06073016402","0164.02","San Diego","06073",NA,NA,"Child",1873,717.359,38.3,20.1893617,56.4106383,9.2401216,24.1256438,NA,2.0052356,"no",41661.5034577,164.02,"Mood Disorders","Hospitalization",2010,42,1,"N COASTAL",3,"Suburban Area",3,"Moderately Low Income",5,"Supervisorial District 5",556,348.109191084398,343.202453084544,221,278.843242152014,335,416.335255517996,410,552.248053662348,30,432.463600980251,71,118.532863653817,11,89.7666068222621,18,281.778334376957,52,161.822368830522,137,540.26342771512,156,349.258944163346,168,429.403946426746,43,233.214014535199
"1003","OCEANSIDE",754,"Overall, concentrated, and child (0 to 18 years of age) poverty rate","2006-2010",9,"Total","CT","06073016201","0162.01","San Diego","06073",NA,NA,"Child",1624,222.488,13.7,0,30.8574468,8.7537994,63.8963459,NA,0.7172775,"no",41661.5034577,162.01,"Mood Disorders","Hospitalization",2010,42,1,"N COASTAL",3,"Suburban Area",3,"Moderately Low Income",5,"Supervisorial District 5",556,348.109191084398,343.202453084544,221,278.843242152014,335,416.335255517996,410,552.248053662348,30,432.463600980251,71,118.532863653817,11,89.7666068222621,18,281.778334376957,52,161.822368830522,137,540.26342771512,156,349.258944163346,168,429.403946426746,43,233.214014535199
"1004","OCEANSIDE",754,"Overall, concentrated, and child (0 to 18 years of age) poverty rate","2006-2010",9,"Total","CT","06073015802","0158.02","San Diego","06073",NA,NA,"Child",1212,483.588,39.9,18.8106383,60.9893617,10.7598784,26.9671138,NA,2.0890052,"no",41661.5034577,158.02,"Mood Disorders","Hospitalization",2010,42,1,"N COASTAL",3,"Suburban Area",3,"Moderately Low Income",5,"Supervisorial District 5",556,348.109191084398,343.202453084544,221,278.843242152014,335,416.335255517996,410,552.248053662348,30,432.463600980251,71,118.532863653817,11,89.7666068222621,18,281.778334376957,52,161.822368830522,137,540.26342771512,156,349.258944163346,168,429.403946426746,43,233.214014535199
"1005","OCEANSIDE",754,"Overall, concentrated, and child (0 to 18 years of age) poverty rate","2006-2010",9,"Total","CT","06073014804","0148.04","San Diego","06073",NA,NA,"Overall",4397,400.127,9.1,3.5,14.7,2.8571429,31.3971743,NA,0.6642336,"no",41661.5034577,148.04,"Mood Disorders","Hospitalization",2010,42,1,"N COASTAL",3,"Suburban Area",3,"Moderately Low Income",5,"Supervisorial District 5",556,348.109191084398,343.202453084544,221,278.843242152014,335,416.335255517996,410,552.248053662348,30,432.463600980251,71,118.532863653817,11,89.7666068222621,18,281.778334376957,52,161.822368830522,137,540.26342771512,156,349.258944163346,168,429.403946426746,43,233.214014535199
"1006","OCEANSIDE",754,"Overall, concentrated, and child (0 to 18 years of age) poverty rate","2006-2010",9,"Total","CT","06073016608","0166.08","San Diego","06073",NA,NA,"Overall",2503,92.611,3.7,0.3638298,7.0361702,1.7021277,46.0034503,NA,0.270073,"no",41661.5034577,166.08,"Mood Disorders","Hospitalization",2010,42,1,"N COASTAL",3,"Suburban Area",3,"Moderately Low Income",5,"Supervisorial District 5",556,348.109191084398,343.202453084544,221,278.843242152014,335,416.335255517996,410,552.248053662348,30,432.463600980251,71,118.532863653817,11,89.7666068222621,18,281.778334376957,52,161.822368830522,137,540.26342771512,156,349.258944163346,168,429.403946426746,43,233.214014535199
"1007","OCEANSIDE",754,"Overall, concentrated, and child (0 to 18 years of age) poverty rate","2006-2010",9,"Total","CT","06073015406","0154.06","San Diego","06073",NA,NA,"Overall",2619,41.904,1.6,0,3.6255319,1.0334347,64.5896657,NA,0.1167883,"no",41661.5034577,154.06,"Mood Disorders","Hospitalization",2010,42,1,"N COASTAL",3,"Suburban Area",3,"Moderately Low Income",5,"Supervisorial District 5",556,348.109191084398,343.202453084544,221,278.843242152014,335,416.335255517996,410,552.248053662348,30,432.463600980251,71,118.532863653817,11,89.7666068222621,18,281.778334376957,52,161.822368830522,137,540.26342771512,156,349.258944163346,168,429.403946426746,43,233.214014535199
"1008","OCEANSIDE",754,"Overall, concentrated, and child (0 to 18 years of age) poverty rate","2006-2010",9,"Total","CT","06073016100","0161.00","San Diego","06073",NA,NA,"Child",1206,0,0,0,3.9319149,2.006079,NA,NA,0,"no",41661.5034577,161,"Mood Disorders","Hospitalization",2010,42,1,"N COASTAL",3,"Suburban Area",3,"Moderately Low Income",5,"Supervisorial District 5",556,348.109191084398,343.202453084544,221,278.843242152014,335,416.335255517996,410,552.248053662348,30,432.463600980251,71,118.532863653817,11,89.7666068222621,18,281.778334376957,52,161.822368830522,137,540.26342771512,156,349.258944163346,168,429.403946426746,43,233.214014535199
"1009","OCEANSIDE",754,"Overall, concentrated, and child (0 to 18 years of age) poverty rate","2006-2010",9,"Total","CT","06073017056","0170.56","San Diego","06073",NA,NA,"Overall",4020,277.38,6.9,1.4191489,12.3808511,2.7963526,40.526849,NA,0.5036496,"no",41661.5034577,170.56,"Mood Disorders","Hospitalization",2010,42,1,"N COASTAL",3,"Suburban Area",3,"Moderately Low Income",5,"Supervisorial District 5",556,348.109191084398,343.202453084544,221,278.843242152014,335,416.335255517996,410,552.248053662348,30,432.463600980251,71,118.532863653817,11,89.7666068222621,18,281.778334376957,52,161.822368830522,137,540.26342771512,156,349.258944163346,168,429.403946426746,43,233.214014535199
"1010","OCEANSIDE",754,"Overall, concentrated, and child (0 to 18 years of age) poverty rate","2006-2010",9,"Total","CT","06073016503","0165.03","San Diego","06073",NA,NA,"Child",611,122.811,20.1,0,43.2148936,11.7933131,58.6731994,NA,1.052356,"no",41661.5034577,165.03,"Mood Disorders","Hospitalization",2010,42,1,"N COASTAL",3,"Suburban Area",3,"Moderately Low Income",5,"Supervisorial District 5",556,348.109191084398,343.202453084544,221,278.843242152014,335,416.335255517996,410,552.248053662348,30,432.463600980251,71,118.532863653817,11,89.7666068222621,18,281.778334376957,52,161.822368830522,137,540.26342771512,156,349.258944163346,168,429.403946426746,43,233.214014535199
"1011","OCEANSIDE",754,"Overall, concentrated, and child (0 to 18 years of age) poverty rate","2006-2010",9,"Total","CT","06073016201","0162.01","San Diego","06073",NA,NA,"Overall",6245,380.945,6.1,0,12.6531915,3.343465,54.8109024,NA,0.4452555,"no",41661.5034577,162.01,"Mood Disorders","Hospitalization",2010,42,1,"N COASTAL",3,"Suburban Area",3,"Moderately Low Income",5,"Supervisorial District 5",556,348.109191084398,343.202453084544,221,278.843242152014,335,416.335255517996,410,552.248053662348,30,432.463600980251,71,118.532863653817,11,89.7666068222621,18,281.778334376957,52,161.822368830522,137,540.26342771512,156,349.258944163346,168,429.403946426746,43,233.214014535199
"1012","OCEANSIDE",754,"Overall, concentrated, and child (0 to 18 years of age) poverty rate","2006-2010",9,"Total","CT","06073015501","0155.01","San Diego","06073",NA,NA,"Child",1092,27.3,2.5,0,8.2191489,2.9179331,116.7173252,NA,0.1308901,"no",41661.5034577,155.01,"Mood Disorders","Hospitalization",2010,42,1,"N COASTAL",3,"Suburban Area",3,"Moderately Low Income",5,"Supervisorial District 5",556,348.109191084398,343.202453084544,221,278.843242152014,335,416.335255517996,410,552.248053662348,30,432.463600980251,71,118.532863653817,11,89.7666068222621,18,281.778334376957,52,161.822368830522,137,540.26342771512,156,349.258944163346,168,429.403946426746,43,233.214014535199
"1013","OCEANSIDE",754,"Overall, concentrated, and child (0 to 18 years of age) poverty rate","2006-2010",9,"Total","CT","06073016610","0166.10","San Diego","06073",NA,NA,"Child",1093,0,0,0,4.4085106,2.2492401,NA,NA,0,"no",41661.5034577,166.1,"Mood Disorders","Hospitalization",2010,42,1,"N COASTAL",3,"Suburban Area",3,"Moderately Low Income",5,"Supervisorial District 5",556,348.109191084398,343.202453084544,221,278.843242152014,335,416.335255517996,410,552.248053662348,30,432.463600980251,71,118.532863653817,11,89.7666068222621,18,281.778334376957,52,161.822368830522,137,540.26342771512,156,349.258944163346,168,429.403946426746,43,233.214014535199
"1014","OCEANSIDE",754,"Overall, concentrated, and child (0 to 18 years of age) poverty rate","2006-2010",9,"Total","CT","06073016609","0166.09","San Diego","06073",NA,NA,"Child",1516,153.116,10.1,1.7595745,18.4404255,4.2553191,42.1318728,NA,0.5287958,"no",41661.5034577,166.09,"Mood Disorders","Hospitalization",2010,42,1,"N COASTAL",3,"Suburban Area",3,"Moderately Low Income",5,"Supervisorial District 5",556,348.109191084398,343.202453084544,221,278.843242152014,335,416.335255517996,410,552.248053662348,30,432.463600980251,71,118.532863653817,11,89.7666068222621,18,281.778334376957,52,161.822368830522,137,540.26342771512,156,349.258944163346,168,429.403946426746,43,233.214014535199
"1015","OCEANSIDE",754,"Overall, concentrated, and child (0 to 18 years of age) poverty rate","2006-2010",9,"Total","CT","06073016607","0166.07","San Diego","06073",NA,NA,"Child",1727,134.706,7.8,0,18.4042553,5.4103343,69.3632609,NA,0.408377,"no",41661.5034577,166.07,"Mood Disorders","Hospitalization",2010,42,1,"N COASTAL",3,"Suburban Area",3,"Moderately Low Income",5,"Supervisorial District 5",556,348.109191084398,343.202453084544,221,278.843242152014,335,416.335255517996,410,552.248053662348,30,432.463600980251,71,118.532863653817,11,89.7666068222621,18,281.778334376957,52,161.822368830522,137,540.26342771512,156,349.258944163346,168,429.403946426746,43,233.214014535199
"1016","OCEANSIDE",754,"Overall, concentrated, and child (0 to 18 years of age) poverty rate","2006-2010",9,"Total","CT","06073015704","0157.04","San Diego","06073",NA,NA,"Child",1255,173.19,13.8,3.4340426,24.1659574,5.2887538,38.3243029,NA,0.7225131,"no",41661.5034577,157.04,"Mood Disorders","Hospitalization",2010,42,1,"N COASTAL",3,"Suburban Area",3,"Moderately Low Income",5,"Supervisorial District 5",556,348.109191084398,343.202453084544,221,278.843242152014,335,416.335255517996,410,552.248053662348,30,432.463600980251,71,118.532863653817,11,89.7666068222621,18,281.778334376957,52,161.822368830522,137,540.26342771512,156,349.258944163346,168,429.403946426746,43,233.214014535199
"1017","OCEANSIDE",754,"Overall, concentrated, and child (0 to 18 years of age) poverty rate","2006-2010",9,"Total","CT","06073016615","0166.15","San Diego","06073",NA,NA,"Overall",3915,203.58,5.2,0,10.5617021,2.7355623,52.6069675,NA,0.379562,"no",41661.5034577,166.15,"Mood Disorders","Hospitalization",2010,42,1,"N COASTAL",3,"Suburban Area",3,"Moderately Low Income",5,"Supervisorial District 5",556,348.109191084398,343.202453084544,221,278.843242152014,335,416.335255517996,410,552.248053662348,30,432.463600980251,71,118.532863653817,11,89.7666068222621,18,281.778334376957,52,161.822368830522,137,540.26342771512,156,349.258944163346,168,429.403946426746,43,233.214014535199
"1018","OCEANSIDE",754,"Overall, concentrated, and child (0 to 18 years of age) poverty rate","2006-2010",9,"Total","CT","06073016609","0166.09","San Diego","06073",NA,NA,"Overall",4989,344.241,6.9,2.4914894,11.3085106,2.2492401,32.5976829,NA,0.5036496,"no",41661.5034577,166.09,"Mood Disorders","Hospitalization",2010,42,1,"N COASTAL",3,"Suburban Area",3,"Moderately Low Income",5,"Supervisorial District 5",556,348.109191084398,343.202453084544,221,278.843242152014,335,416.335255517996,410,552.248053662348,30,432.463600980251,71,118.532863653817,11,89.7666068222621,18,281.778334376957,52,161.822368830522,137,540.26342771512,156,349.258944163346,168,429.403946426746,43,233.214014535199
"1019","OCEANSIDE",754,"Overall, concentrated, and child (0 to 18 years of age) poverty rate","2006-2010",9,"Total","CT","06073017054","0170.54","San Diego","06073",NA,NA,"Overall",6073,127.533,2.1,0.5510638,3.6489362,0.7902736,37.6320741,NA,0.1532847,"no",41661.5034577,170.54,"Mood Disorders","Hospitalization",2010,42,1,"N COASTAL",3,"Suburban Area",3,"Moderately Low Income",5,"Supervisorial District 5",556,348.109191084398,343.202453084544,221,278.843242152014,335,416.335255517996,410,552.248053662348,30,432.463600980251,71,118.532863653817,11,89.7666068222621,18,281.778334376957,52,161.822368830522,137,540.26342771512,156,349.258944163346,168,429.403946426746,43,233.214014535199
"1020","OCEANSIDE",754,"Overall, concentrated, and child (0 to 18 years of age) poverty rate","2006-2010",9,"Total","CT","06073015701","0157.01","San Diego","06073",NA,NA,"Overall",5622,1849.638,32.9,22.2957447,43.5042553,5.4103343,16.4447852,NA,2.4014599,"no",41661.5034577,157.01,"Mood Disorders","Hospitalization",2010,42,1,"N COASTAL",3,"Suburban Area",3,"Moderately Low Income",5,"Supervisorial District 5",556,348.109191084398,343.202453084544,221,278.843242152014,335,416.335255517996,410,552.248053662348,30,432.463600980251,71,118.532863653817,11,89.7666068222621,18,281.778334376957,52,161.822368830522,137,540.26342771512,156,349.258944163346,168,429.403946426746,43,233.214014535199
"1021","OCEANSIDE",754,"Overall, concentrated, and child (0 to 18 years of age) poverty rate","2006-2010",9,"Total","CT","06073017056","0170.56","San Diego","06073",NA,NA,"Child",1022,87.892,8.6,0,18.7276596,5.1671733,60.0834099,NA,0.4502618,"no",41661.5034577,170.56,"Mood Disorders","Hospitalization",2010,42,1,"N COASTAL",3,"Suburban Area",3,"Moderately Low Income",5,"Supervisorial District 5",556,348.109191084398,343.202453084544,221,278.843242152014,335,416.335255517996,410,552.248053662348,30,432.463600980251,71,118.532863653817,11,89.7666068222621,18,281.778334376957,52,161.822368830522,137,540.26342771512,156,349.258944163346,168,429.403946426746,43,233.214014535199
"1022","OCEANSIDE",754,"Overall, concentrated, and child (0 to 18 years of age) poverty rate","2006-2010",9,"Total","CT","06073016100","0161.00","San Diego","06073",NA,NA,"Overall",5958,321.732,5.4,1.587234,9.212766,1.9452888,36.0238658,NA,0.3941606,"no",41661.5034577,161,"Mood Disorders","Hospitalization",2010,42,1,"N COASTAL",3,"Suburban Area",3,"Moderately Low Income",5,"Supervisorial District 5",556,348.109191084398,343.202453084544,221,278.843242152014,335,416.335255517996,410,552.248053662348,30,432.463600980251,71,118.532863653817,11,89.7666068222621,18,281.778334376957,52,161.822368830522,137,540.26342771512,156,349.258944163346,168,429.403946426746,43,233.214014535199
"1023","OCEANSIDE",754,"Overall, concentrated, and child (0 to 18 years of age) poverty rate","2006-2010",9,"Total","CT","06073016617","0166.17","San Diego","06073",NA,NA,"Overall",2777,138.85,5,2.2595745,7.7404255,1.3981763,27.9635258,NA,0.3649635,"no",41661.5034577,166.17,"Mood Disorders","Hospitalization",2010,42,1,"N COASTAL",3,"Suburban Area",3,"Moderately Low Income",5,"Supervisorial District 5",556,348.109191084398,343.202453084544,221,278.843242152014,335,416.335255517996,410,552.248053662348,30,432.463600980251,71,118.532863653817,11,89.7666068222621,18,281.778334376957,52,161.822368830522,137,540.26342771512,156,349.258944163346,168,429.403946426746,43,233.214014535199
"1024","OCEANSIDE",754,"Overall, concentrated, and child (0 to 18 years of age) poverty rate","2006-2010",9,"Total","CT","06073016701","0167.01","San Diego","06073",NA,NA,"Child",2368,99.456,4.2,0.6255319,7.7744681,1.8237082,43.421624,NA,0.2198953,"no",41661.5034577,167.01,"Mood Disorders","Hospitalization",2010,42,1,"N COASTAL",3,"Suburban Area",3,"Moderately Low Income",5,"Supervisorial District 5",556,348.109191084398,343.202453084544,221,278.843242152014,335,416.335255517996,410,552.248053662348,30,432.463600980251,71,118.532863653817,11,89.7666068222621,18,281.778334376957,52,161.822368830522,137,540.26342771512,156,349.258944163346,168,429.403946426746,43,233.214014535199
"1025","OCEANSIDE",754,"Overall, concentrated, and child (0 to 18 years of age) poverty rate","2006-2010",9,"Total","CT","06073015100","0151.00","San Diego","06073",NA,NA,"Overall",4704,319.872,6.8,3.106383,10.493617,1.8844985,27.7132129,NA,0.4963504,"no",41661.5034577,151,"Mood Disorders","Hospitalization",2010,42,1,"N COASTAL",3,"Suburban Area",3,"Moderately Low Income",5,"Supervisorial District 5",556,348.109191084398,343.202453084544,221,278.843242152014,335,416.335255517996,410,552.248053662348,30,432.463600980251,71,118.532863653817,11,89.7666068222621,18,281.778334376957,52,161.822368830522,137,540.26342771512,156,349.258944163346,168,429.403946426746,43,233.214014535199
"1026","OCEANSIDE",754,"Overall, concentrated, and child (0 to 18 years of age) poverty rate","2006-2010",9,"Total","CT","06073016607","0166.07","San Diego","06073",NA,NA,"Overall",6579,407.898,6.2,1.6723404,10.7276596,2.3100304,37.2585548,NA,0.4525547,"no",41661.5034577,166.07,"Mood Disorders","Hospitalization",2010,42,1,"N COASTAL",3,"Suburban Area",3,"Moderately Low Income",5,"Supervisorial District 5",556,348.109191084398,343.202453084544,221,278.843242152014,335,416.335255517996,410,552.248053662348,30,432.463600980251,71,118.532863653817,11,89.7666068222621,18,281.778334376957,52,161.822368830522,137,540.26342771512,156,349.258944163346,168,429.403946426746,43,233.214014535199
"1027","OCEANSIDE",754,"Overall, concentrated, and child (0 to 18 years of age) poverty rate","2006-2010",9,"Total","CT","06073015000","0150.00","San Diego","06073",NA,NA,"Overall",5977,1291.032,21.6,13.0212766,30.1787234,4.3768997,20.2634245,NA,1.5766423,"no",41661.5034577,150,"Mood Disorders","Hospitalization",2010,42,1,"N COASTAL",3,"Suburban Area",3,"Moderately Low Income",5,"Supervisorial District 5",556,348.109191084398,343.202453084544,221,278.843242152014,335,416.335255517996,410,552.248053662348,30,432.463600980251,71,118.532863653817,11,89.7666068222621,18,281.778334376957,52,161.822368830522,137,540.26342771512,156,349.258944163346,168,429.403946426746,43,233.214014535199
"1028","OCEANSIDE",754,"Overall, concentrated, and child (0 to 18 years of age) poverty rate","2006-2010",9,"Total","CT","06073014805","0148.05","San Diego","06073",NA,NA,"Child",551,58.957,10.7,0,27.7382979,8.6930091,81.2430759,NA,0.5602094,"no",41661.5034577,148.05,"Mood Disorders","Hospitalization",2010,42,1,"N COASTAL",3,"Suburban Area",3,"Moderately Low Income",5,"Supervisorial District 5",556,348.109191084398,343.202453084544,221,278.843242152014,335,416.335255517996,410,552.248053662348,30,432.463600980251,71,118.532863653817,11,89.7666068222621,18,281.778334376957,52,161.822368830522,137,540.26342771512,156,349.258944163346,168,429.403946426746,43,233.214014535199
"1029","OCEANSIDE",754,"Overall, concentrated, and child (0 to 18 years of age) poverty rate","2006-2010",9,"Total","CT","06073016000","0160.00","San Diego","06073",NA,NA,"Overall",2713,425.941,15.7,4.1425532,27.2574468,5.8966565,37.5583219,NA,1.1459854,"no",41661.5034577,160,"Mood Disorders","Hospitalization",2010,42,1,"N COASTAL",3,"Suburban Area",3,"Moderately Low Income",5,"Supervisorial District 5",556,348.109191084398,343.202453084544,221,278.843242152014,335,416.335255517996,410,552.248053662348,30,432.463600980251,71,118.532863653817,11,89.7666068222621,18,281.778334376957,52,161.822368830522,137,540.26342771512,156,349.258944163346,168,429.403946426746,43,233.214014535199
"1030","OCEANSIDE",754,"Overall, concentrated, and child (0 to 18 years of age) poverty rate","2006-2010",9,"Total","CT","06073017055","0170.55","San Diego","06073",NA,NA,"Overall",5334,64.008,1.2,0,2.5106383,0.668693,55.7244174,NA,0.0875912,"no",41661.5034577,170.55,"Mood Disorders","Hospitalization",2010,42,1,"N COASTAL",3,"Suburban Area",3,"Moderately Low Income",5,"Supervisorial District 5",556,348.109191084398,343.202453084544,221,278.843242152014,335,416.335255517996,410,552.248053662348,30,432.463600980251,71,118.532863653817,11,89.7666068222621,18,281.778334376957,52,161.822368830522,137,540.26342771512,156,349.258944163346,168,429.403946426746,43,233.214014535199
"1031","OCEANSIDE",754,"Overall, concentrated, and child (0 to 18 years of age) poverty rate","2006-2010",9,"Total","CT","06073015406","0154.06","San Diego","06073",NA,NA,"Child",648,0,0,0,7.1489362,3.6474164,NA,NA,0,"no",41661.5034577,154.06,"Mood Disorders","Hospitalization",2010,42,1,"N COASTAL",3,"Suburban Area",3,"Moderately Low Income",5,"Supervisorial District 5",556,348.109191084398,343.202453084544,221,278.843242152014,335,416.335255517996,410,552.248053662348,30,432.463600980251,71,118.532863653817,11,89.7666068222621,18,281.778334376957,52,161.822368830522,137,540.26342771512,156,349.258944163346,168,429.403946426746,43,233.214014535199
"1032","OCEANSIDE",754,"Overall, concentrated, and child (0 to 18 years of age) poverty rate","2006-2010",9,"Total","CT","06073016608","0166.08","San Diego","06073",NA,NA,"Child",575,27.025,4.7,0,11.8489362,3.6474164,77.6046045,NA,0.2460733,"no",41661.5034577,166.08,"Mood Disorders","Hospitalization",2010,42,1,"N COASTAL",3,"Suburban Area",3,"Moderately Low Income",5,"Supervisorial District 5",556,348.109191084398,343.202453084544,221,278.843242152014,335,416.335255517996,410,552.248053662348,30,432.463600980251,71,118.532863653817,11,89.7666068222621,18,281.778334376957,52,161.822368830522,137,540.26342771512,156,349.258944163346,168,429.403946426746,43,233.214014535199
"1033","OCEANSIDE",754,"Overall, concentrated, and child (0 to 18 years of age) poverty rate","2006-2010",9,"Total","CT","06073016615","0166.15","San Diego","06073",NA,NA,"Child",692,18.684,2.7,0,7.4659574,2.4316109,90.0596645,NA,0.1413613,"no",41661.5034577,166.15,"Mood Disorders","Hospitalization",2010,42,1,"N COASTAL",3,"Suburban Area",3,"Moderately Low Income",5,"Supervisorial District 5",556,348.109191084398,343.202453084544,221,278.843242152014,335,416.335255517996,410,552.248053662348,30,432.463600980251,71,118.532863653817,11,89.7666068222621,18,281.778334376957,52,161.822368830522,137,540.26342771512,156,349.258944163346,168,429.403946426746,43,233.214014535199
"1034","OCEANSIDE",754,"Overall, concentrated, and child (0 to 18 years of age) poverty rate","2006-2010",9,"Total","CT","06073016401","0164.01","San Diego","06073",NA,NA,"Overall",5451,387.021,7.1,2.2148936,11.9851064,2.4924012,35.1042425,NA,0.5182482,"no",41661.5034577,164.01,"Mood Disorders","Hospitalization",2010,42,1,"N COASTAL",3,"Suburban Area",3,"Moderately Low Income",5,"Supervisorial District 5",556,348.109191084398,343.202453084544,221,278.843242152014,335,416.335255517996,410,552.248053662348,30,432.463600980251,71,118.532863653817,11,89.7666068222621,18,281.778334376957,52,161.822368830522,137,540.26342771512,156,349.258944163346,168,429.403946426746,43,233.214014535199
"1035","OCEANSIDE",754,"Overall, concentrated, and child (0 to 18 years of age) poverty rate","2006-2010",9,"Total","CT","06073016401","0164.01","San Diego","06073",NA,NA,"Child",1160,103.24,8.9,0,18.9085106,5.106383,57.3750896,NA,0.4659686,"no",41661.5034577,164.01,"Mood Disorders","Hospitalization",2010,42,1,"N COASTAL",3,"Suburban Area",3,"Moderately Low Income",5,"Supervisorial District 5",556,348.109191084398,343.202453084544,221,278.843242152014,335,416.335255517996,410,552.248053662348,30,432.463600980251,71,118.532863653817,11,89.7666068222621,18,281.778334376957,52,161.822368830522,137,540.26342771512,156,349.258944163346,168,429.403946426746,43,233.214014535199
"1036","OCEANSIDE",754,"Overall, concentrated, and child (0 to 18 years of age) poverty rate","2006-2010",9,"Total","CT","06073016502","0165.02","San Diego","06073",NA,NA,"Overall",6226,1220.296,19.6,11.1404255,28.0595745,4.3161094,22.0209664,NA,1.4306569,"no",41661.5034577,165.02,"Mood Disorders","Hospitalization",2010,42,1,"N COASTAL",3,"Suburban Area",3,"Moderately Low Income",5,"Supervisorial District 5",556,348.109191084398,343.202453084544,221,278.843242152014,335,416.335255517996,410,552.248053662348,30,432.463600980251,71,118.532863653817,11,89.7666068222621,18,281.778334376957,52,161.822368830522,137,540.26342771512,156,349.258944163346,168,429.403946426746,43,233.214014535199
"1037","OCEANSIDE",754,"Overall, concentrated, and child (0 to 18 years of age) poverty rate","2006-2010",9,"Total","CT","06073015801","0158.01","San Diego","06073",NA,NA,"Child",1156,497.08,43,20.7191489,65.2808511,11.3677812,26.4367004,NA,2.2513089,"no",41661.5034577,158.01,"Mood Disorders","Hospitalization",2010,42,1,"N COASTAL",3,"Suburban Area",3,"Moderately Low Income",5,"Supervisorial District 5",556,348.109191084398,343.202453084544,221,278.843242152014,335,416.335255517996,410,552.248053662348,30,432.463600980251,71,118.532863653817,11,89.7666068222621,18,281.778334376957,52,161.822368830522,137,540.26342771512,156,349.258944163346,168,429.403946426746,43,233.214014535199
"1038","OCEANSIDE",754,"Overall, concentrated, and child (0 to 18 years of age) poverty rate","2006-2010",9,"Total","CT","06073016614","0166.14","San Diego","06073",NA,NA,"Overall",3808,319.872,8.4,2.5617021,14.2382979,2.9787234,35.4609929,NA,0.6131387,"no",41661.5034577,166.14,"Mood Disorders","Hospitalization",2010,42,1,"N COASTAL",3,"Suburban Area",3,"Moderately Low Income",5,"Supervisorial District 5",556,348.109191084398,343.202453084544,221,278.843242152014,335,416.335255517996,410,552.248053662348,30,432.463600980251,71,118.532863653817,11,89.7666068222621,18,281.778334376957,52,161.822368830522,137,540.26342771512,156,349.258944163346,168,429.403946426746,43,233.214014535199
"1039","OCEANSIDE",754,"Overall, concentrated, and child (0 to 18 years of age) poverty rate","2006-2010",9,"Total","CT","06073017055","0170.55","San Diego","06073",NA,NA,"Child",1388,0,0,0,3.3361702,1.7021277,NA,NA,0,"no",41661.5034577,170.55,"Mood Disorders","Hospitalization",2010,42,1,"N COASTAL",3,"Suburban Area",3,"Moderately Low Income",5,"Supervisorial District 5",556,348.109191084398,343.202453084544,221,278.843242152014,335,416.335255517996,410,552.248053662348,30,432.463600980251,71,118.532863653817,11,89.7666068222621,18,281.778334376957,52,161.822368830522,137,540.26342771512,156,349.258944163346,168,429.403946426746,43,233.214014535199
"1040","OCEANSIDE",754,"Overall, concentrated, and child (0 to 18 years of age) poverty rate","2006-2010",9,"Total","CT","06073015000","0150.00","San Diego","06073",NA,NA,"Child",1098,195.444,17.8,6.3617021,29.2382979,5.8358663,32.7857655,NA,0.9319372,"no",41661.5034577,150,"Mood Disorders","Hospitalization",2010,42,1,"N COASTAL",3,"Suburban Area",3,"Moderately Low Income",5,"Supervisorial District 5",556,348.109191084398,343.202453084544,221,278.843242152014,335,416.335255517996,410,552.248053662348,30,432.463600980251,71,118.532863653817,11,89.7666068222621,18,281.778334376957,52,161.822368830522,137,540.26342771512,156,349.258944163346,168,429.403946426746,43,233.214014535199
"1041","OCEANSIDE",754,"Overall, concentrated, and child (0 to 18 years of age) poverty rate","2006-2010",9,"Total","CT","06073016000","0160.00","San Diego","06073",NA,NA,"Child",722,186.998,25.9,2.4276596,49.3723404,11.9756839,46.2381617,NA,1.3560209,"no",41661.5034577,160,"Mood Disorders","Hospitalization",2010,42,1,"N COASTAL",3,"Suburban Area",3,"Moderately Low Income",5,"Supervisorial District 5",556,348.109191084398,343.202453084544,221,278.843242152014,335,416.335255517996,410,552.248053662348,30,432.463600980251,71,118.532863653817,11,89.7666068222621,18,281.778334376957,52,161.822368830522,137,540.26342771512,156,349.258944163346,168,429.403946426746,43,233.214014535199
"1042","OCEANSIDE",754,"Overall, concentrated, and child (0 to 18 years of age) poverty rate","2006-2010",9,"Total","CT","06073015200","0152.00","San Diego","06073",NA,NA,"Child",873,0,0,0,5.3617021,2.7355623,NA,NA,0,"no",41661.5034577,152,"Mood Disorders","Hospitalization",2010,42,1,"N COASTAL",3,"Suburban Area",3,"Moderately Low Income",5,"Supervisorial District 5",556,348.109191084398,343.202453084544,221,278.843242152014,335,416.335255517996,410,552.248053662348,30,432.463600980251,71,118.532863653817,11,89.7666068222621,18,281.778334376957,52,161.822368830522,137,540.26342771512,156,349.258944163346,168,429.403946426746,43,233.214014535199
"1043","OCEANSIDE",754,"Overall, concentrated, and child (0 to 18 years of age) poverty rate","2006-2010",9,"Total","CT","06073015703","0157.03","San Diego","06073",NA,NA,"Overall",7099,2612.432,36.8,28.2212766,45.3787234,4.3768997,11.8937492,NA,2.6861314,"no",41661.5034577,157.03,"Mood Disorders","Hospitalization",2010,42,1,"N COASTAL",3,"Suburban Area",3,"Moderately Low Income",5,"Supervisorial District 5",556,348.109191084398,343.202453084544,221,278.843242152014,335,416.335255517996,410,552.248053662348,30,432.463600980251,71,118.532863653817,11,89.7666068222621,18,281.778334376957,52,161.822368830522,137,540.26342771512,156,349.258944163346,168,429.403946426746,43,233.214014535199
"1044","OCEANSIDE",754,"Overall, concentrated, and child (0 to 18 years of age) poverty rate","2006-2010",9,"Total","CT","06073015703","0157.03","San Diego","06073",NA,NA,"Child",1658,741.126,44.7,28.2574468,61.1425532,8.3890578,18.767467,NA,2.3403141,"no",41661.5034577,157.03,"Mood Disorders","Hospitalization",2010,42,1,"N COASTAL",3,"Suburban Area",3,"Moderately Low Income",5,"Supervisorial District 5",556,348.109191084398,343.202453084544,221,278.843242152014,335,416.335255517996,410,552.248053662348,30,432.463600980251,71,118.532863653817,11,89.7666068222621,18,281.778334376957,52,161.822368830522,137,540.26342771512,156,349.258944163346,168,429.403946426746,43,233.214014535199
"1045","OCEANSIDE",754,"Overall, concentrated, and child (0 to 18 years of age) poverty rate","2006-2010",9,"Total","CT","06073015704","0157.04","San Diego","06073",NA,NA,"Overall",4093,634.415,15.5,7.8744681,23.1255319,3.8905775,25.1005,NA,1.1313869,"no",41661.5034577,157.04,"Mood Disorders","Hospitalization",2010,42,1,"N COASTAL",3,"Suburban Area",3,"Moderately Low Income",5,"Supervisorial District 5",556,348.109191084398,343.202453084544,221,278.843242152014,335,416.335255517996,410,552.248053662348,30,432.463600980251,71,118.532863653817,11,89.7666068222621,18,281.778334376957,52,161.822368830522,137,540.26342771512,156,349.258944163346,168,429.403946426746,43,233.214014535199
"1046","OCEANSIDE",754,"Overall, concentrated, and child (0 to 18 years of age) poverty rate","2006-2010",9,"Total","CT","06073017054","0170.54","San Diego","06073",NA,NA,"Child",1594,20.722,1.3,0,3.9212766,1.337386,102.8758476,NA,0.0680628,"no",41661.5034577,170.54,"Mood Disorders","Hospitalization",2010,42,1,"N COASTAL",3,"Suburban Area",3,"Moderately Low Income",5,"Supervisorial District 5",556,348.109191084398,343.202453084544,221,278.843242152014,335,416.335255517996,410,552.248053662348,30,432.463600980251,71,118.532863653817,11,89.7666068222621,18,281.778334376957,52,161.822368830522,137,540.26342771512,156,349.258944163346,168,429.403946426746,43,233.214014535199
"1047","OCEANSIDE",754,"Overall, concentrated, and child (0 to 18 years of age) poverty rate","2006-2010",9,"Total","CT","06073014902","0149.02","San Diego","06073",NA,NA,"Overall",3287,272.821,8.3,0,16.6404255,4.2553191,51.2689054,NA,0.6058394,"no",41661.5034577,149.02,"Mood Disorders","Hospitalization",2010,42,1,"N COASTAL",3,"Suburban Area",3,"Moderately Low Income",5,"Supervisorial District 5",556,348.109191084398,343.202453084544,221,278.843242152014,335,416.335255517996,410,552.248053662348,30,432.463600980251,71,118.532863653817,11,89.7666068222621,18,281.778334376957,52,161.822368830522,137,540.26342771512,156,349.258944163346,168,429.403946426746,43,233.214014535199
"1048","OCEANSIDE",754,"Overall, concentrated, and child (0 to 18 years of age) poverty rate","2006-2010",9,"Total","CT","06073016302","0163.02","San Diego","06073",NA,NA,"Overall",4614,1504.164,32.6,22.8297872,42.3702128,4.9848024,15.290805,NA,2.379562,"no",41661.5034577,163.02,"Mood Disorders","Hospitalization",2010,42,1,"N COASTAL",3,"Suburban Area",3,"Moderately Low Income",5,"Supervisorial District 5",556,348.109191084398,343.202453084544,221,278.843242152014,335,416.335255517996,410,552.248053662348,30,432.463600980251,71,118.532863653817,11,89.7666068222621,18,281.778334376957,52,161.822368830522,137,540.26342771512,156,349.258944163346,168,429.403946426746,43,233.214014535199
"1049","OCEANSIDE",754,"Overall, concentrated, and child (0 to 18 years of age) poverty rate","2006-2010",9,"Total","CT","06073015701","0157.01","San Diego","06073",NA,NA,"Child",1651,655.447,39.7,20.0404255,59.3595745,10.0303951,25.2654789,NA,2.078534,"no",41661.5034577,157.01,"Mood Disorders","Hospitalization",2010,42,1,"N COASTAL",3,"Suburban Area",3,"Moderately Low Income",5,"Supervisorial District 5",556,348.109191084398,343.202453084544,221,278.843242152014,335,416.335255517996,410,552.248053662348,30,432.463600980251,71,118.532863653817,11,89.7666068222621,18,281.778334376957,52,161.822368830522,137,540.26342771512,156,349.258944163346,168,429.403946426746,43,233.214014535199
"1050","OCEANSIDE",754,"Overall, concentrated, and child (0 to 18 years of age) poverty rate","2006-2010",9,"Total","CT","06073016617","0166.17","San Diego","06073",NA,NA,"Child",532,12.768,2.4,0,6.8085106,2.2492401,93.7183384,NA,0.1256545,"no",41661.5034577,166.17,"Mood Disorders","Hospitalization",2010,42,1,"N COASTAL",3,"Suburban Area",3,"Moderately Low Income",5,"Supervisorial District 5",556,348.109191084398,343.202453084544,221,278.843242152014,335,416.335255517996,410,552.248053662348,30,432.463600980251,71,118.532863653817,11,89.7666068222621,18,281.778334376957,52,161.822368830522,137,540.26342771512,156,349.258944163346,168,429.403946426746,43,233.214014535199
"1051","OCEANSIDE",754,"Overall, concentrated, and child (0 to 18 years of age) poverty rate","2006-2010",9,"Total","CT","06073016502","0165.02","San Diego","06073",NA,NA,"Child",1694,394.702,23.3,7.6914894,38.9085106,7.9635258,34.1782225,NA,1.2198953,"no",41661.5034577,165.02,"Mood Disorders","Hospitalization",2010,42,1,"N COASTAL",3,"Suburban Area",3,"Moderately Low Income",5,"Supervisorial District 5",556,348.109191084398,343.202453084544,221,278.843242152014,335,416.335255517996,410,552.248053662348,30,432.463600980251,71,118.532863653817,11,89.7666068222621,18,281.778334376957,52,161.822368830522,137,540.26342771512,156,349.258944163346,168,429.403946426746,43,233.214014535199
"1052","OCEANSIDE",754,"Overall, concentrated, and child (0 to 18 years of age) poverty rate","2006-2010",9,"Total","CT","06073015902","0159.02","San Diego","06073",NA,NA,"Overall",4879,1551.522,31.8,21.5531915,42.0468085,5.2279635,16.4401369,NA,2.3211679,"no",41661.5034577,159.02,"Mood Disorders","Hospitalization",2010,42,1,"N COASTAL",3,"Suburban Area",3,"Moderately Low Income",5,"Supervisorial District 5",556,348.109191084398,343.202453084544,221,278.843242152014,335,416.335255517996,410,552.248053662348,30,432.463600980251,71,118.532863653817,11,89.7666068222621,18,281.778334376957,52,161.822368830522,137,540.26342771512,156,349.258944163346,168,429.403946426746,43,233.214014535199
"1053","OCEANSIDE",754,"Overall, concentrated, and child (0 to 18 years of age) poverty rate","2006-2010",9,"Total","CT","06073016616","0166.16","San Diego","06073",NA,NA,"Overall",4003,456.342,11.4,0.6765957,22.1234043,5.4711246,47.9923212,NA,0.8321168,"no",41661.5034577,166.16,"Mood Disorders","Hospitalization",2010,42,1,"N COASTAL",3,"Suburban Area",3,"Moderately Low Income",5,"Supervisorial District 5",556,348.109191084398,343.202453084544,221,278.843242152014,335,416.335255517996,410,552.248053662348,30,432.463600980251,71,118.532863653817,11,89.7666068222621,18,281.778334376957,52,161.822368830522,137,540.26342771512,156,349.258944163346,168,429.403946426746,43,233.214014535199
"1054","OCEANSIDE",754,"Overall, concentrated, and child (0 to 18 years of age) poverty rate","2006-2010",9,"Total","CT","06073014902","0149.02","San Diego","06073",NA,NA,"Child",634,13.948,2.2,0,6.7276596,2.3100304,105.0013816,NA,0.1151832,"no",41661.5034577,149.02,"Mood Disorders","Hospitalization",2010,42,1,"N COASTAL",3,"Suburban Area",3,"Moderately Low Income",5,"Supervisorial District 5",556,348.109191084398,343.202453084544,221,278.843242152014,335,416.335255517996,410,552.248053662348,30,432.463600980251,71,118.532863653817,11,89.7666068222621,18,281.778334376957,52,161.822368830522,137,540.26342771512,156,349.258944163346,168,429.403946426746,43,233.214014535199
"1055","OCEANSIDE",754,"Overall, concentrated, and child (0 to 18 years of age) poverty rate","2006-2010",9,"Total","CT","06073015405","0154.05","San Diego","06073",NA,NA,"Overall",5922,432.306,7.3,2.0574468,12.5425532,2.674772,36.6407128,NA,0.5328467,"no",41661.5034577,154.05,"Mood Disorders","Hospitalization",2010,42,1,"N COASTAL",3,"Suburban Area",3,"Moderately Low Income",5,"Supervisorial District 5",556,348.109191084398,343.202453084544,221,278.843242152014,335,416.335255517996,410,552.248053662348,30,432.463600980251,71,118.532863653817,11,89.7666068222621,18,281.778334376957,52,161.822368830522,137,540.26342771512,156,349.258944163346,168,429.403946426746,43,233.214014535199
"1056","OCEANSIDE",754,"Overall, concentrated, and child (0 to 18 years of age) poverty rate","2006-2010",9,"Total","CT","06073016402","0164.02","San Diego","06073",NA,NA,"Overall",6774,1707.048,25.2,15.1914894,35.2085106,5.106383,20.2634245,NA,1.8394161,"no",41661.5034577,164.02,"Mood Disorders","Hospitalization",2010,42,1,"N COASTAL",3,"Suburban Area",3,"Moderately Low Income",5,"Supervisorial District 5",556,348.109191084398,343.202453084544,221,278.843242152014,335,416.335255517996,410,552.248053662348,30,432.463600980251,71,118.532863653817,11,89.7666068222621,18,281.778334376957,52,161.822368830522,137,540.26342771512,156,349.258944163346,168,429.403946426746,43,233.214014535199
"1057","PALOMAR-JULIAN",754,"Overall, concentrated, and child (0 to 18 years of age) poverty rate","2006-2010",9,"Total","CT","06073020710","0207.10","San Diego","06073",NA,NA,"Overall",1639,98.34,6,0,12.1957447,3.1610942,52.6849037,NA,0.4379562,"no",41661.5034577,207.1,"Mood Disorders","Hospitalization",2010,60,6,"N INLAND",1,"Rural Area",2,"Low Income",5,"Supervisorial District 5",9,143.609382479655,156.590477352247,NA,NA,5,156.985871271586,8,173.160173160173,NA,NA,NA,NA,NA,NA,NA,NA,NA,NA,NA,NA,NA,NA,NA,NA,NA,NA
"1058","PALOMAR-JULIAN",754,"Overall, concentrated, and child (0 to 18 years of age) poverty rate","2006-2010",9,"Total","CT","06073020710","0207.10","San Diego","06073",NA,NA,"Child",355,31.95,9,0,24.8468085,8.0851064,89.8345154,NA,0.4712042,"no",41661.5034577,207.1,"Mood Disorders","Hospitalization",2010,60,6,"N INLAND",1,"Rural Area",2,"Low Income",5,"Supervisorial District 5",9,143.609382479655,156.590477352247,NA,NA,5,156.985871271586,8,173.160173160173,NA,NA,NA,NA,NA,NA,NA,NA,NA,NA,NA,NA,NA,NA,NA,NA,NA,NA
"1059","PALOMAR-JULIAN",754,"Overall, concentrated, and child (0 to 18 years of age) poverty rate","2006-2010",9,"Total","CT","06073020801","0208.01","San Diego","06073",NA,NA,"Child",1043,107.429,10.3,2.3170213,18.2829787,4.0729483,39.5431877,NA,0.539267,"no",41661.5034577,208.01,"Mood Disorders","Hospitalization",2010,60,6,"N INLAND",1,"Rural Area",2,"Low Income",5,"Supervisorial District 5",9,143.609382479655,156.590477352247,NA,NA,5,156.985871271586,8,173.160173160173,NA,NA,NA,NA,NA,NA,NA,NA,NA,NA,NA,NA,NA,NA,NA,NA,NA,NA
"1060","PALOMAR-JULIAN",754,"Overall, concentrated, and child (0 to 18 years of age) poverty rate","2006-2010",9,"Total","CT","06073020801","0208.01","San Diego","06073",NA,NA,"Overall",4811,269.416,5.6,2.2638298,8.9361702,1.7021277,30.3951368,NA,0.4087591,"no",41661.5034577,208.01,"Mood Disorders","Hospitalization",2010,60,6,"N INLAND",1,"Rural Area",2,"Low Income",5,"Supervisorial District 5",9,143.609382479655,156.590477352247,NA,NA,5,156.985871271586,8,173.160173160173,NA,NA,NA,NA,NA,NA,NA,NA,NA,NA,NA,NA,NA,NA,NA,NA,NA,NA
"1061","PENINSULA",754,"Overall, concentrated, and child (0 to 18 years of age) poverty rate","2000",9,"Total","CT","06073010401","0104.01","San Diego","06073",NA,NA,"Child",855,235.125,27.5,NA,NA,NA,NA,NA,1.4473684,"no",41661.5034577,104.01,"Mood Disorders","Hospitalization",2010,2,2,"N CENTRAL",4,"Urban Area",3,"Moderately Low Income",4,"Supervisorial District 4",168,266.937841616881,261.036310922079,84,245.73618465319,84,292.143428511807,142,296.061547442821,5,238.208670795617,12,146.412884333821,NA,NA,5,202.511138112596,12,152.866242038217,37,296.023681894552,69,327.900014256522,37,258.452081587035,13,179.856115107914
"1062","PENINSULA",754,"Overall, concentrated, and child (0 to 18 years of age) poverty rate","2000",9,"Total","CT","06073010401","0104.01","San Diego","06073",NA,NA,"Overall",2468,542.96,22,NA,NA,NA,NA,NA,1.5492958,"no",41661.5034577,104.01,"Mood Disorders","Hospitalization",2010,2,2,"N CENTRAL",4,"Urban Area",3,"Moderately Low Income",4,"Supervisorial District 4",168,266.937841616881,261.036310922079,84,245.73618465319,84,292.143428511807,142,296.061547442821,5,238.208670795617,12,146.412884333821,NA,NA,5,202.511138112596,12,152.866242038217,37,296.023681894552,69,327.900014256522,37,258.452081587035,13,179.856115107914
"1063","PENINSULA",754,"Overall, concentrated, and child (0 to 18 years of age) poverty rate","2000",9,"Total","CT","06073018515","0185.15","San Diego","06073",NA,NA,"Child",801,21.627,2.7,NA,NA,NA,NA,NA,0.1421053,"no",41661.5034577,185.15,"Mood Disorders","Hospitalization",2010,2,2,"N CENTRAL",4,"Urban Area",3,"Moderately Low Income",4,"Supervisorial District 4",168,266.937841616881,261.036310922079,84,245.73618465319,84,292.143428511807,142,296.061547442821,5,238.208670795617,12,146.412884333821,NA,NA,5,202.511138112596,12,152.866242038217,37,296.023681894552,69,327.900014256522,37,258.452081587035,13,179.856115107914
"1064","PENINSULA",754,"Overall, concentrated, and child (0 to 18 years of age) poverty rate","2000",9,"Total","CT","06073010009","0100.09","San Diego","06073",NA,NA,"Child",2516,935.952,37.2,NA,NA,NA,NA,NA,1.9578947,"no",41661.5034577,100.09,"Mood Disorders","Hospitalization",2010,2,2,"N CENTRAL",4,"Urban Area",3,"Moderately Low Income",4,"Supervisorial District 4",168,266.937841616881,261.036310922079,84,245.73618465319,84,292.143428511807,142,296.061547442821,5,238.208670795617,12,146.412884333821,NA,NA,5,202.511138112596,12,152.866242038217,37,296.023681894552,69,327.900014256522,37,258.452081587035,13,179.856115107914
"1065","PENINSULA",754,"Overall, concentrated, and child (0 to 18 years of age) poverty rate","2000",9,"Total","CT","06073010111","0101.11","San Diego","06073",NA,NA,"Overall",3120,652.08,20.9,NA,NA,NA,NA,NA,1.471831,"no",41661.5034577,101.11,"Mood Disorders","Hospitalization",2010,2,2,"N CENTRAL",4,"Urban Area",3,"Moderately Low Income",4,"Supervisorial District 4",168,266.937841616881,261.036310922079,84,245.73618465319,84,292.143428511807,142,296.061547442821,5,238.208670795617,12,146.412884333821,NA,NA,5,202.511138112596,12,152.866242038217,37,296.023681894552,69,327.900014256522,37,258.452081587035,13,179.856115107914
"1066","PENINSULA",754,"Overall, concentrated, and child (0 to 18 years of age) poverty rate","2000",9,"Total","CT","06073010001","0100.01","San Diego","06073",NA,NA,"Overall",3910,301.07,7.7,NA,NA,NA,NA,NA,0.5422535,"no",41661.5034577,100.01,"Mood Disorders","Hospitalization",2010,2,2,"N CENTRAL",4,"Urban Area",3,"Moderately Low Income",4,"Supervisorial District 4",168,266.937841616881,261.036310922079,84,245.73618465319,84,292.143428511807,142,296.061547442821,5,238.208670795617,12,146.412884333821,NA,NA,5,202.511138112596,12,152.866242038217,37,296.023681894552,69,327.900014256522,37,258.452081587035,13,179.856115107914
"1067","PENINSULA",754,"Overall, concentrated, and child (0 to 18 years of age) poverty rate","2000",9,"Total","CT","06073010106","0101.06","San Diego","06073",NA,NA,"Overall",5265,926.64,17.6,NA,NA,NA,NA,NA,1.2394366,"no",41661.5034577,101.06,"Mood Disorders","Hospitalization",2010,2,2,"N CENTRAL",4,"Urban Area",3,"Moderately Low Income",4,"Supervisorial District 4",168,266.937841616881,261.036310922079,84,245.73618465319,84,292.143428511807,142,296.061547442821,5,238.208670795617,12,146.412884333821,NA,NA,5,202.511138112596,12,152.866242038217,37,296.023681894552,69,327.900014256522,37,258.452081587035,13,179.856115107914
"1068","PENINSULA",754,"Overall, concentrated, and child (0 to 18 years of age) poverty rate","2006-2010",9,"Total","CT","06073021400","0214.00","San Diego","06073",NA,NA,"Child",1461,175.32,12,5.8042553,18.1957447,3.1610942,26.3424519,NA,0.6282723,"no",41661.5034577,214,"Mood Disorders","Hospitalization",2010,2,2,"N CENTRAL",4,"Urban Area",3,"Moderately Low Income",4,"Supervisorial District 4",168,266.937841616881,261.036310922079,84,245.73618465319,84,292.143428511807,142,296.061547442821,5,238.208670795617,12,146.412884333821,NA,NA,5,202.511138112596,12,152.866242038217,37,296.023681894552,69,327.900014256522,37,258.452081587035,13,179.856115107914
"1069","PENINSULA",754,"Overall, concentrated, and child (0 to 18 years of age) poverty rate","2000",9,"Total","CT","06073010502","0105.02","San Diego","06073",NA,NA,"Child",1857,488.391,26.3,NA,NA,NA,NA,NA,1.3842105,"no",41661.5034577,105.02,"Mood Disorders","Hospitalization",2010,2,2,"N CENTRAL",4,"Urban Area",3,"Moderately Low Income",4,"Supervisorial District 4",168,266.937841616881,261.036310922079,84,245.73618465319,84,292.143428511807,142,296.061547442821,5,238.208670795617,12,146.412884333821,NA,NA,5,202.511138112596,12,152.866242038217,37,296.023681894552,69,327.900014256522,37,258.452081587035,13,179.856115107914
"1070","PENINSULA",754,"Overall, concentrated, and child (0 to 18 years of age) poverty rate","2000",9,"Total","CT","06073010300","0103.00","San Diego","06073",NA,NA,"Overall",4419,574.47,13,NA,NA,NA,NA,NA,0.915493,"no",41661.5034577,103,"Mood Disorders","Hospitalization",2010,2,2,"N CENTRAL",4,"Urban Area",3,"Moderately Low Income",4,"Supervisorial District 4",168,266.937841616881,261.036310922079,84,245.73618465319,84,292.143428511807,142,296.061547442821,5,238.208670795617,12,146.412884333821,NA,NA,5,202.511138112596,12,152.866242038217,37,296.023681894552,69,327.900014256522,37,258.452081587035,13,179.856115107914
"1071","PENINSULA",754,"Overall, concentrated, and child (0 to 18 years of age) poverty rate","2000",9,"Total","CT","06073010501","0105.01","San Diego","06073",NA,NA,"Child",366,67.344,18.4,NA,NA,NA,NA,NA,0.9684211,"no",41661.5034577,105.01,"Mood Disorders","Hospitalization",2010,2,2,"N CENTRAL",4,"Urban Area",3,"Moderately Low Income",4,"Supervisorial District 4",168,266.937841616881,261.036310922079,84,245.73618465319,84,292.143428511807,142,296.061547442821,5,238.208670795617,12,146.412884333821,NA,NA,5,202.511138112596,12,152.866242038217,37,296.023681894552,69,327.900014256522,37,258.452081587035,13,179.856115107914
"1072","PENINSULA",754,"Overall, concentrated, and child (0 to 18 years of age) poverty rate","2000",9,"Total","CT","06073010010","0100.10","San Diego","06073",NA,NA,"Overall",5638,755.492,13.4,NA,NA,NA,NA,NA,0.943662,"no",41661.5034577,100.1,"Mood Disorders","Hospitalization",2010,2,2,"N CENTRAL",4,"Urban Area",3,"Moderately Low Income",4,"Supervisorial District 4",168,266.937841616881,261.036310922079,84,245.73618465319,84,292.143428511807,142,296.061547442821,5,238.208670795617,12,146.412884333821,NA,NA,5,202.511138112596,12,152.866242038217,37,296.023681894552,69,327.900014256522,37,258.452081587035,13,179.856115107914
"1073","PENINSULA",754,"Overall, concentrated, and child (0 to 18 years of age) poverty rate","2000",9,"Total","CT","06073010104","0101.04","San Diego","06073",NA,NA,"Overall",3298,227.562,6.9,NA,NA,NA,NA,NA,0.4859155,"no",41661.5034577,101.04,"Mood Disorders","Hospitalization",2010,2,2,"N CENTRAL",4,"Urban Area",3,"Moderately Low Income",4,"Supervisorial District 4",168,266.937841616881,261.036310922079,84,245.73618465319,84,292.143428511807,142,296.061547442821,5,238.208670795617,12,146.412884333821,NA,NA,5,202.511138112596,12,152.866242038217,37,296.023681894552,69,327.900014256522,37,258.452081587035,13,179.856115107914
"1074","PENINSULA",754,"Overall, concentrated, and child (0 to 18 years of age) poverty rate","2000",9,"Total","CT","06073010005","0100.05","San Diego","06073",NA,NA,"Child",2512,846.544,33.7,NA,NA,NA,NA,NA,1.7736842,"no",41661.5034577,100.05,"Mood Disorders","Hospitalization",2010,2,2,"N CENTRAL",4,"Urban Area",3,"Moderately Low Income",4,"Supervisorial District 4",168,266.937841616881,261.036310922079,84,245.73618465319,84,292.143428511807,142,296.061547442821,5,238.208670795617,12,146.412884333821,NA,NA,5,202.511138112596,12,152.866242038217,37,296.023681894552,69,327.900014256522,37,258.452081587035,13,179.856115107914
"1075","PENINSULA",754,"Overall, concentrated, and child (0 to 18 years of age) poverty rate","2000",9,"Total","CT","06073010010","0100.10","San Diego","06073",NA,NA,"Child",1749,386.529,22.1,NA,NA,NA,NA,NA,1.1631579,"no",41661.5034577,100.1,"Mood Disorders","Hospitalization",2010,2,2,"N CENTRAL",4,"Urban Area",3,"Moderately Low Income",4,"Supervisorial District 4",168,266.937841616881,261.036310922079,84,245.73618465319,84,292.143428511807,142,296.061547442821,5,238.208670795617,12,146.412884333821,NA,NA,5,202.511138112596,12,152.866242038217,37,296.023681894552,69,327.900014256522,37,258.452081587035,13,179.856115107914
"1076","PENINSULA",754,"Overall, concentrated, and child (0 to 18 years of age) poverty rate","2000",9,"Total","CT","06073010004","0100.04","San Diego","06073",NA,NA,"Overall",4911,559.854,11.4,NA,NA,NA,NA,NA,0.8028169,"no",41661.5034577,100.04,"Mood Disorders","Hospitalization",2010,2,2,"N CENTRAL",4,"Urban Area",3,"Moderately Low Income",4,"Supervisorial District 4",168,266.937841616881,261.036310922079,84,245.73618465319,84,292.143428511807,142,296.061547442821,5,238.208670795617,12,146.412884333821,NA,NA,5,202.511138112596,12,152.866242038217,37,296.023681894552,69,327.900014256522,37,258.452081587035,13,179.856115107914
"1077","PENINSULA",754,"Overall, concentrated, and child (0 to 18 years of age) poverty rate","2000",9,"Total","CT","06073010014","0100.14","San Diego","06073",NA,NA,"Child",506,0,0,NA,NA,NA,NA,NA,0,"no",41661.5034577,100.14,"Mood Disorders","Hospitalization",2010,2,2,"N CENTRAL",4,"Urban Area",3,"Moderately Low Income",4,"Supervisorial District 4",168,266.937841616881,261.036310922079,84,245.73618465319,84,292.143428511807,142,296.061547442821,5,238.208670795617,12,146.412884333821,NA,NA,5,202.511138112596,12,152.866242038217,37,296.023681894552,69,327.900014256522,37,258.452081587035,13,179.856115107914
"1078","PENINSULA",754,"Overall, concentrated, and child (0 to 18 years of age) poverty rate","2000",9,"Total","CT","06073010107","0101.07","San Diego","06073",NA,NA,"Overall",6076,1142.288,18.8,NA,NA,NA,NA,NA,1.3239437,"no",41661.5034577,101.07,"Mood Disorders","Hospitalization",2010,2,2,"N CENTRAL",4,"Urban Area",3,"Moderately Low Income",4,"Supervisorial District 4",168,266.937841616881,261.036310922079,84,245.73618465319,84,292.143428511807,142,296.061547442821,5,238.208670795617,12,146.412884333821,NA,NA,5,202.511138112596,12,152.866242038217,37,296.023681894552,69,327.900014256522,37,258.452081587035,13,179.856115107914
"1079","PENINSULA",754,"Overall, concentrated, and child (0 to 18 years of age) poverty rate","2000",9,"Total","CT","06073010005","0100.05","San Diego","06073",NA,NA,"Overall",7390,1906.62,25.8,NA,NA,NA,NA,NA,1.8169014,"no",41661.5034577,100.05,"Mood Disorders","Hospitalization",2010,2,2,"N CENTRAL",4,"Urban Area",3,"Moderately Low Income",4,"Supervisorial District 4",168,266.937841616881,261.036310922079,84,245.73618465319,84,292.143428511807,142,296.061547442821,5,238.208670795617,12,146.412884333821,NA,NA,5,202.511138112596,12,152.866242038217,37,296.023681894552,69,327.900014256522,37,258.452081587035,13,179.856115107914
"1080","PENINSULA",754,"Overall, concentrated, and child (0 to 18 years of age) poverty rate","2000",9,"Total","CT","06073010106","0101.06","San Diego","06073",NA,NA,"Child",1819,331.058,18.2,NA,NA,NA,NA,NA,0.9578947,"no",41661.5034577,101.06,"Mood Disorders","Hospitalization",2010,2,2,"N CENTRAL",4,"Urban Area",3,"Moderately Low Income",4,"Supervisorial District 4",168,266.937841616881,261.036310922079,84,245.73618465319,84,292.143428511807,142,296.061547442821,5,238.208670795617,12,146.412884333821,NA,NA,5,202.511138112596,12,152.866242038217,37,296.023681894552,69,327.900014256522,37,258.452081587035,13,179.856115107914
"1081","PENINSULA",754,"Overall, concentrated, and child (0 to 18 years of age) poverty rate","2006-2010",9,"Total","CT","06073021400","0214.00","San Diego","06073",NA,NA,"Overall",6765,744.15,11,6.7106383,15.2893617,2.1884498,19.8949986,NA,0.8029197,"no",41661.5034577,214,"Mood Disorders","Hospitalization",2010,2,2,"N CENTRAL",4,"Urban Area",3,"Moderately Low Income",4,"Supervisorial District 4",168,266.937841616881,261.036310922079,84,245.73618465319,84,292.143428511807,142,296.061547442821,5,238.208670795617,12,146.412884333821,NA,NA,5,202.511138112596,12,152.866242038217,37,296.023681894552,69,327.900014256522,37,258.452081587035,13,179.856115107914
"1082","PENINSULA",754,"Overall, concentrated, and child (0 to 18 years of age) poverty rate","2000",9,"Total","CT","06073010501","0105.01","San Diego","06073",NA,NA,"Overall",1502,232.81,15.5,NA,NA,NA,NA,NA,1.0915493,"no",41661.5034577,105.01,"Mood Disorders","Hospitalization",2010,2,2,"N CENTRAL",4,"Urban Area",3,"Moderately Low Income",4,"Supervisorial District 4",168,266.937841616881,261.036310922079,84,245.73618465319,84,292.143428511807,142,296.061547442821,5,238.208670795617,12,146.412884333821,NA,NA,5,202.511138112596,12,152.866242038217,37,296.023681894552,69,327.900014256522,37,258.452081587035,13,179.856115107914
"1083","PENINSULA",754,"Overall, concentrated, and child (0 to 18 years of age) poverty rate","2000",9,"Total","CT","06073010109","0101.09","San Diego","06073",NA,NA,"Overall",4952,267.408,5.4,NA,NA,NA,NA,NA,0.3802817,"no",41661.5034577,101.09,"Mood Disorders","Hospitalization",2010,2,2,"N CENTRAL",4,"Urban Area",3,"Moderately Low Income",4,"Supervisorial District 4",168,266.937841616881,261.036310922079,84,245.73618465319,84,292.143428511807,142,296.061547442821,5,238.208670795617,12,146.412884333821,NA,NA,5,202.511138112596,12,152.866242038217,37,296.023681894552,69,327.900014256522,37,258.452081587035,13,179.856115107914
"1084","PENINSULA",754,"Overall, concentrated, and child (0 to 18 years of age) poverty rate","2000",9,"Total","CT","06073010015","0100.15","San Diego","06073",NA,NA,"Child",397,159.991,40.3,NA,NA,NA,NA,NA,2.1210526,"no",41661.5034577,100.15,"Mood Disorders","Hospitalization",2010,2,2,"N CENTRAL",4,"Urban Area",3,"Moderately Low Income",4,"Supervisorial District 4",168,266.937841616881,261.036310922079,84,245.73618465319,84,292.143428511807,142,296.061547442821,5,238.208670795617,12,146.412884333821,NA,NA,5,202.511138112596,12,152.866242038217,37,296.023681894552,69,327.900014256522,37,258.452081587035,13,179.856115107914
"1085","PENINSULA",754,"Overall, concentrated, and child (0 to 18 years of age) poverty rate","2000",9,"Total","CT","06073010112","0101.12","San Diego","06073",NA,NA,"Child",1934,572.464,29.6,NA,NA,NA,NA,NA,1.5578947,"no",41661.5034577,101.12,"Mood Disorders","Hospitalization",2010,2,2,"N CENTRAL",4,"Urban Area",3,"Moderately Low Income",4,"Supervisorial District 4",168,266.937841616881,261.036310922079,84,245.73618465319,84,292.143428511807,142,296.061547442821,5,238.208670795617,12,146.412884333821,NA,NA,5,202.511138112596,12,152.866242038217,37,296.023681894552,69,327.900014256522,37,258.452081587035,13,179.856115107914
"1086","PENINSULA",754,"Overall, concentrated, and child (0 to 18 years of age) poverty rate","2000",9,"Total","CT","06073010011","0100.11","San Diego","06073",NA,NA,"Child",1124,114.648,10.2,NA,NA,NA,NA,NA,0.5368421,"no",41661.5034577,100.11,"Mood Disorders","Hospitalization",2010,2,2,"N CENTRAL",4,"Urban Area",3,"Moderately Low Income",4,"Supervisorial District 4",168,266.937841616881,261.036310922079,84,245.73618465319,84,292.143428511807,142,296.061547442821,5,238.208670795617,12,146.412884333821,NA,NA,5,202.511138112596,12,152.866242038217,37,296.023681894552,69,327.900014256522,37,258.452081587035,13,179.856115107914
"1087","PENINSULA",754,"Overall, concentrated, and child (0 to 18 years of age) poverty rate","2000",9,"Total","CT","06073010402","0104.02","San Diego","06073",NA,NA,"Child",1943,443.004,22.8,NA,NA,NA,NA,NA,1.2,"no",41661.5034577,104.02,"Mood Disorders","Hospitalization",2010,2,2,"N CENTRAL",4,"Urban Area",3,"Moderately Low Income",4,"Supervisorial District 4",168,266.937841616881,261.036310922079,84,245.73618465319,84,292.143428511807,142,296.061547442821,5,238.208670795617,12,146.412884333821,NA,NA,5,202.511138112596,12,152.866242038217,37,296.023681894552,69,327.900014256522,37,258.452081587035,13,179.856115107914
"1088","PENINSULA",754,"Overall, concentrated, and child (0 to 18 years of age) poverty rate","2000",9,"Total","CT","06073010003","0100.03","San Diego","06073",NA,NA,"Overall",6129,465.804,7.6,NA,NA,NA,NA,NA,0.5352113,"no",41661.5034577,100.03,"Mood Disorders","Hospitalization",2010,2,2,"N CENTRAL",4,"Urban Area",3,"Moderately Low Income",4,"Supervisorial District 4",168,266.937841616881,261.036310922079,84,245.73618465319,84,292.143428511807,142,296.061547442821,5,238.208670795617,12,146.412884333821,NA,NA,5,202.511138112596,12,152.866242038217,37,296.023681894552,69,327.900014256522,37,258.452081587035,13,179.856115107914
"1089","PENINSULA",754,"Overall, concentrated, and child (0 to 18 years of age) poverty rate","2000",9,"Total","CT","06073010003","0100.03","San Diego","06073",NA,NA,"Child",1771,164.703,9.3,NA,NA,NA,NA,NA,0.4894737,"no",41661.5034577,100.03,"Mood Disorders","Hospitalization",2010,2,2,"N CENTRAL",4,"Urban Area",3,"Moderately Low Income",4,"Supervisorial District 4",168,266.937841616881,261.036310922079,84,245.73618465319,84,292.143428511807,142,296.061547442821,5,238.208670795617,12,146.412884333821,NA,NA,5,202.511138112596,12,152.866242038217,37,296.023681894552,69,327.900014256522,37,258.452081587035,13,179.856115107914
"1090","PENINSULA",754,"Overall, concentrated, and child (0 to 18 years of age) poverty rate","2000",9,"Total","CT","06073010402","0104.02","San Diego","06073",NA,NA,"Overall",5778,947.592,16.4,NA,NA,NA,NA,NA,1.1549296,"no",41661.5034577,104.02,"Mood Disorders","Hospitalization",2010,2,2,"N CENTRAL",4,"Urban Area",3,"Moderately Low Income",4,"Supervisorial District 4",168,266.937841616881,261.036310922079,84,245.73618465319,84,292.143428511807,142,296.061547442821,5,238.208670795617,12,146.412884333821,NA,NA,5,202.511138112596,12,152.866242038217,37,296.023681894552,69,327.900014256522,37,258.452081587035,13,179.856115107914
"1091","PENINSULA",754,"Overall, concentrated, and child (0 to 18 years of age) poverty rate","2000",9,"Total","CT","06073010004","0100.04","San Diego","06073",NA,NA,"Child",1463,215.061,14.7,NA,NA,NA,NA,NA,0.7736842,"no",41661.5034577,100.04,"Mood Disorders","Hospitalization",2010,2,2,"N CENTRAL",4,"Urban Area",3,"Moderately Low Income",4,"Supervisorial District 4",168,266.937841616881,261.036310922079,84,245.73618465319,84,292.143428511807,142,296.061547442821,5,238.208670795617,12,146.412884333821,NA,NA,5,202.511138112596,12,152.866242038217,37,296.023681894552,69,327.900014256522,37,258.452081587035,13,179.856115107914
"1092","PENINSULA",754,"Overall, concentrated, and child (0 to 18 years of age) poverty rate","2000",9,"Total","CT","06073010110","0101.10","San Diego","06073",NA,NA,"Child",2237,344.498,15.4,NA,NA,NA,NA,NA,0.8105263,"no",41661.5034577,101.1,"Mood Disorders","Hospitalization",2010,2,2,"N CENTRAL",4,"Urban Area",3,"Moderately Low Income",4,"Supervisorial District 4",168,266.937841616881,261.036310922079,84,245.73618465319,84,292.143428511807,142,296.061547442821,5,238.208670795617,12,146.412884333821,NA,NA,5,202.511138112596,12,152.866242038217,37,296.023681894552,69,327.900014256522,37,258.452081587035,13,179.856115107914
"1093","PENINSULA",754,"Overall, concentrated, and child (0 to 18 years of age) poverty rate","2000",9,"Total","CT","06073009805","0098.05","San Diego","06073",NA,NA,"Overall",4888,190.632,3.9,NA,NA,NA,NA,NA,0.2746479,"no",41661.5034577,98.05,"Mood Disorders","Hospitalization",2010,2,2,"N CENTRAL",4,"Urban Area",3,"Moderately Low Income",4,"Supervisorial District 4",168,266.937841616881,261.036310922079,84,245.73618465319,84,292.143428511807,142,296.061547442821,5,238.208670795617,12,146.412884333821,NA,NA,5,202.511138112596,12,152.866242038217,37,296.023681894552,69,327.900014256522,37,258.452081587035,13,179.856115107914
"1094","PENINSULA",754,"Overall, concentrated, and child (0 to 18 years of age) poverty rate","2000",9,"Total","CT","06073010001","0100.01","San Diego","06073",NA,NA,"Child",1093,123.509,11.3,NA,NA,NA,NA,NA,0.5947368,"no",41661.5034577,100.01,"Mood Disorders","Hospitalization",2010,2,2,"N CENTRAL",4,"Urban Area",3,"Moderately Low Income",4,"Supervisorial District 4",168,266.937841616881,261.036310922079,84,245.73618465319,84,292.143428511807,142,296.061547442821,5,238.208670795617,12,146.412884333821,NA,NA,5,202.511138112596,12,152.866242038217,37,296.023681894552,69,327.900014256522,37,258.452081587035,13,179.856115107914
"1095","PENINSULA",754,"Overall, concentrated, and child (0 to 18 years of age) poverty rate","2000",9,"Total","CT","06073010109","0101.09","San Diego","06073",NA,NA,"Child",1646,111.928,6.8,NA,NA,NA,NA,NA,0.3578947,"no",41661.5034577,101.09,"Mood Disorders","Hospitalization",2010,2,2,"N CENTRAL",4,"Urban Area",3,"Moderately Low Income",4,"Supervisorial District 4",168,266.937841616881,261.036310922079,84,245.73618465319,84,292.143428511807,142,296.061547442821,5,238.208670795617,12,146.412884333821,NA,NA,5,202.511138112596,12,152.866242038217,37,296.023681894552,69,327.900014256522,37,258.452081587035,13,179.856115107914
"1096","PENINSULA",754,"Overall, concentrated, and child (0 to 18 years of age) poverty rate","2000",9,"Total","CT","06073010110","0101.10","San Diego","06073",NA,NA,"Overall",7322,768.81,10.5,NA,NA,NA,NA,NA,0.7394366,"no",41661.5034577,101.1,"Mood Disorders","Hospitalization",2010,2,2,"N CENTRAL",4,"Urban Area",3,"Moderately Low Income",4,"Supervisorial District 4",168,266.937841616881,261.036310922079,84,245.73618465319,84,292.143428511807,142,296.061547442821,5,238.208670795617,12,146.412884333821,NA,NA,5,202.511138112596,12,152.866242038217,37,296.023681894552,69,327.900014256522,37,258.452081587035,13,179.856115107914
"1097","PENINSULA",754,"Overall, concentrated, and child (0 to 18 years of age) poverty rate","2000",9,"Total","CT","06073010014","0100.14","San Diego","06073",NA,NA,"Overall",8314,0,0,NA,NA,NA,NA,NA,0,"no",41661.5034577,100.14,"Mood Disorders","Hospitalization",2010,2,2,"N CENTRAL",4,"Urban Area",3,"Moderately Low Income",4,"Supervisorial District 4",168,266.937841616881,261.036310922079,84,245.73618465319,84,292.143428511807,142,296.061547442821,5,238.208670795617,12,146.412884333821,NA,NA,5,202.511138112596,12,152.866242038217,37,296.023681894552,69,327.900014256522,37,258.452081587035,13,179.856115107914
"1098","PENINSULA",754,"Overall, concentrated, and child (0 to 18 years of age) poverty rate","2000",9,"Total","CT","06073010013","0100.13","San Diego","06073",NA,NA,"Overall",5547,1963.638,35.4,NA,NA,NA,NA,NA,2.4929577,"no",41661.5034577,100.13,"Mood Disorders","Hospitalization",2010,2,2,"N CENTRAL",4,"Urban Area",3,"Moderately Low Income",4,"Supervisorial District 4",168,266.937841616881,261.036310922079,84,245.73618465319,84,292.143428511807,142,296.061547442821,5,238.208670795617,12,146.412884333821,NA,NA,5,202.511138112596,12,152.866242038217,37,296.023681894552,69,327.900014256522,37,258.452081587035,13,179.856115107914
"1099","PENINSULA",754,"Overall, concentrated, and child (0 to 18 years of age) poverty rate","2000",9,"Total","CT","06073010111","0101.11","San Diego","06073",NA,NA,"Child",1169,317.968,27.2,NA,NA,NA,NA,NA,1.4315789,"no",41661.5034577,101.11,"Mood Disorders","Hospitalization",2010,2,2,"N CENTRAL",4,"Urban Area",3,"Moderately Low Income",4,"Supervisorial District 4",168,266.937841616881,261.036310922079,84,245.73618465319,84,292.143428511807,142,296.061547442821,5,238.208670795617,12,146.412884333821,NA,NA,5,202.511138112596,12,152.866242038217,37,296.023681894552,69,327.900014256522,37,258.452081587035,13,179.856115107914
"1100","PENINSULA",754,"Overall, concentrated, and child (0 to 18 years of age) poverty rate","2000",9,"Total","CT","06073010009","0100.09","San Diego","06073",NA,NA,"Overall",5794,1830.904,31.6,NA,NA,NA,NA,NA,2.2253521,"no",41661.5034577,100.09,"Mood Disorders","Hospitalization",2010,2,2,"N CENTRAL",4,"Urban Area",3,"Moderately Low Income",4,"Supervisorial District 4",168,266.937841616881,261.036310922079,84,245.73618465319,84,292.143428511807,142,296.061547442821,5,238.208670795617,12,146.412884333821,NA,NA,5,202.511138112596,12,152.866242038217,37,296.023681894552,69,327.900014256522,37,258.452081587035,13,179.856115107914
"1101","PENINSULA",754,"Overall, concentrated, and child (0 to 18 years of age) poverty rate","2000",9,"Total","CT","06073010107","0101.07","San Diego","06073",NA,NA,"Child",1760,440,25,NA,NA,NA,NA,NA,1.3157895,"no",41661.5034577,101.07,"Mood Disorders","Hospitalization",2010,2,2,"N CENTRAL",4,"Urban Area",3,"Moderately Low Income",4,"Supervisorial District 4",168,266.937841616881,261.036310922079,84,245.73618465319,84,292.143428511807,142,296.061547442821,5,238.208670795617,12,146.412884333821,NA,NA,5,202.511138112596,12,152.866242038217,37,296.023681894552,69,327.900014256522,37,258.452081587035,13,179.856115107914
"1102","POWAY",754,"Overall, concentrated, and child (0 to 18 years of age) poverty rate","2006-2010",9,"Total","CT","06073009804","0098.04","San Diego","06073",NA,NA,"Child",979,68.53,7,0,19.6297872,6.443769,92.0538428,NA,0.3664921,"no",41661.5034577,98.04,"Mood Disorders","Hospitalization",2010,15,6,"N INLAND",2,"Exurban Area",6,"Highest Income",2,"Supervisorial District 2",221,256.050793062298,266.689214803013,80,189.708323452692,141,319.430914569221,179,308.812366296322,7,463.269358041032,20,193.685841564982,5,38.0662352493338,6,177.777777777778,20,112.917795844625,69,682.560094964883,48,230.73595154545,60,223.322291286709,24,221.81146025878
"1103","POWAY",754,"Overall, concentrated, and child (0 to 18 years of age) poverty rate","2006-2010",9,"Total","CT","06073010103","0101.03","San Diego","06073",NA,NA,"Child",1659,175.854,10.6,0.8297872,20.3702128,4.9848024,47.026438,NA,0.5549738,"no",41661.5034577,101.03,"Mood Disorders","Hospitalization",2010,15,6,"N INLAND",2,"Exurban Area",6,"Highest Income",2,"Supervisorial District 2",221,256.050793062298,266.689214803013,80,189.708323452692,141,319.430914569221,179,308.812366296322,7,463.269358041032,20,193.685841564982,5,38.0662352493338,6,177.777777777778,20,112.917795844625,69,682.560094964883,48,230.73595154545,60,223.322291286709,24,221.81146025878
"1104","POWAY",754,"Overall, concentrated, and child (0 to 18 years of age) poverty rate","2006-2010",9,"Total","CT","06073010015","0100.15","San Diego","06073",NA,NA,"Overall",2108,482.732,22.9,9.3170213,36.4829787,6.9300912,30.2624069,NA,1.6715328,"no",41661.5034577,100.15,"Mood Disorders","Hospitalization",2010,15,6,"N INLAND",2,"Exurban Area",6,"Highest Income",2,"Supervisorial District 2",221,256.050793062298,266.689214803013,80,189.708323452692,141,319.430914569221,179,308.812366296322,7,463.269358041032,20,193.685841564982,5,38.0662352493338,6,177.777777777778,20,112.917795844625,69,682.560094964883,48,230.73595154545,60,223.322291286709,24,221.81146025878
"1105","POWAY",754,"Overall, concentrated, and child (0 to 18 years of age) poverty rate","2006-2010",9,"Total","CT","06073009801","0098.01","San Diego","06073",NA,NA,"Child",892,46.384,5.2,0,14.493617,4.7416413,91.1854103,NA,0.2722513,"no",41661.5034577,98.01,"Mood Disorders","Hospitalization",2010,15,6,"N INLAND",2,"Exurban Area",6,"Highest Income",2,"Supervisorial District 2",221,256.050793062298,266.689214803013,80,189.708323452692,141,319.430914569221,179,308.812366296322,7,463.269358041032,20,193.685841564982,5,38.0662352493338,6,177.777777777778,20,112.917795844625,69,682.560094964883,48,230.73595154545,60,223.322291286709,24,221.81146025878
"1106","POWAY",754,"Overall, concentrated, and child (0 to 18 years of age) poverty rate","2006-2010",9,"Total","CT","06073012800","0128.00","San Diego","06073",NA,NA,"Overall",3856,670.944,17.4,7.0340426,27.7659574,5.2887538,30.3951368,NA,1.270073,"no",41661.5034577,128,"Mood Disorders","Hospitalization",2010,15,6,"N INLAND",2,"Exurban Area",6,"Highest Income",2,"Supervisorial District 2",221,256.050793062298,266.689214803013,80,189.708323452692,141,319.430914569221,179,308.812366296322,7,463.269358041032,20,193.685841564982,5,38.0662352493338,6,177.777777777778,20,112.917795844625,69,682.560094964883,48,230.73595154545,60,223.322291286709,24,221.81146025878
"1107","POWAY",754,"Overall, concentrated, and child (0 to 18 years of age) poverty rate","2006-2010",9,"Total","CT","06073012900","0129.00","San Diego","06073",NA,NA,"Child",721,105.987,14.7,0,37.6957447,11.7325228,79.8130802,NA,0.7696335,"no",41661.5034577,129,"Mood Disorders","Hospitalization",2010,15,6,"N INLAND",2,"Exurban Area",6,"Highest Income",2,"Supervisorial District 2",221,256.050793062298,266.689214803013,80,189.708323452692,141,319.430914569221,179,308.812366296322,7,463.269358041032,20,193.685841564982,5,38.0662352493338,6,177.777777777778,20,112.917795844625,69,682.560094964883,48,230.73595154545,60,223.322291286709,24,221.81146025878
"1108","POWAY",754,"Overall, concentrated, and child (0 to 18 years of age) poverty rate","2006-2010",9,"Total","CT","06073013000","0130.00","San Diego","06073",NA,NA,"Child",1757,397.082,22.6,3.1787234,42.0212766,9.9088146,43.8443123,NA,1.1832461,"no",41661.5034577,130,"Mood Disorders","Hospitalization",2010,15,6,"N INLAND",2,"Exurban Area",6,"Highest Income",2,"Supervisorial District 2",221,256.050793062298,266.689214803013,80,189.708323452692,141,319.430914569221,179,308.812366296322,7,463.269358041032,20,193.685841564982,5,38.0662352493338,6,177.777777777778,20,112.917795844625,69,682.560094964883,48,230.73595154545,60,223.322291286709,24,221.81146025878
"1109","POWAY",754,"Overall, concentrated, and child (0 to 18 years of age) poverty rate","2006-2010",9,"Total","CT","06073013204","0132.04","San Diego","06073",NA,NA,"Child",1137,223.989,19.7,5.1638298,34.2361702,7.4164134,37.6467684,NA,1.0314136,"no",41661.5034577,132.04,"Mood Disorders","Hospitalization",2010,15,6,"N INLAND",2,"Exurban Area",6,"Highest Income",2,"Supervisorial District 2",221,256.050793062298,266.689214803013,80,189.708323452692,141,319.430914569221,179,308.812366296322,7,463.269358041032,20,193.685841564982,5,38.0662352493338,6,177.777777777778,20,112.917795844625,69,682.560094964883,48,230.73595154545,60,223.322291286709,24,221.81146025878
"1110","POWAY",754,"Overall, concentrated, and child (0 to 18 years of age) poverty rate","2006-2010",9,"Total","CT","06073012900","0129.00","San Diego","06073",NA,NA,"Overall",3174,269.79,8.5,0,17.912766,4.8024316,56.4991954,NA,0.620438,"no",41661.5034577,129,"Mood Disorders","Hospitalization",2010,15,6,"N INLAND",2,"Exurban Area",6,"Highest Income",2,"Supervisorial District 2",221,256.050793062298,266.689214803013,80,189.708323452692,141,319.430914569221,179,308.812366296322,7,463.269358041032,20,193.685841564982,5,38.0662352493338,6,177.777777777778,20,112.917795844625,69,682.560094964883,48,230.73595154545,60,223.322291286709,24,221.81146025878
"1111","POWAY",754,"Overall, concentrated, and child (0 to 18 years of age) poverty rate","2006-2010",9,"Total","CT","06073009802","0098.02","San Diego","06073",NA,NA,"Child",1411,131.223,9.3,0.7212766,17.8787234,4.3768997,47.0634376,NA,0.486911,"no",41661.5034577,98.02,"Mood Disorders","Hospitalization",2010,15,6,"N INLAND",2,"Exurban Area",6,"Highest Income",2,"Supervisorial District 2",221,256.050793062298,266.689214803013,80,189.708323452692,141,319.430914569221,179,308.812366296322,7,463.269358041032,20,193.685841564982,5,38.0662352493338,6,177.777777777778,20,112.917795844625,69,682.560094964883,48,230.73595154545,60,223.322291286709,24,221.81146025878
"1112","POWAY",754,"Overall, concentrated, and child (0 to 18 years of age) poverty rate","2006-2010",9,"Total","CT","06073012303","0123.03","San Diego","06073",NA,NA,"Child",398,23.88,6,0,17.0808511,5.6534954,94.224924,NA,0.3141361,"no",41661.5034577,123.03,"Mood Disorders","Hospitalization",2010,15,6,"N INLAND",2,"Exurban Area",6,"Highest Income",2,"Supervisorial District 2",221,256.050793062298,266.689214803013,80,189.708323452692,141,319.430914569221,179,308.812366296322,7,463.269358041032,20,193.685841564982,5,38.0662352493338,6,177.777777777778,20,112.917795844625,69,682.560094964883,48,230.73595154545,60,223.322291286709,24,221.81146025878
"1113","POWAY",754,"Overall, concentrated, and child (0 to 18 years of age) poverty rate","2006-2010",9,"Total","CT","06073012600","0126.00","San Diego","06073",NA,NA,"Child",1431,261.873,18.3,5.312766,31.287234,6.6261398,36.2084143,NA,0.9581152,"no",41661.5034577,126,"Mood Disorders","Hospitalization",2010,15,6,"N INLAND",2,"Exurban Area",6,"Highest Income",2,"Supervisorial District 2",221,256.050793062298,266.689214803013,80,189.708323452692,141,319.430914569221,179,308.812366296322,7,463.269358041032,20,193.685841564982,5,38.0662352493338,6,177.777777777778,20,112.917795844625,69,682.560094964883,48,230.73595154545,60,223.322291286709,24,221.81146025878
"1114","POWAY",754,"Overall, concentrated, and child (0 to 18 years of age) poverty rate","2006-2010",9,"Total","CT","06073010103","0101.03","San Diego","06073",NA,NA,"Overall",5822,721.928,12.4,6.4425532,18.3574468,3.0395137,24.5122071,NA,0.9051095,"no",41661.5034577,101.03,"Mood Disorders","Hospitalization",2010,15,6,"N INLAND",2,"Exurban Area",6,"Highest Income",2,"Supervisorial District 2",221,256.050793062298,266.689214803013,80,189.708323452692,141,319.430914569221,179,308.812366296322,7,463.269358041032,20,193.685841564982,5,38.0662352493338,6,177.777777777778,20,112.917795844625,69,682.560094964883,48,230.73595154545,60,223.322291286709,24,221.81146025878
"1115","POWAY",754,"Overall, concentrated, and child (0 to 18 years of age) poverty rate","2006-2010",9,"Total","CT","06073012002","0120.02","San Diego","06073",NA,NA,"Child",1196,633.88,53,32.2680851,73.7319149,10.5775076,19.9575615,NA,2.7748691,"no",41661.5034577,120.02,"Mood Disorders","Hospitalization",2010,15,6,"N INLAND",2,"Exurban Area",6,"Highest Income",2,"Supervisorial District 2",221,256.050793062298,266.689214803013,80,189.708323452692,141,319.430914569221,179,308.812366296322,7,463.269358041032,20,193.685841564982,5,38.0662352493338,6,177.777777777778,20,112.917795844625,69,682.560094964883,48,230.73595154545,60,223.322291286709,24,221.81146025878
"1116","POWAY",754,"Overall, concentrated, and child (0 to 18 years of age) poverty rate","2006-2010",9,"Total","CT","06073010015","0100.15","San Diego","06073",NA,NA,"Child",743,181.292,24.4,5.693617,43.106383,9.5440729,39.1150531,NA,1.2774869,"no",41661.5034577,100.15,"Mood Disorders","Hospitalization",2010,15,6,"N INLAND",2,"Exurban Area",6,"Highest Income",2,"Supervisorial District 2",221,256.050793062298,266.689214803013,80,189.708323452692,141,319.430914569221,179,308.812366296322,7,463.269358041032,20,193.685841564982,5,38.0662352493338,6,177.777777777778,20,112.917795844625,69,682.560094964883,48,230.73595154545,60,223.322291286709,24,221.81146025878
"1117","POWAY",754,"Overall, concentrated, and child (0 to 18 years of age) poverty rate","2006-2010",9,"Total","CT","06073011801","0118.01","San Diego","06073",NA,NA,"Child",1206,168.84,14,1.6085106,26.3914894,6.3221884,45.1584889,NA,0.7329843,"no",41661.5034577,118.01,"Mood Disorders","Hospitalization",2010,15,6,"N INLAND",2,"Exurban Area",6,"Highest Income",2,"Supervisorial District 2",221,256.050793062298,266.689214803013,80,189.708323452692,141,319.430914569221,179,308.812366296322,7,463.269358041032,20,193.685841564982,5,38.0662352493338,6,177.777777777778,20,112.917795844625,69,682.560094964883,48,230.73595154545,60,223.322291286709,24,221.81146025878
"1118","POWAY",754,"Overall, concentrated, and child (0 to 18 years of age) poverty rate","2006-2010",9,"Total","CT","06073013203","0132.03","San Diego","06073",NA,NA,"Overall",6003,1824.912,30.4,19.2,41.6,5.7142857,18.7969925,NA,2.2189781,"no",41661.5034577,132.03,"Mood Disorders","Hospitalization",2010,15,6,"N INLAND",2,"Exurban Area",6,"Highest Income",2,"Supervisorial District 2",221,256.050793062298,266.689214803013,80,189.708323452692,141,319.430914569221,179,308.812366296322,7,463.269358041032,20,193.685841564982,5,38.0662352493338,6,177.777777777778,20,112.917795844625,69,682.560094964883,48,230.73595154545,60,223.322291286709,24,221.81146025878
"1119","POWAY",754,"Overall, concentrated, and child (0 to 18 years of age) poverty rate","2006-2010",9,"Total","CT","06073010014","0100.14","San Diego","06073",NA,NA,"Overall",17479,699.16,4,1.1404255,6.8595745,1.4589666,36.4741641,NA,0.2919708,"no",41661.5034577,100.14,"Mood Disorders","Hospitalization",2010,15,6,"N INLAND",2,"Exurban Area",6,"Highest Income",2,"Supervisorial District 2",221,256.050793062298,266.689214803013,80,189.708323452692,141,319.430914569221,179,308.812366296322,7,463.269358041032,20,193.685841564982,5,38.0662352493338,6,177.777777777778,20,112.917795844625,69,682.560094964883,48,230.73595154545,60,223.322291286709,24,221.81146025878
"1120","POWAY",754,"Overall, concentrated, and child (0 to 18 years of age) poverty rate","2006-2010",9,"Total","CT","06073012200","0122.00","San Diego","06073",NA,NA,"Child",1387,775.333,55.9,22.6574468,89.1425532,16.9604863,30.3407627,NA,2.9267016,"no",41661.5034577,122,"Mood Disorders","Hospitalization",2010,15,6,"N INLAND",2,"Exurban Area",6,"Highest Income",2,"Supervisorial District 2",221,256.050793062298,266.689214803013,80,189.708323452692,141,319.430914569221,179,308.812366296322,7,463.269358041032,20,193.685841564982,5,38.0662352493338,6,177.777777777778,20,112.917795844625,69,682.560094964883,48,230.73595154545,60,223.322291286709,24,221.81146025878
"1121","POWAY",754,"Overall, concentrated, and child (0 to 18 years of age) poverty rate","2006-2010",9,"Total","CT","06073012502","0125.02","San Diego","06073",NA,NA,"Child",1245,378.48,30.4,10.9787234,49.8212766,9.9088146,32.5947848,NA,1.591623,"no",41661.5034577,125.02,"Mood Disorders","Hospitalization",2010,15,6,"N INLAND",2,"Exurban Area",6,"Highest Income",2,"Supervisorial District 2",221,256.050793062298,266.689214803013,80,189.708323452692,141,319.430914569221,179,308.812366296322,7,463.269358041032,20,193.685841564982,5,38.0662352493338,6,177.777777777778,20,112.917795844625,69,682.560094964883,48,230.73595154545,60,223.322291286709,24,221.81146025878
"1122","POWAY",754,"Overall, concentrated, and child (0 to 18 years of age) poverty rate","2006-2010",9,"Total","CT","06073009706","0097.06","San Diego","06073",NA,NA,"Overall",7004,574.328,8.2,3.9106383,12.4893617,2.1884498,26.6884128,NA,0.5985401,"no",41661.5034577,97.06,"Mood Disorders","Hospitalization",2010,15,6,"N INLAND",2,"Exurban Area",6,"Highest Income",2,"Supervisorial District 2",221,256.050793062298,266.689214803013,80,189.708323452692,141,319.430914569221,179,308.812366296322,7,463.269358041032,20,193.685841564982,5,38.0662352493338,6,177.777777777778,20,112.917795844625,69,682.560094964883,48,230.73595154545,60,223.322291286709,24,221.81146025878
"1123","POWAY",754,"Overall, concentrated, and child (0 to 18 years of age) poverty rate","2006-2010",9,"Total","CT","06073010014","0100.14","San Diego","06073",NA,NA,"Child",3600,266.4,7.4,0.8468085,13.9531915,3.343465,45.1819601,NA,0.3874346,"no",41661.5034577,100.14,"Mood Disorders","Hospitalization",2010,15,6,"N INLAND",2,"Exurban Area",6,"Highest Income",2,"Supervisorial District 2",221,256.050793062298,266.689214803013,80,189.708323452692,141,319.430914569221,179,308.812366296322,7,463.269358041032,20,193.685841564982,5,38.0662352493338,6,177.777777777778,20,112.917795844625,69,682.560094964883,48,230.73595154545,60,223.322291286709,24,221.81146025878
"1124","POWAY",754,"Overall, concentrated, and child (0 to 18 years of age) poverty rate","2006-2010",9,"Total","CT","06073009802","0098.02","San Diego","06073",NA,NA,"Overall",6360,508.8,8,3.8297872,12.1702128,2.1276596,26.5957447,NA,0.5839416,"no",41661.5034577,98.02,"Mood Disorders","Hospitalization",2010,15,6,"N INLAND",2,"Exurban Area",6,"Highest Income",2,"Supervisorial District 2",221,256.050793062298,266.689214803013,80,189.708323452692,141,319.430914569221,179,308.812366296322,7,463.269358041032,20,193.685841564982,5,38.0662352493338,6,177.777777777778,20,112.917795844625,69,682.560094964883,48,230.73595154545,60,223.322291286709,24,221.81146025878
"1125","POWAY",754,"Overall, concentrated, and child (0 to 18 years of age) poverty rate","2006-2010",9,"Total","CT","06073011902","0119.02","San Diego","06073",NA,NA,"Overall",5521,403.033,7.3,1.8191489,12.7808511,2.7963526,38.3061998,NA,0.5328467,"no",41661.5034577,119.02,"Mood Disorders","Hospitalization",2010,15,6,"N INLAND",2,"Exurban Area",6,"Highest Income",2,"Supervisorial District 2",221,256.050793062298,266.689214803013,80,189.708323452692,141,319.430914569221,179,308.812366296322,7,463.269358041032,20,193.685841564982,5,38.0662352493338,6,177.777777777778,20,112.917795844625,69,682.560094964883,48,230.73595154545,60,223.322291286709,24,221.81146025878
"1126","POWAY",754,"Overall, concentrated, and child (0 to 18 years of age) poverty rate","2006-2010",9,"Total","CT","06073009801","0098.01","San Diego","06073",NA,NA,"Overall",4972,198.88,4,0.7829787,7.2170213,1.6413374,41.0334347,NA,0.2919708,"no",41661.5034577,98.01,"Mood Disorders","Hospitalization",2010,15,6,"N INLAND",2,"Exurban Area",6,"Highest Income",2,"Supervisorial District 2",221,256.050793062298,266.689214803013,80,189.708323452692,141,319.430914569221,179,308.812366296322,7,463.269358041032,20,193.685841564982,5,38.0662352493338,6,177.777777777778,20,112.917795844625,69,682.560094964883,48,230.73595154545,60,223.322291286709,24,221.81146025878
"1127","POWAY",754,"Overall, concentrated, and child (0 to 18 years of age) poverty rate","2006-2010",9,"Total","CT","06073011902","0119.02","San Diego","06073",NA,NA,"Child",1109,143.061,12.9,0,28.3893617,7.9027356,61.261516,NA,0.6753927,"no",41661.5034577,119.02,"Mood Disorders","Hospitalization",2010,15,6,"N INLAND",2,"Exurban Area",6,"Highest Income",2,"Supervisorial District 2",221,256.050793062298,266.689214803013,80,189.708323452692,141,319.430914569221,179,308.812366296322,7,463.269358041032,20,193.685841564982,5,38.0662352493338,6,177.777777777778,20,112.917795844625,69,682.560094964883,48,230.73595154545,60,223.322291286709,24,221.81146025878
"1128","POWAY",754,"Overall, concentrated, and child (0 to 18 years of age) poverty rate","2006-2010",9,"Total","CT","06073009706","0097.06","San Diego","06073",NA,NA,"Child",1122,29.172,2.6,0,6.0553191,1.7629179,67.8045359,NA,0.1361257,"no",41661.5034577,97.06,"Mood Disorders","Hospitalization",2010,15,6,"N INLAND",2,"Exurban Area",6,"Highest Income",2,"Supervisorial District 2",221,256.050793062298,266.689214803013,80,189.708323452692,141,319.430914569221,179,308.812366296322,7,463.269358041032,20,193.685841564982,5,38.0662352493338,6,177.777777777778,20,112.917795844625,69,682.560094964883,48,230.73595154545,60,223.322291286709,24,221.81146025878
"1129","POWAY",754,"Overall, concentrated, and child (0 to 18 years of age) poverty rate","2006-2010",9,"Total","CT","06073011700","0117.00","San Diego","06073",NA,NA,"Overall",7139,2134.561,29.9,18.4617021,41.3382979,5.8358663,19.5179474,NA,2.1824818,"no",41661.5034577,117,"Mood Disorders","Hospitalization",2010,15,6,"N INLAND",2,"Exurban Area",6,"Highest Income",2,"Supervisorial District 2",221,256.050793062298,266.689214803013,80,189.708323452692,141,319.430914569221,179,308.812366296322,7,463.269358041032,20,193.685841564982,5,38.0662352493338,6,177.777777777778,20,112.917795844625,69,682.560094964883,48,230.73595154545,60,223.322291286709,24,221.81146025878
"1130","POWAY",754,"Overall, concentrated, and child (0 to 18 years of age) poverty rate","2006-2010",9,"Total","CT","06073010104","0101.04","San Diego","06073",NA,NA,"Child",695,134.135,19.3,0,48.9680851,15.1367781,78.4289022,NA,1.0104712,"no",41661.5034577,101.04,"Mood Disorders","Hospitalization",2010,15,6,"N INLAND",2,"Exurban Area",6,"Highest Income",2,"Supervisorial District 2",221,256.050793062298,266.689214803013,80,189.708323452692,141,319.430914569221,179,308.812366296322,7,463.269358041032,20,193.685841564982,5,38.0662352493338,6,177.777777777778,20,112.917795844625,69,682.560094964883,48,230.73595154545,60,223.322291286709,24,221.81146025878
"1131","POWAY",754,"Overall, concentrated, and child (0 to 18 years of age) poverty rate","2006-2010",9,"Total","CT","06073011802","0118.02","San Diego","06073",NA,NA,"Child",2218,800.698,36.1,20.9680851,51.2319149,7.7203647,21.3860519,NA,1.8900524,"no",41661.5034577,118.02,"Mood Disorders","Hospitalization",2010,15,6,"N INLAND",2,"Exurban Area",6,"Highest Income",2,"Supervisorial District 2",221,256.050793062298,266.689214803013,80,189.708323452692,141,319.430914569221,179,308.812366296322,7,463.269358041032,20,193.685841564982,5,38.0662352493338,6,177.777777777778,20,112.917795844625,69,682.560094964883,48,230.73595154545,60,223.322291286709,24,221.81146025878
"1132","POWAY",754,"Overall, concentrated, and child (0 to 18 years of age) poverty rate","2006-2010",9,"Total","CT","06073011801","0118.01","San Diego","06073",NA,NA,"Overall",3971,547.998,13.8,6.412766,21.187234,3.768997,27.3115722,NA,1.0072993,"no",41661.5034577,118.01,"Mood Disorders","Hospitalization",2010,15,6,"N INLAND",2,"Exurban Area",6,"Highest Income",2,"Supervisorial District 2",221,256.050793062298,266.689214803013,80,189.708323452692,141,319.430914569221,179,308.812366296322,7,463.269358041032,20,193.685841564982,5,38.0662352493338,6,177.777777777778,20,112.917795844625,69,682.560094964883,48,230.73595154545,60,223.322291286709,24,221.81146025878
"1133","POWAY",754,"Overall, concentrated, and child (0 to 18 years of age) poverty rate","2006-2010",9,"Total","CT","06073012502","0125.02","San Diego","06073",NA,NA,"Overall",3974,914.02,23,11.8,34.2,5.7142857,24.8447205,NA,1.6788321,"no",41661.5034577,125.02,"Mood Disorders","Hospitalization",2010,15,6,"N INLAND",2,"Exurban Area",6,"Highest Income",2,"Supervisorial District 2",221,256.050793062298,266.689214803013,80,189.708323452692,141,319.430914569221,179,308.812366296322,7,463.269358041032,20,193.685841564982,5,38.0662352493338,6,177.777777777778,20,112.917795844625,69,682.560094964883,48,230.73595154545,60,223.322291286709,24,221.81146025878
"1134","POWAY",754,"Overall, concentrated, and child (0 to 18 years of age) poverty rate","2006-2010",9,"Total","CT","06073012200","0122.00","San Diego","06073",NA,NA,"Overall",3418,1216.808,35.6,13.2,58,11.4285714,32.1027287,NA,2.5985401,"no",41661.5034577,122,"Mood Disorders","Hospitalization",2010,15,6,"N INLAND",2,"Exurban Area",6,"Highest Income",2,"Supervisorial District 2",221,256.050793062298,266.689214803013,80,189.708323452692,141,319.430914569221,179,308.812366296322,7,463.269358041032,20,193.685841564982,5,38.0662352493338,6,177.777777777778,20,112.917795844625,69,682.560094964883,48,230.73595154545,60,223.322291286709,24,221.81146025878
"1135","POWAY",754,"Overall, concentrated, and child (0 to 18 years of age) poverty rate","2006-2010",9,"Total","CT","06073012302","0123.02","San Diego","06073",NA,NA,"Overall",1311,108.813,8.3,3.8914894,12.7085106,2.2492401,27.0992786,NA,0.6058394,"no",41661.5034577,123.02,"Mood Disorders","Hospitalization",2010,15,6,"N INLAND",2,"Exurban Area",6,"Highest Income",2,"Supervisorial District 2",221,256.050793062298,266.689214803013,80,189.708323452692,141,319.430914569221,179,308.812366296322,7,463.269358041032,20,193.685841564982,5,38.0662352493338,6,177.777777777778,20,112.917795844625,69,682.560094964883,48,230.73595154545,60,223.322291286709,24,221.81146025878
"1136","POWAY",754,"Overall, concentrated, and child (0 to 18 years of age) poverty rate","2006-2010",9,"Total","CT","06073012501","0125.01","San Diego","06073",NA,NA,"Child",596,216.348,36.3,9.4914894,63.1085106,13.6778116,37.6799216,NA,1.9005236,"no",41661.5034577,125.01,"Mood Disorders","Hospitalization",2010,15,6,"N INLAND",2,"Exurban Area",6,"Highest Income",2,"Supervisorial District 2",221,256.050793062298,266.689214803013,80,189.708323452692,141,319.430914569221,179,308.812366296322,7,463.269358041032,20,193.685841564982,5,38.0662352493338,6,177.777777777778,20,112.917795844625,69,682.560094964883,48,230.73595154545,60,223.322291286709,24,221.81146025878
"1137","POWAY",754,"Overall, concentrated, and child (0 to 18 years of age) poverty rate","2006-2010",9,"Total","CT","06073012302","0123.02","San Diego","06073",NA,NA,"Child",209,0,0,0,26.3319149,13.4346505,NA,NA,0,"no",41661.5034577,123.02,"Mood Disorders","Hospitalization",2010,15,6,"N INLAND",2,"Exurban Area",6,"Highest Income",2,"Supervisorial District 2",221,256.050793062298,266.689214803013,80,189.708323452692,141,319.430914569221,179,308.812366296322,7,463.269358041032,20,193.685841564982,5,38.0662352493338,6,177.777777777778,20,112.917795844625,69,682.560094964883,48,230.73595154545,60,223.322291286709,24,221.81146025878
"1138","POWAY",754,"Overall, concentrated, and child (0 to 18 years of age) poverty rate","2006-2010",9,"Total","CT","06073009705","0097.05","San Diego","06073",NA,NA,"Overall",3425,126.725,3.7,1.0787234,6.3212766,1.337386,36.1455681,NA,0.270073,"no",41661.5034577,97.05,"Mood Disorders","Hospitalization",2010,15,6,"N INLAND",2,"Exurban Area",6,"Highest Income",2,"Supervisorial District 2",221,256.050793062298,266.689214803013,80,189.708323452692,141,319.430914569221,179,308.812366296322,7,463.269358041032,20,193.685841564982,5,38.0662352493338,6,177.777777777778,20,112.917795844625,69,682.560094964883,48,230.73595154545,60,223.322291286709,24,221.81146025878
"1139","POWAY",754,"Overall, concentrated, and child (0 to 18 years of age) poverty rate","2006-2010",9,"Total","CT","06073012102","0121.02","San Diego","06073",NA,NA,"Overall",2932,595.196,20.3,3.8574468,36.7425532,8.3890578,41.3254076,NA,1.4817518,"no",41661.5034577,121.02,"Mood Disorders","Hospitalization",2010,15,6,"N INLAND",2,"Exurban Area",6,"Highest Income",2,"Supervisorial District 2",221,256.050793062298,266.689214803013,80,189.708323452692,141,319.430914569221,179,308.812366296322,7,463.269358041032,20,193.685841564982,5,38.0662352493338,6,177.777777777778,20,112.917795844625,69,682.560094964883,48,230.73595154545,60,223.322291286709,24,221.81146025878
"1140","POWAY",754,"Overall, concentrated, and child (0 to 18 years of age) poverty rate","2006-2010",9,"Total","CT","06073011802","0118.02","San Diego","06073",NA,NA,"Overall",6513,1491.477,22.9,14.0829787,31.7170213,4.4984802,19.6440185,NA,1.6715328,"no",41661.5034577,118.02,"Mood Disorders","Hospitalization",2010,15,6,"N INLAND",2,"Exurban Area",6,"Highest Income",2,"Supervisorial District 2",221,256.050793062298,266.689214803013,80,189.708323452692,141,319.430914569221,179,308.812366296322,7,463.269358041032,20,193.685841564982,5,38.0662352493338,6,177.777777777778,20,112.917795844625,69,682.560094964883,48,230.73595154545,60,223.322291286709,24,221.81146025878
"1141","POWAY",754,"Overall, concentrated, and child (0 to 18 years of age) poverty rate","2006-2010",9,"Total","CT","06073012102","0121.02","San Diego","06073",NA,NA,"Child",811,377.115,46.5,16.712766,76.287234,15.1975684,32.6829428,NA,2.434555,"no",41661.5034577,121.02,"Mood Disorders","Hospitalization",2010,15,6,"N INLAND",2,"Exurban Area",6,"Highest Income",2,"Supervisorial District 2",221,256.050793062298,266.689214803013,80,189.708323452692,141,319.430914569221,179,308.812366296322,7,463.269358041032,20,193.685841564982,5,38.0662352493338,6,177.777777777778,20,112.917795844625,69,682.560094964883,48,230.73595154545,60,223.322291286709,24,221.81146025878
"1142","POWAY",754,"Overall, concentrated, and child (0 to 18 years of age) poverty rate","2006-2010",9,"Total","CT","06073012501","0125.01","San Diego","06073",NA,NA,"Overall",2951,767.26,26,12.4170213,39.5829787,6.9300912,26.6541969,NA,1.8978102,"no",41661.5034577,125.01,"Mood Disorders","Hospitalization",2010,15,6,"N INLAND",2,"Exurban Area",6,"Highest Income",2,"Supervisorial District 2",221,256.050793062298,266.689214803013,80,189.708323452692,141,319.430914569221,179,308.812366296322,7,463.269358041032,20,193.685841564982,5,38.0662352493338,6,177.777777777778,20,112.917795844625,69,682.560094964883,48,230.73595154545,60,223.322291286709,24,221.81146025878
"1143","POWAY",754,"Overall, concentrated, and child (0 to 18 years of age) poverty rate","2006-2010",9,"Total","CT","06073010010","0100.10","San Diego","06073",NA,NA,"Overall",5462,1130.634,20.7,12.2404255,29.1595745,4.3161094,20.8507702,NA,1.5109489,"no",41661.5034577,100.1,"Mood Disorders","Hospitalization",2010,15,6,"N INLAND",2,"Exurban Area",6,"Highest Income",2,"Supervisorial District 2",221,256.050793062298,266.689214803013,80,189.708323452692,141,319.430914569221,179,308.812366296322,7,463.269358041032,20,193.685841564982,5,38.0662352493338,6,177.777777777778,20,112.917795844625,69,682.560094964883,48,230.73595154545,60,223.322291286709,24,221.81146025878
"1144","POWAY",754,"Overall, concentrated, and child (0 to 18 years of age) poverty rate","2006-2010",9,"Total","CT","06073010104","0101.04","San Diego","06073",NA,NA,"Overall",3258,286.704,8.8,0,18.4510638,4.9240122,55.9546836,NA,0.6423358,"no",41661.5034577,101.04,"Mood Disorders","Hospitalization",2010,15,6,"N INLAND",2,"Exurban Area",6,"Highest Income",2,"Supervisorial District 2",221,256.050793062298,266.689214803013,80,189.708323452692,141,319.430914569221,179,308.812366296322,7,463.269358041032,20,193.685841564982,5,38.0662352493338,6,177.777777777778,20,112.917795844625,69,682.560094964883,48,230.73595154545,60,223.322291286709,24,221.81146025878
"1145","POWAY",754,"Overall, concentrated, and child (0 to 18 years of age) poverty rate","2006-2010",9,"Total","CT","06073012402","0124.02","San Diego","06073",NA,NA,"Overall",4615,567.645,12.3,3.3638298,21.2361702,4.5592705,37.06724,NA,0.8978102,"no",41661.5034577,124.02,"Mood Disorders","Hospitalization",2010,15,6,"N INLAND",2,"Exurban Area",6,"Highest Income",2,"Supervisorial District 2",221,256.050793062298,266.689214803013,80,189.708323452692,141,319.430914569221,179,308.812366296322,7,463.269358041032,20,193.685841564982,5,38.0662352493338,6,177.777777777778,20,112.917795844625,69,682.560094964883,48,230.73595154545,60,223.322291286709,24,221.81146025878
"1146","POWAY",754,"Overall, concentrated, and child (0 to 18 years of age) poverty rate","2006-2010",9,"Total","CT","06073012402","0124.02","San Diego","06073",NA,NA,"Child",1190,309.4,26,4.3148936,47.6851064,11.0638298,42.5531915,NA,1.3612565,"no",41661.5034577,124.02,"Mood Disorders","Hospitalization",2010,15,6,"N INLAND",2,"Exurban Area",6,"Highest Income",2,"Supervisorial District 2",221,256.050793062298,266.689214803013,80,189.708323452692,141,319.430914569221,179,308.812366296322,7,463.269358041032,20,193.685841564982,5,38.0662352493338,6,177.777777777778,20,112.917795844625,69,682.560094964883,48,230.73595154545,60,223.322291286709,24,221.81146025878
"1147","POWAY",754,"Overall, concentrated, and child (0 to 18 years of age) poverty rate","2006-2010",9,"Total","CT","06073010011","0100.11","San Diego","06073",NA,NA,"Overall",3544,304.784,8.6,2.7617021,14.4382979,2.9787234,34.6363187,NA,0.6277372,"no",41661.5034577,100.11,"Mood Disorders","Hospitalization",2010,15,6,"N INLAND",2,"Exurban Area",6,"Highest Income",2,"Supervisorial District 2",221,256.050793062298,266.689214803013,80,189.708323452692,141,319.430914569221,179,308.812366296322,7,463.269358041032,20,193.685841564982,5,38.0662352493338,6,177.777777777778,20,112.917795844625,69,682.560094964883,48,230.73595154545,60,223.322291286709,24,221.81146025878
"1148","POWAY",754,"Overall, concentrated, and child (0 to 18 years of age) poverty rate","2006-2010",9,"Total","CT","06073010011","0100.11","San Diego","06073",NA,NA,"Child",778,46.68,6,0,13.9829787,4.0729483,67.8824721,NA,0.3141361,"no",41661.5034577,100.11,"Mood Disorders","Hospitalization",2010,15,6,"N INLAND",2,"Exurban Area",6,"Highest Income",2,"Supervisorial District 2",221,256.050793062298,266.689214803013,80,189.708323452692,141,319.430914569221,179,308.812366296322,7,463.269358041032,20,193.685841564982,5,38.0662352493338,6,177.777777777778,20,112.917795844625,69,682.560094964883,48,230.73595154545,60,223.322291286709,24,221.81146025878
"1149","POWAY",754,"Overall, concentrated, and child (0 to 18 years of age) poverty rate","2006-2010",9,"Total","CT","06073012401","0124.01","San Diego","06073",NA,NA,"Overall",2990,598,20,11.3021277,28.6978723,4.43769,22.1884498,NA,1.459854,"no",41661.5034577,124.01,"Mood Disorders","Hospitalization",2010,15,6,"N INLAND",2,"Exurban Area",6,"Highest Income",2,"Supervisorial District 2",221,256.050793062298,266.689214803013,80,189.708323452692,141,319.430914569221,179,308.812366296322,7,463.269358041032,20,193.685841564982,5,38.0662352493338,6,177.777777777778,20,112.917795844625,69,682.560094964883,48,230.73595154545,60,223.322291286709,24,221.81146025878
"1150","POWAY",754,"Overall, concentrated, and child (0 to 18 years of age) poverty rate","2006-2010",9,"Total","CT","06073012101","0121.01","San Diego","06073",NA,NA,"Overall",2202,358.926,16.3,3.0744681,29.5255319,6.7477204,41.3970575,NA,1.189781,"no",41661.5034577,121.01,"Mood Disorders","Hospitalization",2010,15,6,"N INLAND",2,"Exurban Area",6,"Highest Income",2,"Supervisorial District 2",221,256.050793062298,266.689214803013,80,189.708323452692,141,319.430914569221,179,308.812366296322,7,463.269358041032,20,193.685841564982,5,38.0662352493338,6,177.777777777778,20,112.917795844625,69,682.560094964883,48,230.73595154545,60,223.322291286709,24,221.81146025878
"1151","POWAY",754,"Overall, concentrated, and child (0 to 18 years of age) poverty rate","2006-2010",9,"Total","CT","06073010010","0100.10","San Diego","06073",NA,NA,"Child",1382,381.432,27.6,12.587234,42.612766,7.6595745,27.7520814,NA,1.4450262,"no",41661.5034577,100.1,"Mood Disorders","Hospitalization",2010,15,6,"N INLAND",2,"Exurban Area",6,"Highest Income",2,"Supervisorial District 2",221,256.050793062298,266.689214803013,80,189.708323452692,141,319.430914569221,179,308.812366296322,7,463.269358041032,20,193.685841564982,5,38.0662352493338,6,177.777777777778,20,112.917795844625,69,682.560094964883,48,230.73595154545,60,223.322291286709,24,221.81146025878
"1152","RAMONA",754,"Overall, concentrated, and child (0 to 18 years of age) poverty rate","2006-2010",9,"Total","CT","06073020401","0204.01","San Diego","06073",NA,NA,"Overall",2493,84.762,3.4,0.1829787,6.6170213,1.6413374,48.274629,NA,0.2481752,"no",41661.5034577,204.01,"Mood Disorders","Hospitalization",2010,39,6,"N INLAND",1,"Rural Area",5,"High Income",2,"Supervisorial District 2",128,367.077717235446,383.518215793632,50,285.176524268522,78,449.904827824883,111,446.9498691363,NA,NA,7,85.2618757612668,NA,NA,NA,NA,13,185.555238367114,34,658.022063092704,47,591.865004407505,30,272.281720820476,NA,NA
"1153","RAMONA",754,"Overall, concentrated, and child (0 to 18 years of age) poverty rate","2006-2010",9,"Total","CT","06073020401","0204.01","San Diego","06073",NA,NA,"Child",541,0,0,0,8.4595745,4.3161094,NA,NA,0,"no",41661.5034577,204.01,"Mood Disorders","Hospitalization",2010,39,6,"N INLAND",1,"Rural Area",5,"High Income",2,"Supervisorial District 2",128,367.077717235446,383.518215793632,50,285.176524268522,78,449.904827824883,111,446.9498691363,NA,NA,7,85.2618757612668,NA,NA,NA,NA,13,185.555238367114,34,658.022063092704,47,591.865004407505,30,272.281720820476,NA,NA
"1154","RAMONA",754,"Overall, concentrated, and child (0 to 18 years of age) poverty rate","2006-2010",9,"Total","CT","06073020602","0206.02","San Diego","06073",NA,NA,"Overall",7137,2048.319,28.7,13.3297872,44.0702128,7.8419453,27.3238512,NA,2.0948905,"no",41661.5034577,206.02,"Mood Disorders","Hospitalization",2010,39,6,"N INLAND",1,"Rural Area",5,"High Income",2,"Supervisorial District 2",128,367.077717235446,383.518215793632,50,285.176524268522,78,449.904827824883,111,446.9498691363,NA,NA,7,85.2618757612668,NA,NA,NA,NA,13,185.555238367114,34,658.022063092704,47,591.865004407505,30,272.281720820476,NA,NA
"1155","RAMONA",754,"Overall, concentrated, and child (0 to 18 years of age) poverty rate","2006-2010",9,"Total","CT","06073020403","0204.03","San Diego","06073",NA,NA,"Child",1244,417.984,33.6,9.8893617,57.3106383,12.0972644,36.0037632,NA,1.7591623,"no",41661.5034577,204.03,"Mood Disorders","Hospitalization",2010,39,6,"N INLAND",1,"Rural Area",5,"High Income",2,"Supervisorial District 2",128,367.077717235446,383.518215793632,50,285.176524268522,78,449.904827824883,111,446.9498691363,NA,NA,7,85.2618757612668,NA,NA,NA,NA,13,185.555238367114,34,658.022063092704,47,591.865004407505,30,272.281720820476,NA,NA
"1156","RAMONA",754,"Overall, concentrated, and child (0 to 18 years of age) poverty rate","2006-2010",9,"Total","CT","06073020705","0207.05","San Diego","06073",NA,NA,"Overall",5682,352.284,6.2,1.4340426,10.9659574,2.4316109,39.2195313,NA,0.4525547,"no",41661.5034577,207.05,"Mood Disorders","Hospitalization",2010,39,6,"N INLAND",1,"Rural Area",5,"High Income",2,"Supervisorial District 2",128,367.077717235446,383.518215793632,50,285.176524268522,78,449.904827824883,111,446.9498691363,NA,NA,7,85.2618757612668,NA,NA,NA,NA,13,185.555238367114,34,658.022063092704,47,591.865004407505,30,272.281720820476,NA,NA
"1157","RAMONA",754,"Overall, concentrated, and child (0 to 18 years of age) poverty rate","2006-2010",9,"Total","CT","06073020602","0206.02","San Diego","06073",NA,NA,"Child",1355,162.6,12,0,27.3702128,7.8419453,65.3495441,NA,0.6282723,"no",41661.5034577,206.02,"Mood Disorders","Hospitalization",2010,39,6,"N INLAND",1,"Rural Area",5,"High Income",2,"Supervisorial District 2",128,367.077717235446,383.518215793632,50,285.176524268522,78,449.904827824883,111,446.9498691363,NA,NA,7,85.2618757612668,NA,NA,NA,NA,13,185.555238367114,34,658.022063092704,47,591.865004407505,30,272.281720820476,NA,NA
"1158","RAMONA",754,"Overall, concentrated, and child (0 to 18 years of age) poverty rate","2006-2010",9,"Total","CT","06073020403","0204.03","San Diego","06073",NA,NA,"Overall",3975,711.525,17.9,6.7,29.1,5.7142857,31.9233839,NA,1.3065693,"no",41661.5034577,204.03,"Mood Disorders","Hospitalization",2010,39,6,"N INLAND",1,"Rural Area",5,"High Income",2,"Supervisorial District 2",128,367.077717235446,383.518215793632,50,285.176524268522,78,449.904827824883,111,446.9498691363,NA,NA,7,85.2618757612668,NA,NA,NA,NA,13,185.555238367114,34,658.022063092704,47,591.865004407505,30,272.281720820476,NA,NA
"1159","RAMONA",754,"Overall, concentrated, and child (0 to 18 years of age) poverty rate","2006-2010",9,"Total","CT","06073020705","0207.05","San Diego","06073",NA,NA,"Child",1053,82.134,7.8,0,19.4765957,5.9574468,76.3775232,NA,0.408377,"no",41661.5034577,207.05,"Mood Disorders","Hospitalization",2010,39,6,"N INLAND",1,"Rural Area",5,"High Income",2,"Supervisorial District 2",128,367.077717235446,383.518215793632,50,285.176524268522,78,449.904827824883,111,446.9498691363,NA,NA,7,85.2618757612668,NA,NA,NA,NA,13,185.555238367114,34,658.022063092704,47,591.865004407505,30,272.281720820476,NA,NA
"1160","RAMONA",754,"Overall, concentrated, and child (0 to 18 years of age) poverty rate","2006-2010",9,"Total","CT","06073020707","0207.07","San Diego","06073",NA,NA,"Child",1574,796.444,50.6,29.2723404,71.9276596,10.881459,21.5048596,NA,2.6492147,"no",41661.5034577,207.07,"Mood Disorders","Hospitalization",2010,39,6,"N INLAND",1,"Rural Area",5,"High Income",2,"Supervisorial District 2",128,367.077717235446,383.518215793632,50,285.176524268522,78,449.904827824883,111,446.9498691363,NA,NA,7,85.2618757612668,NA,NA,NA,NA,13,185.555238367114,34,658.022063092704,47,591.865004407505,30,272.281720820476,NA,NA
"1161","RAMONA",754,"Overall, concentrated, and child (0 to 18 years of age) poverty rate","2006-2010",9,"Total","CT","06073020707","0207.07","San Diego","06073",NA,NA,"Overall",4415,1333.33,30.2,16.1404255,44.2595745,7.1732523,23.752491,NA,2.2043796,"no",41661.5034577,207.07,"Mood Disorders","Hospitalization",2010,39,6,"N INLAND",1,"Rural Area",5,"High Income",2,"Supervisorial District 2",128,367.077717235446,383.518215793632,50,285.176524268522,78,449.904827824883,111,446.9498691363,NA,NA,7,85.2618757612668,NA,NA,NA,NA,13,185.555238367114,34,658.022063092704,47,591.865004407505,30,272.281720820476,NA,NA
"1162","RAMONA",754,"Overall, concentrated, and child (0 to 18 years of age) poverty rate","2006-2010",9,"Total","CT","06073020405","0204.05","San Diego","06073",NA,NA,"Child",564,24.252,4.3,0,10.0191489,2.9179331,67.85891,NA,0.2251309,"no",41661.5034577,204.05,"Mood Disorders","Hospitalization",2010,39,6,"N INLAND",1,"Rural Area",5,"High Income",2,"Supervisorial District 2",128,367.077717235446,383.518215793632,50,285.176524268522,78,449.904827824883,111,446.9498691363,NA,NA,7,85.2618757612668,NA,NA,NA,NA,13,185.555238367114,34,658.022063092704,47,591.865004407505,30,272.281720820476,NA,NA
"1163","RAMONA",754,"Overall, concentrated, and child (0 to 18 years of age) poverty rate","2006-2010",9,"Total","CT","06073020405","0204.05","San Diego","06073",NA,NA,"Overall",3360,255.36,7.6,2.3574468,12.8425532,2.674772,35.1943689,NA,0.5547445,"no",41661.5034577,204.05,"Mood Disorders","Hospitalization",2010,39,6,"N INLAND",1,"Rural Area",5,"High Income",2,"Supervisorial District 2",128,367.077717235446,383.518215793632,50,285.176524268522,78,449.904827824883,111,446.9498691363,NA,NA,7,85.2618757612668,NA,NA,NA,NA,13,185.555238367114,34,658.022063092704,47,591.865004407505,30,272.281720820476,NA,NA
"1164","RAMONA",754,"Overall, concentrated, and child (0 to 18 years of age) poverty rate","2006-2010",9,"Total","CT","06073020404","0204.04","San Diego","06073",NA,NA,"Child",1471,378.047,25.7,6.993617,44.406383,9.5440729,37.1364706,NA,1.3455497,"no",41661.5034577,204.04,"Mood Disorders","Hospitalization",2010,39,6,"N INLAND",1,"Rural Area",5,"High Income",2,"Supervisorial District 2",128,367.077717235446,383.518215793632,50,285.176524268522,78,449.904827824883,111,446.9498691363,NA,NA,7,85.2618757612668,NA,NA,NA,NA,13,185.555238367114,34,658.022063092704,47,591.865004407505,30,272.281720820476,NA,NA
"1165","RAMONA",754,"Overall, concentrated, and child (0 to 18 years of age) poverty rate","2006-2010",9,"Total","CT","06073020404","0204.04","San Diego","06073",NA,NA,"Overall",5574,1103.652,19.8,10.506383,29.093617,4.7416413,23.9476835,NA,1.4452555,"no",41661.5034577,204.04,"Mood Disorders","Hospitalization",2010,39,6,"N INLAND",1,"Rural Area",5,"High Income",2,"Supervisorial District 2",128,367.077717235446,383.518215793632,50,285.176524268522,78,449.904827824883,111,446.9498691363,NA,NA,7,85.2618757612668,NA,NA,NA,NA,13,185.555238367114,34,658.022063092704,47,591.865004407505,30,272.281720820476,NA,NA
"1166","SAN DIEGUITO",754,"Overall, concentrated, and child (0 to 18 years of age) poverty rate","2006-2010",9,"Total","CT","06073013414","0134.14","San Diego","06073",NA,NA,"Child",1515,39.39,2.6,0,6.7702128,2.1276596,81.8330606,NA,0.1361257,"no",41661.5034577,134.14,"Mood Disorders","Hospitalization",2010,40,1,"N COASTAL",2,"Exurban Area",6,"Highest Income",3,"Supervisorial District 3",252,269.438029253272,273.30472577282,91,197.774493610363,161,338.833235120801,225,306.786108724997,NA,NA,11,87.7053101578696,5,118.427285646613,NA,NA,12,70.9345628657563,58,618.336886993603,63,255.443376718161,81,276.073619631902,38,287.269428485032
"1167","SAN DIEGUITO",754,"Overall, concentrated, and child (0 to 18 years of age) poverty rate","2006-2010",9,"Total","CT","06073013412","0134.12","San Diego","06073",NA,NA,"Overall",4911,324.126,6.6,1.5957447,11.6042553,2.5531915,38.6847195,NA,0.4817518,"no",41661.5034577,134.12,"Mood Disorders","Hospitalization",2010,40,1,"N COASTAL",2,"Exurban Area",6,"Highest Income",3,"Supervisorial District 3",252,269.438029253272,273.30472577282,91,197.774493610363,161,338.833235120801,225,306.786108724997,NA,NA,11,87.7053101578696,5,118.427285646613,NA,NA,12,70.9345628657563,58,618.336886993603,63,255.443376718161,81,276.073619631902,38,287.269428485032
"1168","SAN DIEGUITO",754,"Overall, concentrated, and child (0 to 18 years of age) poverty rate","2006-2010",9,"Total","CT","06073013307","0133.07","San Diego","06073",NA,NA,"Child",1192,21.456,1.8,0,5.1361702,1.7021277,94.5626478,NA,0.0942408,"no",41661.5034577,133.07,"Mood Disorders","Hospitalization",2010,40,1,"N COASTAL",2,"Exurban Area",6,"Highest Income",3,"Supervisorial District 3",252,269.438029253272,273.30472577282,91,197.774493610363,161,338.833235120801,225,306.786108724997,NA,NA,11,87.7053101578696,5,118.427285646613,NA,NA,12,70.9345628657563,58,618.336886993603,63,255.443376718161,81,276.073619631902,38,287.269428485032
"1169","SAN DIEGUITO",754,"Overall, concentrated, and child (0 to 18 years of age) poverty rate","2006-2010",9,"Total","CT","06073013420","0134.20","San Diego","06073",NA,NA,"Overall",3403,0,0,0,1.4297872,0.7294833,NA,NA,0,"no",41661.5034577,134.2,"Mood Disorders","Hospitalization",2010,40,1,"N COASTAL",2,"Exurban Area",6,"Highest Income",3,"Supervisorial District 3",252,269.438029253272,273.30472577282,91,197.774493610363,161,338.833235120801,225,306.786108724997,NA,NA,11,87.7053101578696,5,118.427285646613,NA,NA,12,70.9345628657563,58,618.336886993603,63,255.443376718161,81,276.073619631902,38,287.269428485032
"1170","SAN DIEGUITO",754,"Overall, concentrated, and child (0 to 18 years of age) poverty rate","2006-2010",9,"Total","CT","06073013604","0136.04","San Diego","06073",NA,NA,"Child",1464,70.272,4.8,0,11.7106383,3.5258359,73.4549139,NA,0.2513089,"no",41661.5034577,136.04,"Mood Disorders","Hospitalization",2010,40,1,"N COASTAL",2,"Exurban Area",6,"Highest Income",3,"Supervisorial District 3",252,269.438029253272,273.30472577282,91,197.774493610363,161,338.833235120801,225,306.786108724997,NA,NA,11,87.7053101578696,5,118.427285646613,NA,NA,12,70.9345628657563,58,618.336886993603,63,255.443376718161,81,276.073619631902,38,287.269428485032
"1171","SAN DIEGUITO",754,"Overall, concentrated, and child (0 to 18 years of age) poverty rate","2006-2010",9,"Total","CT","06073013606","0136.06","San Diego","06073",NA,NA,"Overall",5696,216.448,3.8,0.106383,7.493617,1.8844985,49.5920653,NA,0.2773723,"no",41661.5034577,136.06,"Mood Disorders","Hospitalization",2010,40,1,"N COASTAL",2,"Exurban Area",6,"Highest Income",3,"Supervisorial District 3",252,269.438029253272,273.30472577282,91,197.774493610363,161,338.833235120801,225,306.786108724997,NA,NA,11,87.7053101578696,5,118.427285646613,NA,NA,12,70.9345628657563,58,618.336886993603,63,255.443376718161,81,276.073619631902,38,287.269428485032
"1172","SAN DIEGUITO",754,"Overall, concentrated, and child (0 to 18 years of age) poverty rate","2006-2010",9,"Total","CT","06073013311","0133.11","San Diego","06073",NA,NA,"Overall",9914,327.162,3.3,0,6.8744681,1.8237082,55.2638851,NA,0.2408759,"no",41661.5034577,133.11,"Mood Disorders","Hospitalization",2010,40,1,"N COASTAL",2,"Exurban Area",6,"Highest Income",3,"Supervisorial District 3",252,269.438029253272,273.30472577282,91,197.774493610363,161,338.833235120801,225,306.786108724997,NA,NA,11,87.7053101578696,5,118.427285646613,NA,NA,12,70.9345628657563,58,618.336886993603,63,255.443376718161,81,276.073619631902,38,287.269428485032
"1173","SAN DIEGUITO",754,"Overall, concentrated, and child (0 to 18 years of age) poverty rate","2006-2010",9,"Total","CT","06073013409","0134.09","San Diego","06073",NA,NA,"Child",1310,87.77,6.7,0,14.9212766,4.1945289,62.6049086,NA,0.3507853,"no",41661.5034577,134.09,"Mood Disorders","Hospitalization",2010,40,1,"N COASTAL",2,"Exurban Area",6,"Highest Income",3,"Supervisorial District 3",252,269.438029253272,273.30472577282,91,197.774493610363,161,338.833235120801,225,306.786108724997,NA,NA,11,87.7053101578696,5,118.427285646613,NA,NA,12,70.9345628657563,58,618.336886993603,63,255.443376718161,81,276.073619631902,38,287.269428485032
"1174","SAN DIEGUITO",754,"Overall, concentrated, and child (0 to 18 years of age) poverty rate","2006-2010",9,"Total","CT","06073013701","0137.01","San Diego","06073",NA,NA,"Overall",2614,83.648,3.2,0.6978723,5.7021277,1.2765957,39.893617,NA,0.2335766,"no",41661.5034577,137.01,"Mood Disorders","Hospitalization",2010,40,1,"N COASTAL",2,"Exurban Area",6,"Highest Income",3,"Supervisorial District 3",252,269.438029253272,273.30472577282,91,197.774493610363,161,338.833235120801,225,306.786108724997,NA,NA,11,87.7053101578696,5,118.427285646613,NA,NA,12,70.9345628657563,58,618.336886993603,63,255.443376718161,81,276.073619631902,38,287.269428485032
"1175","SAN DIEGUITO",754,"Overall, concentrated, and child (0 to 18 years of age) poverty rate","2006-2010",9,"Total","CT","06073013410","0134.10","San Diego","06073",NA,NA,"Child",2267,115.617,5.1,0,12.2489362,3.6474164,71.5179689,NA,0.2670157,"no",41661.5034577,134.1,"Mood Disorders","Hospitalization",2010,40,1,"N COASTAL",2,"Exurban Area",6,"Highest Income",3,"Supervisorial District 3",252,269.438029253272,273.30472577282,91,197.774493610363,161,338.833235120801,225,306.786108724997,NA,NA,11,87.7053101578696,5,118.427285646613,NA,NA,12,70.9345628657563,58,618.336886993603,63,255.443376718161,81,276.073619631902,38,287.269428485032
"1176","SAN DIEGUITO",754,"Overall, concentrated, and child (0 to 18 years of age) poverty rate","2006-2010",9,"Total","CT","06073013601","0136.01","San Diego","06073",NA,NA,"Overall",5244,351.348,6.7,1.4574468,11.9425532,2.674772,39.9219707,NA,0.4890511,"no",41661.5034577,136.01,"Mood Disorders","Hospitalization",2010,40,1,"N COASTAL",2,"Exurban Area",6,"Highest Income",3,"Supervisorial District 3",252,269.438029253272,273.30472577282,91,197.774493610363,161,338.833235120801,225,306.786108724997,NA,NA,11,87.7053101578696,5,118.427285646613,NA,NA,12,70.9345628657563,58,618.336886993603,63,255.443376718161,81,276.073619631902,38,287.269428485032
"1177","SAN DIEGUITO",754,"Overall, concentrated, and child (0 to 18 years of age) poverty rate","2006-2010",9,"Total","CT","06073013419","0134.19","San Diego","06073",NA,NA,"Overall",7835,305.565,3.9,0.4446809,7.3553191,1.7629179,45.2030239,NA,0.2846715,"no",41661.5034577,134.19,"Mood Disorders","Hospitalization",2010,40,1,"N COASTAL",2,"Exurban Area",6,"Highest Income",3,"Supervisorial District 3",252,269.438029253272,273.30472577282,91,197.774493610363,161,338.833235120801,225,306.786108724997,NA,NA,11,87.7053101578696,5,118.427285646613,NA,NA,12,70.9345628657563,58,618.336886993603,63,255.443376718161,81,276.073619631902,38,287.269428485032
"1178","SAN DIEGUITO",754,"Overall, concentrated, and child (0 to 18 years of age) poverty rate","2006-2010",9,"Total","CT","06073013312","0133.12","San Diego","06073",NA,NA,"Child",778,133.038,17.1,0,38.5468085,10.9422492,63.9897616,NA,0.895288,"no",41661.5034577,133.12,"Mood Disorders","Hospitalization",2010,40,1,"N COASTAL",2,"Exurban Area",6,"Highest Income",3,"Supervisorial District 3",252,269.438029253272,273.30472577282,91,197.774493610363,161,338.833235120801,225,306.786108724997,NA,NA,11,87.7053101578696,5,118.427285646613,NA,NA,12,70.9345628657563,58,618.336886993603,63,255.443376718161,81,276.073619631902,38,287.269428485032
"1179","SAN DIEGUITO",754,"Overall, concentrated, and child (0 to 18 years of age) poverty rate","2006-2010",9,"Total","CT","06073013702","0137.02","San Diego","06073",NA,NA,"Child",1264,216.144,17.1,4.4702128,29.7297872,6.443769,37.6828596,NA,0.895288,"no",41661.5034577,137.02,"Mood Disorders","Hospitalization",2010,40,1,"N COASTAL",2,"Exurban Area",6,"Highest Income",3,"Supervisorial District 3",252,269.438029253272,273.30472577282,91,197.774493610363,161,338.833235120801,225,306.786108724997,NA,NA,11,87.7053101578696,5,118.427285646613,NA,NA,12,70.9345628657563,58,618.336886993603,63,255.443376718161,81,276.073619631902,38,287.269428485032
"1180","SAN DIEGUITO",754,"Overall, concentrated, and child (0 to 18 years of age) poverty rate","2006-2010",9,"Total","CT","06073013409","0134.09","San Diego","06073",NA,NA,"Overall",5451,332.511,6.1,1.8106383,10.3893617,2.1884498,35.876227,NA,0.4452555,"no",41661.5034577,134.09,"Mood Disorders","Hospitalization",2010,40,1,"N COASTAL",2,"Exurban Area",6,"Highest Income",3,"Supervisorial District 3",252,269.438029253272,273.30472577282,91,197.774493610363,161,338.833235120801,225,306.786108724997,NA,NA,11,87.7053101578696,5,118.427285646613,NA,NA,12,70.9345628657563,58,618.336886993603,63,255.443376718161,81,276.073619631902,38,287.269428485032
"1181","SAN DIEGUITO",754,"Overall, concentrated, and child (0 to 18 years of age) poverty rate","2006-2010",9,"Total","CT","06073013906","0139.06","San Diego","06073",NA,NA,"Child",1102,60.61,5.5,0,11.9340426,3.2826748,59.6849959,NA,0.2879581,"no",41661.5034577,139.06,"Mood Disorders","Hospitalization",2010,40,1,"N COASTAL",2,"Exurban Area",6,"Highest Income",3,"Supervisorial District 3",252,269.438029253272,273.30472577282,91,197.774493610363,161,338.833235120801,225,306.786108724997,NA,NA,11,87.7053101578696,5,118.427285646613,NA,NA,12,70.9345628657563,58,618.336886993603,63,255.443376718161,81,276.073619631902,38,287.269428485032
"1182","SAN DIEGUITO",754,"Overall, concentrated, and child (0 to 18 years of age) poverty rate","2006-2010",9,"Total","CT","06073013417","0134.17","San Diego","06073",NA,NA,"Child",620,96.1,15.5,0,45.1680851,15.1367781,97.656633,NA,0.8115183,"no",41661.5034577,134.17,"Mood Disorders","Hospitalization",2010,40,1,"N COASTAL",2,"Exurban Area",6,"Highest Income",3,"Supervisorial District 3",252,269.438029253272,273.30472577282,91,197.774493610363,161,338.833235120801,225,306.786108724997,NA,NA,11,87.7053101578696,5,118.427285646613,NA,NA,12,70.9345628657563,58,618.336886993603,63,255.443376718161,81,276.073619631902,38,287.269428485032
"1183","SAN DIEGUITO",754,"Overall, concentrated, and child (0 to 18 years of age) poverty rate","2006-2010",9,"Total","CT","06073013907","0139.07","San Diego","06073",NA,NA,"Child",1595,947.43,59.4,41.1702128,77.6297872,9.3009119,15.6581008,NA,3.1099476,"yes",41661.5034577,139.07,"Mood Disorders","Hospitalization",2010,40,1,"N COASTAL",2,"Exurban Area",6,"Highest Income",3,"Supervisorial District 3",252,269.438029253272,273.30472577282,91,197.774493610363,161,338.833235120801,225,306.786108724997,NA,NA,11,87.7053101578696,5,118.427285646613,NA,NA,12,70.9345628657563,58,618.336886993603,63,255.443376718161,81,276.073619631902,38,287.269428485032
"1184","SAN DIEGUITO",754,"Overall, concentrated, and child (0 to 18 years of age) poverty rate","2006-2010",9,"Total","CT","06073013306","0133.06","San Diego","06073",NA,NA,"Overall",4667,228.683,4.9,1.5638298,8.2361702,1.7021277,34.7372992,NA,0.3576642,"no",41661.5034577,133.06,"Mood Disorders","Hospitalization",2010,40,1,"N COASTAL",2,"Exurban Area",6,"Highest Income",3,"Supervisorial District 3",252,269.438029253272,273.30472577282,91,197.774493610363,161,338.833235120801,225,306.786108724997,NA,NA,11,87.7053101578696,5,118.427285646613,NA,NA,12,70.9345628657563,58,618.336886993603,63,255.443376718161,81,276.073619631902,38,287.269428485032
"1185","SAN DIEGUITO",754,"Overall, concentrated, and child (0 to 18 years of age) poverty rate","2006-2010",9,"Total","CT","06073013420","0134.20","San Diego","06073",NA,NA,"Child",973,0,0,0,5.3617021,2.7355623,NA,NA,0,"no",41661.5034577,134.2,"Mood Disorders","Hospitalization",2010,40,1,"N COASTAL",2,"Exurban Area",6,"Highest Income",3,"Supervisorial District 3",252,269.438029253272,273.30472577282,91,197.774493610363,161,338.833235120801,225,306.786108724997,NA,NA,11,87.7053101578696,5,118.427285646613,NA,NA,12,70.9345628657563,58,618.336886993603,63,255.443376718161,81,276.073619631902,38,287.269428485032
"1186","SAN DIEGUITO",754,"Overall, concentrated, and child (0 to 18 years of age) poverty rate","2006-2010",9,"Total","CT","06073013401","0134.01","San Diego","06073",NA,NA,"Overall",4139,314.564,7.6,3.1914894,12.0085106,2.2492401,29.5952648,NA,0.5547445,"no",41661.5034577,134.01,"Mood Disorders","Hospitalization",2010,40,1,"N COASTAL",2,"Exurban Area",6,"Highest Income",3,"Supervisorial District 3",252,269.438029253272,273.30472577282,91,197.774493610363,161,338.833235120801,225,306.786108724997,NA,NA,11,87.7053101578696,5,118.427285646613,NA,NA,12,70.9345628657563,58,618.336886993603,63,255.443376718161,81,276.073619631902,38,287.269428485032
"1187","SAN DIEGUITO",754,"Overall, concentrated, and child (0 to 18 years of age) poverty rate","2006-2010",9,"Total","CT","06073013506","0135.06","San Diego","06073",NA,NA,"Overall",3378,320.91,9.5,0.8021277,18.1978723,4.43769,46.712526,NA,0.6934307,"no",41661.5034577,135.06,"Mood Disorders","Hospitalization",2010,40,1,"N COASTAL",2,"Exurban Area",6,"Highest Income",3,"Supervisorial District 3",252,269.438029253272,273.30472577282,91,197.774493610363,161,338.833235120801,225,306.786108724997,NA,NA,11,87.7053101578696,5,118.427285646613,NA,NA,12,70.9345628657563,58,618.336886993603,63,255.443376718161,81,276.073619631902,38,287.269428485032
"1188","SAN DIEGUITO",754,"Overall, concentrated, and child (0 to 18 years of age) poverty rate","2006-2010",9,"Total","CT","06073013416","0134.16","San Diego","06073",NA,NA,"Child",922,16.596,1.8,0,4.5404255,1.3981763,77.6764607,NA,0.0942408,"no",41661.5034577,134.16,"Mood Disorders","Hospitalization",2010,40,1,"N COASTAL",2,"Exurban Area",6,"Highest Income",3,"Supervisorial District 3",252,269.438029253272,273.30472577282,91,197.774493610363,161,338.833235120801,225,306.786108724997,NA,NA,11,87.7053101578696,5,118.427285646613,NA,NA,12,70.9345628657563,58,618.336886993603,63,255.443376718161,81,276.073619631902,38,287.269428485032
"1189","SAN DIEGUITO",754,"Overall, concentrated, and child (0 to 18 years of age) poverty rate","2006-2010",9,"Total","CT","06073013906","0139.06","San Diego","06073",NA,NA,"Overall",4720,325.68,6.9,2.3723404,11.4276596,2.3100304,33.4787014,NA,0.5036496,"no",41661.5034577,139.06,"Mood Disorders","Hospitalization",2010,40,1,"N COASTAL",2,"Exurban Area",6,"Highest Income",3,"Supervisorial District 3",252,269.438029253272,273.30472577282,91,197.774493610363,161,338.833235120801,225,306.786108724997,NA,NA,11,87.7053101578696,5,118.427285646613,NA,NA,12,70.9345628657563,58,618.336886993603,63,255.443376718161,81,276.073619631902,38,287.269428485032
"1190","SAN DIEGUITO",754,"Overall, concentrated, and child (0 to 18 years of age) poverty rate","2006-2010",9,"Total","CT","06073013303","0133.03","San Diego","06073",NA,NA,"Overall",4741,355.575,7.5,1.9,13.1,2.8571429,38.0952381,NA,0.5474453,"no",41661.5034577,133.03,"Mood Disorders","Hospitalization",2010,40,1,"N COASTAL",2,"Exurban Area",6,"Highest Income",3,"Supervisorial District 3",252,269.438029253272,273.30472577282,91,197.774493610363,161,338.833235120801,225,306.786108724997,NA,NA,11,87.7053101578696,5,118.427285646613,NA,NA,12,70.9345628657563,58,618.336886993603,63,255.443376718161,81,276.073619631902,38,287.269428485032
"1191","SAN DIEGUITO",754,"Overall, concentrated, and child (0 to 18 years of age) poverty rate","2006-2010",9,"Total","CT","06073013415","0134.15","San Diego","06073",NA,NA,"Overall",1487,101.116,6.8,0,15.1404255,4.2553191,62.5782228,NA,0.4963504,"no",41661.5034577,134.15,"Mood Disorders","Hospitalization",2010,40,1,"N COASTAL",2,"Exurban Area",6,"Highest Income",3,"Supervisorial District 3",252,269.438029253272,273.30472577282,91,197.774493610363,161,338.833235120801,225,306.786108724997,NA,NA,11,87.7053101578696,5,118.427285646613,NA,NA,12,70.9345628657563,58,618.336886993603,63,255.443376718161,81,276.073619631902,38,287.269428485032
"1192","SAN DIEGUITO",754,"Overall, concentrated, and child (0 to 18 years of age) poverty rate","2006-2010",9,"Total","CT","06073013701","0137.01","San Diego","06073",NA,NA,"Child",614,11.052,1.8,0,5.2553191,1.7629179,97.9398852,NA,0.0942408,"no",41661.5034577,137.01,"Mood Disorders","Hospitalization",2010,40,1,"N COASTAL",2,"Exurban Area",6,"Highest Income",3,"Supervisorial District 3",252,269.438029253272,273.30472577282,91,197.774493610363,161,338.833235120801,225,306.786108724997,NA,NA,11,87.7053101578696,5,118.427285646613,NA,NA,12,70.9345628657563,58,618.336886993603,63,255.443376718161,81,276.073619631902,38,287.269428485032
"1193","SAN DIEGUITO",754,"Overall, concentrated, and child (0 to 18 years of age) poverty rate","2006-2010",9,"Total","CT","06073013306","0133.06","San Diego","06073",NA,NA,"Child",1467,38.142,2.6,0,5.9361702,1.7021277,65.4664484,NA,0.1361257,"no",41661.5034577,133.06,"Mood Disorders","Hospitalization",2010,40,1,"N COASTAL",2,"Exurban Area",6,"Highest Income",3,"Supervisorial District 3",252,269.438029253272,273.30472577282,91,197.774493610363,161,338.833235120801,225,306.786108724997,NA,NA,11,87.7053101578696,5,118.427285646613,NA,NA,12,70.9345628657563,58,618.336886993603,63,255.443376718161,81,276.073619631902,38,287.269428485032
"1194","SAN DIEGUITO",754,"Overall, concentrated, and child (0 to 18 years of age) poverty rate","2006-2010",9,"Total","CT","06073013905","0139.05","San Diego","06073",NA,NA,"Overall",3539,396.368,11.2,0.8340426,21.5659574,5.2887538,47.2210161,NA,0.8175182,"no",41661.5034577,139.05,"Mood Disorders","Hospitalization",2010,40,1,"N COASTAL",2,"Exurban Area",6,"Highest Income",3,"Supervisorial District 3",252,269.438029253272,273.30472577282,91,197.774493610363,161,338.833235120801,225,306.786108724997,NA,NA,11,87.7053101578696,5,118.427285646613,NA,NA,12,70.9345628657563,58,618.336886993603,63,255.443376718161,81,276.073619631902,38,287.269428485032
"1195","SAN DIEGUITO",754,"Overall, concentrated, and child (0 to 18 years of age) poverty rate","2006-2010",9,"Total","CT","06073013309","0133.09","San Diego","06073",NA,NA,"Overall",6883,440.512,6.4,1.1574468,11.6425532,2.674772,41.7933131,NA,0.4671533,"no",41661.5034577,133.09,"Mood Disorders","Hospitalization",2010,40,1,"N COASTAL",2,"Exurban Area",6,"Highest Income",3,"Supervisorial District 3",252,269.438029253272,273.30472577282,91,197.774493610363,161,338.833235120801,225,306.786108724997,NA,NA,11,87.7053101578696,5,118.427285646613,NA,NA,12,70.9345628657563,58,618.336886993603,63,255.443376718161,81,276.073619631902,38,287.269428485032
"1196","SAN DIEGUITO",754,"Overall, concentrated, and child (0 to 18 years of age) poverty rate","2006-2010",9,"Total","CT","06073013415","0134.15","San Diego","06073",NA,NA,"Child",343,0,0,0,13.106383,6.6869301,NA,NA,0,"no",41661.5034577,134.15,"Mood Disorders","Hospitalization",2010,40,1,"N COASTAL",2,"Exurban Area",6,"Highest Income",3,"Supervisorial District 3",252,269.438029253272,273.30472577282,91,197.774493610363,161,338.833235120801,225,306.786108724997,NA,NA,11,87.7053101578696,5,118.427285646613,NA,NA,12,70.9345628657563,58,618.336886993603,63,255.443376718161,81,276.073619631902,38,287.269428485032
"1197","SAN DIEGUITO",754,"Overall, concentrated, and child (0 to 18 years of age) poverty rate","2006-2010",9,"Total","CT","06073013416","0134.16","San Diego","06073",NA,NA,"Overall",4014,76.266,1.9,0,3.9255319,1.0334347,54.3912974,NA,0.1386861,"no",41661.5034577,134.16,"Mood Disorders","Hospitalization",2010,40,1,"N COASTAL",2,"Exurban Area",6,"Highest Income",3,"Supervisorial District 3",252,269.438029253272,273.30472577282,91,197.774493610363,161,338.833235120801,225,306.786108724997,NA,NA,11,87.7053101578696,5,118.427285646613,NA,NA,12,70.9345628657563,58,618.336886993603,63,255.443376718161,81,276.073619631902,38,287.269428485032
"1198","SAN DIEGUITO",754,"Overall, concentrated, and child (0 to 18 years of age) poverty rate","2006-2010",9,"Total","CT","06073013310","0133.10","San Diego","06073",NA,NA,"Child",8880,994.56,11.2,4.8851064,17.5148936,3.2218845,28.7668259,NA,0.5863874,"no",41661.5034577,133.1,"Mood Disorders","Hospitalization",2010,40,1,"N COASTAL",2,"Exurban Area",6,"Highest Income",3,"Supervisorial District 3",252,269.438029253272,273.30472577282,91,197.774493610363,161,338.833235120801,225,306.786108724997,NA,NA,11,87.7053101578696,5,118.427285646613,NA,NA,12,70.9345628657563,58,618.336886993603,63,255.443376718161,81,276.073619631902,38,287.269428485032
"1199","SAN DIEGUITO",754,"Overall, concentrated, and child (0 to 18 years of age) poverty rate","2006-2010",9,"Total","CT","06073013421","0134.21","San Diego","06073",NA,NA,"Child",1210,117.37,9.7,0,20.6617021,5.5927052,57.6567543,NA,0.5078534,"no",41661.5034577,134.21,"Mood Disorders","Hospitalization",2010,40,1,"N COASTAL",2,"Exurban Area",6,"Highest Income",3,"Supervisorial District 3",252,269.438029253272,273.30472577282,91,197.774493610363,161,338.833235120801,225,306.786108724997,NA,NA,11,87.7053101578696,5,118.427285646613,NA,NA,12,70.9345628657563,58,618.336886993603,63,255.443376718161,81,276.073619631902,38,287.269428485032
"1200","SAN DIEGUITO",754,"Overall, concentrated, and child (0 to 18 years of age) poverty rate","2006-2010",9,"Total","CT","06073013414","0134.14","San Diego","06073",NA,NA,"Overall",6300,100.8,1.6,0,3.506383,0.9726444,60.7902736,NA,0.1167883,"no",41661.5034577,134.14,"Mood Disorders","Hospitalization",2010,40,1,"N COASTAL",2,"Exurban Area",6,"Highest Income",3,"Supervisorial District 3",252,269.438029253272,273.30472577282,91,197.774493610363,161,338.833235120801,225,306.786108724997,NA,NA,11,87.7053101578696,5,118.427285646613,NA,NA,12,70.9345628657563,58,618.336886993603,63,255.443376718161,81,276.073619631902,38,287.269428485032
"1201","SAN DIEGUITO",754,"Overall, concentrated, and child (0 to 18 years of age) poverty rate","2006-2010",9,"Total","CT","06073013601","0136.01","San Diego","06073",NA,NA,"Child",1234,170.292,13.8,0,30.1234043,8.3282675,60.3497643,NA,0.7225131,"no",41661.5034577,136.01,"Mood Disorders","Hospitalization",2010,40,1,"N COASTAL",2,"Exurban Area",6,"Highest Income",3,"Supervisorial District 3",252,269.438029253272,273.30472577282,91,197.774493610363,161,338.833235120801,225,306.786108724997,NA,NA,11,87.7053101578696,5,118.427285646613,NA,NA,12,70.9345628657563,58,618.336886993603,63,255.443376718161,81,276.073619631902,38,287.269428485032
"1202","SAN DIEGUITO",754,"Overall, concentrated, and child (0 to 18 years of age) poverty rate","2006-2010",9,"Total","CT","06073013311","0133.11","San Diego","06073",NA,NA,"Child",3462,121.17,3.5,0,8.5042553,2.5531915,72.9483283,NA,0.1832461,"no",41661.5034577,133.11,"Mood Disorders","Hospitalization",2010,40,1,"N COASTAL",2,"Exurban Area",6,"Highest Income",3,"Supervisorial District 3",252,269.438029253272,273.30472577282,91,197.774493610363,161,338.833235120801,225,306.786108724997,NA,NA,11,87.7053101578696,5,118.427285646613,NA,NA,12,70.9345628657563,58,618.336886993603,63,255.443376718161,81,276.073619631902,38,287.269428485032
"1203","SAN DIEGUITO",754,"Overall, concentrated, and child (0 to 18 years of age) poverty rate","2006-2010",9,"Total","CT","06073013310","0133.10","San Diego","06073",NA,NA,"Overall",27706,1828.596,6.6,3.6212766,9.5787234,1.5197568,23.0266188,NA,0.4817518,"no",41661.5034577,133.1,"Mood Disorders","Hospitalization",2010,40,1,"N COASTAL",2,"Exurban Area",6,"Highest Income",3,"Supervisorial District 3",252,269.438029253272,273.30472577282,91,197.774493610363,161,338.833235120801,225,306.786108724997,NA,NA,11,87.7053101578696,5,118.427285646613,NA,NA,12,70.9345628657563,58,618.336886993603,63,255.443376718161,81,276.073619631902,38,287.269428485032
"1204","SAN MARCOS",754,"Overall, concentrated, and child (0 to 18 years of age) poverty rate","2006-2010",9,"Total","CT","06073019001","0190.01","San Diego","06073",NA,NA,"Overall",6315,404.16,6.4,2.9446809,9.8553191,1.7629179,27.5455927,NA,0.4671533,"no",41661.5034577,190.01,"Mood Disorders","Hospitalization",2010,51,6,"N INLAND",3,"Suburban Area",3,"Moderately Low Income",5,"Supervisorial District 5",224,248.985716667593,249.068588337577,69,156.832439312665,155,337.183754269181,171,376.34526927394,12,681.044267877412,24,73.5925426223476,5,68.6436024162548,8,278.745644599303,23,114.844959304938,48,382.622558788362,57,225.706818721787,78,382.784511949747,18,153.035198095562
"1205","SAN MARCOS",754,"Overall, concentrated, and child (0 to 18 years of age) poverty rate","2006-2010",9,"Total","CT","06073019001","0190.01","San Diego","06073",NA,NA,"Child",1103,77.21,7,0,17.1276596,5.1671733,73.8167607,NA,0.3664921,"no",41661.5034577,190.01,"Mood Disorders","Hospitalization",2010,51,6,"N INLAND",3,"Suburban Area",3,"Moderately Low Income",5,"Supervisorial District 5",224,248.985716667593,249.068588337577,69,156.832439312665,155,337.183754269181,171,376.34526927394,12,681.044267877412,24,73.5925426223476,5,68.6436024162548,8,278.745644599303,23,114.844959304938,48,382.622558788362,57,225.706818721787,78,382.784511949747,18,153.035198095562
"1206","SAN MARCOS",754,"Overall, concentrated, and child (0 to 18 years of age) poverty rate","2006-2010",9,"Total","CT","06073019002","0190.02","San Diego","06073",NA,NA,"Child",432,34.128,7.9,0,17.9085106,5.106383,64.6377592,NA,0.4136126,"no",41661.5034577,190.02,"Mood Disorders","Hospitalization",2010,51,6,"N INLAND",3,"Suburban Area",3,"Moderately Low Income",5,"Supervisorial District 5",224,248.985716667593,249.068588337577,69,156.832439312665,155,337.183754269181,171,376.34526927394,12,681.044267877412,24,73.5925426223476,5,68.6436024162548,8,278.745644599303,23,114.844959304938,48,382.622558788362,57,225.706818721787,78,382.784511949747,18,153.035198095562
"1207","SAN MARCOS",754,"Overall, concentrated, and child (0 to 18 years of age) poverty rate","2006-2010",9,"Total","CT","06073018802","0188.02","San Diego","06073",NA,NA,"Overall",8962,555.644,6.2,2.7446809,9.6553191,1.7629179,28.4341602,NA,0.4525547,"no",41661.5034577,188.02,"Mood Disorders","Hospitalization",2010,51,6,"N INLAND",3,"Suburban Area",3,"Moderately Low Income",5,"Supervisorial District 5",224,248.985716667593,249.068588337577,69,156.832439312665,155,337.183754269181,171,376.34526927394,12,681.044267877412,24,73.5925426223476,5,68.6436024162548,8,278.745644599303,23,114.844959304938,48,382.622558788362,57,225.706818721787,78,382.784511949747,18,153.035198095562
"1208","SAN MARCOS",754,"Overall, concentrated, and child (0 to 18 years of age) poverty rate","2006-2010",9,"Total","CT","06073019106","0191.06","San Diego","06073",NA,NA,"Child",2012,154.924,7.7,3.0531915,12.3468085,2.3708207,30.7898788,NA,0.4031414,"no",41661.5034577,191.06,"Mood Disorders","Hospitalization",2010,51,6,"N INLAND",3,"Suburban Area",3,"Moderately Low Income",5,"Supervisorial District 5",224,248.985716667593,249.068588337577,69,156.832439312665,155,337.183754269181,171,376.34526927394,12,681.044267877412,24,73.5925426223476,5,68.6436024162548,8,278.745644599303,23,114.844959304938,48,382.622558788362,57,225.706818721787,78,382.784511949747,18,153.035198095562
"1209","SAN MARCOS",754,"Overall, concentrated, and child (0 to 18 years of age) poverty rate","2006-2010",9,"Total","CT","06073019103","0191.03","San Diego","06073",NA,NA,"Child",1351,118.888,8.8,1.5319149,16.0680851,3.7082067,42.1387124,NA,0.460733,"no",41661.5034577,191.03,"Mood Disorders","Hospitalization",2010,51,6,"N INLAND",3,"Suburban Area",3,"Moderately Low Income",5,"Supervisorial District 5",224,248.985716667593,249.068588337577,69,156.832439312665,155,337.183754269181,171,376.34526927394,12,681.044267877412,24,73.5925426223476,5,68.6436024162548,8,278.745644599303,23,114.844959304938,48,382.622558788362,57,225.706818721787,78,382.784511949747,18,153.035198095562
"1210","SAN MARCOS",754,"Overall, concentrated, and child (0 to 18 years of age) poverty rate","2006-2010",9,"Total","CT","06073020016","0200.16","San Diego","06073",NA,NA,"Overall",9477,824.499,8.7,3.1,14.3,2.8571429,32.8407225,NA,0.6350365,"no",41661.5034577,200.16,"Mood Disorders","Hospitalization",2010,51,6,"N INLAND",3,"Suburban Area",3,"Moderately Low Income",5,"Supervisorial District 5",224,248.985716667593,249.068588337577,69,156.832439312665,155,337.183754269181,171,376.34526927394,12,681.044267877412,24,73.5925426223476,5,68.6436024162548,8,278.745644599303,23,114.844959304938,48,382.622558788362,57,225.706818721787,78,382.784511949747,18,153.035198095562
"1211","SAN MARCOS",754,"Overall, concentrated, and child (0 to 18 years of age) poverty rate","2006-2010",9,"Total","CT","06073018802","0188.02","San Diego","06073",NA,NA,"Child",1475,41.3,2.8,0,6.7319149,2.006079,71.6456795,NA,0.1465969,"no",41661.5034577,188.02,"Mood Disorders","Hospitalization",2010,51,6,"N INLAND",3,"Suburban Area",3,"Moderately Low Income",5,"Supervisorial District 5",224,248.985716667593,249.068588337577,69,156.832439312665,155,337.183754269181,171,376.34526927394,12,681.044267877412,24,73.5925426223476,5,68.6436024162548,8,278.745644599303,23,114.844959304938,48,382.622558788362,57,225.706818721787,78,382.784511949747,18,153.035198095562
"1212","SAN MARCOS",754,"Overall, concentrated, and child (0 to 18 years of age) poverty rate","2006-2010",9,"Total","CT","06073019107","0191.07","San Diego","06073",NA,NA,"Overall",2137,96.165,4.5,0,9.8617021,2.7355623,60.7902736,NA,0.3284672,"no",41661.5034577,191.07,"Mood Disorders","Hospitalization",2010,51,6,"N INLAND",3,"Suburban Area",3,"Moderately Low Income",5,"Supervisorial District 5",224,248.985716667593,249.068588337577,69,156.832439312665,155,337.183754269181,171,376.34526927394,12,681.044267877412,24,73.5925426223476,5,68.6436024162548,8,278.745644599303,23,114.844959304938,48,382.622558788362,57,225.706818721787,78,382.784511949747,18,153.035198095562
"1213","SAN MARCOS",754,"Overall, concentrated, and child (0 to 18 years of age) poverty rate","2006-2010",9,"Total","CT","06073018611","0186.11","San Diego","06073",NA,NA,"Overall",7204,511.484,7.1,0,14.9638298,4.0121581,56.5092684,NA,0.5182482,"no",41661.5034577,186.11,"Mood Disorders","Hospitalization",2010,51,6,"N INLAND",3,"Suburban Area",3,"Moderately Low Income",5,"Supervisorial District 5",224,248.985716667593,249.068588337577,69,156.832439312665,155,337.183754269181,171,376.34526927394,12,681.044267877412,24,73.5925426223476,5,68.6436024162548,8,278.745644599303,23,114.844959304938,48,382.622558788362,57,225.706818721787,78,382.784511949747,18,153.035198095562
"1214","SAN MARCOS",754,"Overall, concentrated, and child (0 to 18 years of age) poverty rate","2006-2010",9,"Total","CT","06073018612","0186.12","San Diego","06073",NA,NA,"Child",891,29.403,3.3,0,9.3765957,3.100304,93.9486046,NA,0.1727749,"no",41661.5034577,186.12,"Mood Disorders","Hospitalization",2010,51,6,"N INLAND",3,"Suburban Area",3,"Moderately Low Income",5,"Supervisorial District 5",224,248.985716667593,249.068588337577,69,156.832439312665,155,337.183754269181,171,376.34526927394,12,681.044267877412,24,73.5925426223476,5,68.6436024162548,8,278.745644599303,23,114.844959304938,48,382.622558788362,57,225.706818721787,78,382.784511949747,18,153.035198095562
"1215","SAN MARCOS",754,"Overall, concentrated, and child (0 to 18 years of age) poverty rate","2006-2010",9,"Total","CT","06073019107","0191.07","San Diego","06073",NA,NA,"Child",576,11.52,2,0,5.9319149,2.006079,100.3039514,NA,0.104712,"no",41661.5034577,191.07,"Mood Disorders","Hospitalization",2010,51,6,"N INLAND",3,"Suburban Area",3,"Moderately Low Income",5,"Supervisorial District 5",224,248.985716667593,249.068588337577,69,156.832439312665,155,337.183754269181,171,376.34526927394,12,681.044267877412,24,73.5925426223476,5,68.6436024162548,8,278.745644599303,23,114.844959304938,48,382.622558788362,57,225.706818721787,78,382.784511949747,18,153.035198095562
"1216","SAN MARCOS",754,"Overall, concentrated, and child (0 to 18 years of age) poverty rate","2006-2010",9,"Total","CT","06073019101","0191.01","San Diego","06073",NA,NA,"Overall",6998,734.79,10.5,5.4957447,15.5042553,2.5531915,24.3161094,NA,0.7664234,"no",41661.5034577,191.01,"Mood Disorders","Hospitalization",2010,51,6,"N INLAND",3,"Suburban Area",3,"Moderately Low Income",5,"Supervisorial District 5",224,248.985716667593,249.068588337577,69,156.832439312665,155,337.183754269181,171,376.34526927394,12,681.044267877412,24,73.5925426223476,5,68.6436024162548,8,278.745644599303,23,114.844959304938,48,382.622558788362,57,225.706818721787,78,382.784511949747,18,153.035198095562
"1217","SAN MARCOS",754,"Overall, concentrated, and child (0 to 18 years of age) poverty rate","2006-2010",9,"Total","CT","06073018611","0186.11","San Diego","06073",NA,NA,"Child",1827,222.894,12.2,0,30.5489362,9.3617021,76.7352633,NA,0.6387435,"no",41661.5034577,186.11,"Mood Disorders","Hospitalization",2010,51,6,"N INLAND",3,"Suburban Area",3,"Moderately Low Income",5,"Supervisorial District 5",224,248.985716667593,249.068588337577,69,156.832439312665,155,337.183754269181,171,376.34526927394,12,681.044267877412,24,73.5925426223476,5,68.6436024162548,8,278.745644599303,23,114.844959304938,48,382.622558788362,57,225.706818721787,78,382.784511949747,18,153.035198095562
"1218","SAN MARCOS",754,"Overall, concentrated, and child (0 to 18 years of age) poverty rate","2006-2010",9,"Total","CT","06073019101","0191.01","San Diego","06073",NA,NA,"Child",2022,311.388,15.4,5.3914894,25.4085106,5.106383,33.158331,NA,0.8062827,"no",41661.5034577,191.01,"Mood Disorders","Hospitalization",2010,51,6,"N INLAND",3,"Suburban Area",3,"Moderately Low Income",5,"Supervisorial District 5",224,248.985716667593,249.068588337577,69,156.832439312665,155,337.183754269181,171,376.34526927394,12,681.044267877412,24,73.5925426223476,5,68.6436024162548,8,278.745644599303,23,114.844959304938,48,382.622558788362,57,225.706818721787,78,382.784511949747,18,153.035198095562
"1219","SAN MARCOS",754,"Overall, concentrated, and child (0 to 18 years of age) poverty rate","2006-2010",9,"Total","CT","06073019002","0190.02","San Diego","06073",NA,NA,"Overall",1706,163.776,9.6,2.6893617,16.5106383,3.5258359,36.7274569,NA,0.7007299,"no",41661.5034577,190.02,"Mood Disorders","Hospitalization",2010,51,6,"N INLAND",3,"Suburban Area",3,"Moderately Low Income",5,"Supervisorial District 5",224,248.985716667593,249.068588337577,69,156.832439312665,155,337.183754269181,171,376.34526927394,12,681.044267877412,24,73.5925426223476,5,68.6436024162548,8,278.745644599303,23,114.844959304938,48,382.622558788362,57,225.706818721787,78,382.784511949747,18,153.035198095562
"1220","SAN MARCOS",754,"Overall, concentrated, and child (0 to 18 years of age) poverty rate","2006-2010",9,"Total","CT","06073020016","0200.16","San Diego","06073",NA,NA,"Child",2878,330.97,11.5,1.6106383,21.3893617,5.0455927,43.8747192,NA,0.6020942,"no",41661.5034577,200.16,"Mood Disorders","Hospitalization",2010,51,6,"N INLAND",3,"Suburban Area",3,"Moderately Low Income",5,"Supervisorial District 5",224,248.985716667593,249.068588337577,69,156.832439312665,155,337.183754269181,171,376.34526927394,12,681.044267877412,24,73.5925426223476,5,68.6436024162548,8,278.745644599303,23,114.844959304938,48,382.622558788362,57,225.706818721787,78,382.784511949747,18,153.035198095562
"1221","SAN MARCOS",754,"Overall, concentrated, and child (0 to 18 years of age) poverty rate","2006-2010",9,"Total","CT","06073019106","0191.06","San Diego","06073",NA,NA,"Overall",7647,466.467,6.1,3.5978723,8.6021277,1.2765957,20.9277991,NA,0.4452555,"no",41661.5034577,191.06,"Mood Disorders","Hospitalization",2010,51,6,"N INLAND",3,"Suburban Area",3,"Moderately Low Income",5,"Supervisorial District 5",224,248.985716667593,249.068588337577,69,156.832439312665,155,337.183754269181,171,376.34526927394,12,681.044267877412,24,73.5925426223476,5,68.6436024162548,8,278.745644599303,23,114.844959304938,48,382.622558788362,57,225.706818721787,78,382.784511949747,18,153.035198095562
"1222","SAN MARCOS",754,"Overall, concentrated, and child (0 to 18 years of age) poverty rate","2006-2010",9,"Total","CT","06073018803","0188.03","San Diego","06073",NA,NA,"Child",1026,122.094,11.9,1.2957447,22.5042553,5.4103343,45.4649945,NA,0.6230366,"no",41661.5034577,188.03,"Mood Disorders","Hospitalization",2010,51,6,"N INLAND",3,"Suburban Area",3,"Moderately Low Income",5,"Supervisorial District 5",224,248.985716667593,249.068588337577,69,156.832439312665,155,337.183754269181,171,376.34526927394,12,681.044267877412,24,73.5925426223476,5,68.6436024162548,8,278.745644599303,23,114.844959304938,48,382.622558788362,57,225.706818721787,78,382.784511949747,18,153.035198095562
"1223","SAN MARCOS",754,"Overall, concentrated, and child (0 to 18 years of age) poverty rate","2006-2010",9,"Total","CT","06073018613","0186.13","San Diego","06073",NA,NA,"Overall",4383,153.405,3.5,0.4021277,6.5978723,1.5805471,45.1584889,NA,0.2554745,"no",41661.5034577,186.13,"Mood Disorders","Hospitalization",2010,51,6,"N INLAND",3,"Suburban Area",3,"Moderately Low Income",5,"Supervisorial District 5",224,248.985716667593,249.068588337577,69,156.832439312665,155,337.183754269181,171,376.34526927394,12,681.044267877412,24,73.5925426223476,5,68.6436024162548,8,278.745644599303,23,114.844959304938,48,382.622558788362,57,225.706818721787,78,382.784511949747,18,153.035198095562
"1224","SAN MARCOS",754,"Overall, concentrated, and child (0 to 18 years of age) poverty rate","2006-2010",9,"Total","CT","06073018803","0188.03","San Diego","06073",NA,NA,"Overall",4720,396.48,8.4,2.9191489,13.8808511,2.7963526,33.2899117,NA,0.6131387,"no",41661.5034577,188.03,"Mood Disorders","Hospitalization",2010,51,6,"N INLAND",3,"Suburban Area",3,"Moderately Low Income",5,"Supervisorial District 5",224,248.985716667593,249.068588337577,69,156.832439312665,155,337.183754269181,171,376.34526927394,12,681.044267877412,24,73.5925426223476,5,68.6436024162548,8,278.745644599303,23,114.844959304938,48,382.622558788362,57,225.706818721787,78,382.784511949747,18,153.035198095562
"1225","SAN MARCOS",754,"Overall, concentrated, and child (0 to 18 years of age) poverty rate","2006-2010",9,"Total","CT","06073018614","0186.14","San Diego","06073",NA,NA,"Overall",5651,480.335,8.5,3.0191489,13.9808511,2.7963526,32.8982657,NA,0.620438,"no",41661.5034577,186.14,"Mood Disorders","Hospitalization",2010,51,6,"N INLAND",3,"Suburban Area",3,"Moderately Low Income",5,"Supervisorial District 5",224,248.985716667593,249.068588337577,69,156.832439312665,155,337.183754269181,171,376.34526927394,12,681.044267877412,24,73.5925426223476,5,68.6436024162548,8,278.745644599303,23,114.844959304938,48,382.622558788362,57,225.706818721787,78,382.784511949747,18,153.035198095562
"1226","SAN MARCOS",754,"Overall, concentrated, and child (0 to 18 years of age) poverty rate","2006-2010",9,"Total","CT","06073018903","0189.03","San Diego","06073",NA,NA,"Child",1359,130.464,9.6,0,20.5617021,5.5927052,58.2573455,NA,0.5026178,"no",41661.5034577,189.03,"Mood Disorders","Hospitalization",2010,51,6,"N INLAND",3,"Suburban Area",3,"Moderately Low Income",5,"Supervisorial District 5",224,248.985716667593,249.068588337577,69,156.832439312665,155,337.183754269181,171,376.34526927394,12,681.044267877412,24,73.5925426223476,5,68.6436024162548,8,278.745644599303,23,114.844959304938,48,382.622558788362,57,225.706818721787,78,382.784511949747,18,153.035198095562
"1227","SAN MARCOS",754,"Overall, concentrated, and child (0 to 18 years of age) poverty rate","2006-2010",9,"Total","CT","06073018613","0186.13","San Diego","06073",NA,NA,"Child",1379,0,0,0,3.4553191,1.7629179,NA,NA,0,"no",41661.5034577,186.13,"Mood Disorders","Hospitalization",2010,51,6,"N INLAND",3,"Suburban Area",3,"Moderately Low Income",5,"Supervisorial District 5",224,248.985716667593,249.068588337577,69,156.832439312665,155,337.183754269181,171,376.34526927394,12,681.044267877412,24,73.5925426223476,5,68.6436024162548,8,278.745644599303,23,114.844959304938,48,382.622558788362,57,225.706818721787,78,382.784511949747,18,153.035198095562
"1228","SAN MARCOS",754,"Overall, concentrated, and child (0 to 18 years of age) poverty rate","2006-2010",9,"Total","CT","06073018903","0189.03","San Diego","06073",NA,NA,"Overall",4711,400.435,8.5,3.0191489,13.9808511,2.7963526,32.8982657,NA,0.620438,"no",41661.5034577,189.03,"Mood Disorders","Hospitalization",2010,51,6,"N INLAND",3,"Suburban Area",3,"Moderately Low Income",5,"Supervisorial District 5",224,248.985716667593,249.068588337577,69,156.832439312665,155,337.183754269181,171,376.34526927394,12,681.044267877412,24,73.5925426223476,5,68.6436024162548,8,278.745644599303,23,114.844959304938,48,382.622558788362,57,225.706818721787,78,382.784511949747,18,153.035198095562
"1229","SAN MARCOS",754,"Overall, concentrated, and child (0 to 18 years of age) poverty rate","2006-2010",9,"Total","CT","06073020015","0200.15","San Diego","06073",NA,NA,"Child",464,19.024,4.1,0,10.5340426,3.2826748,80.0652383,NA,0.2146597,"no",41661.5034577,200.15,"Mood Disorders","Hospitalization",2010,51,6,"N INLAND",3,"Suburban Area",3,"Moderately Low Income",5,"Supervisorial District 5",224,248.985716667593,249.068588337577,69,156.832439312665,155,337.183754269181,171,376.34526927394,12,681.044267877412,24,73.5925426223476,5,68.6436024162548,8,278.745644599303,23,114.844959304938,48,382.622558788362,57,225.706818721787,78,382.784511949747,18,153.035198095562
"1230","SAN MARCOS",754,"Overall, concentrated, and child (0 to 18 years of age) poverty rate","2006-2010",9,"Total","CT","06073018614","0186.14","San Diego","06073",NA,NA,"Child",1146,112.308,9.8,0,24.0978723,7.2948328,74.4370697,NA,0.513089,"no",41661.5034577,186.14,"Mood Disorders","Hospitalization",2010,51,6,"N INLAND",3,"Suburban Area",3,"Moderately Low Income",5,"Supervisorial District 5",224,248.985716667593,249.068588337577,69,156.832439312665,155,337.183754269181,171,376.34526927394,12,681.044267877412,24,73.5925426223476,5,68.6436024162548,8,278.745644599303,23,114.844959304938,48,382.622558788362,57,225.706818721787,78,382.784511949747,18,153.035198095562
"1231","SAN MARCOS",754,"Overall, concentrated, and child (0 to 18 years of age) poverty rate","2006-2010",9,"Total","CT","06073018612","0186.12","San Diego","06073",NA,NA,"Overall",3363,57.171,1.7,0,3.8446809,1.0942249,64.366172,NA,0.1240876,"no",41661.5034577,186.12,"Mood Disorders","Hospitalization",2010,51,6,"N INLAND",3,"Suburban Area",3,"Moderately Low Income",5,"Supervisorial District 5",224,248.985716667593,249.068588337577,69,156.832439312665,155,337.183754269181,171,376.34526927394,12,681.044267877412,24,73.5925426223476,5,68.6436024162548,8,278.745644599303,23,114.844959304938,48,382.622558788362,57,225.706818721787,78,382.784511949747,18,153.035198095562
"1232","SAN MARCOS",754,"Overall, concentrated, and child (0 to 18 years of age) poverty rate","2006-2010",9,"Total","CT","06073018904","0189.04","San Diego","06073",NA,NA,"Child",1729,373.464,21.6,4.4425532,38.7574468,8.7537994,40.526849,NA,1.1308901,"no",41661.5034577,189.04,"Mood Disorders","Hospitalization",2010,51,6,"N INLAND",3,"Suburban Area",3,"Moderately Low Income",5,"Supervisorial District 5",224,248.985716667593,249.068588337577,69,156.832439312665,155,337.183754269181,171,376.34526927394,12,681.044267877412,24,73.5925426223476,5,68.6436024162548,8,278.745644599303,23,114.844959304938,48,382.622558788362,57,225.706818721787,78,382.784511949747,18,153.035198095562
"1233","SAN MARCOS",754,"Overall, concentrated, and child (0 to 18 years of age) poverty rate","2006-2010",9,"Total","CT","06073019103","0191.03","San Diego","06073",NA,NA,"Overall",6042,362.52,6,0.2808511,11.7191489,2.9179331,48.6322188,NA,0.4379562,"no",41661.5034577,191.03,"Mood Disorders","Hospitalization",2010,51,6,"N INLAND",3,"Suburban Area",3,"Moderately Low Income",5,"Supervisorial District 5",224,248.985716667593,249.068588337577,69,156.832439312665,155,337.183754269181,171,376.34526927394,12,681.044267877412,24,73.5925426223476,5,68.6436024162548,8,278.745644599303,23,114.844959304938,48,382.622558788362,57,225.706818721787,78,382.784511949747,18,153.035198095562
"1234","SAN MARCOS",754,"Overall, concentrated, and child (0 to 18 years of age) poverty rate","2006-2010",9,"Total","CT","06073020015","0200.15","San Diego","06073",NA,NA,"Overall",3445,96.46,2.8,0.2978723,5.3021277,1.2765957,45.5927052,NA,0.2043796,"no",41661.5034577,200.15,"Mood Disorders","Hospitalization",2010,51,6,"N INLAND",3,"Suburban Area",3,"Moderately Low Income",5,"Supervisorial District 5",224,248.985716667593,249.068588337577,69,156.832439312665,155,337.183754269181,171,376.34526927394,12,681.044267877412,24,73.5925426223476,5,68.6436024162548,8,278.745644599303,23,114.844959304938,48,382.622558788362,57,225.706818721787,78,382.784511949747,18,153.035198095562
"1235","SAN MARCOS",754,"Overall, concentrated, and child (0 to 18 years of age) poverty rate","2006-2010",9,"Total","CT","06073018904","0189.04","San Diego","06073",NA,NA,"Overall",5620,955.4,17,6.0382979,27.9617021,5.5927052,32.8982657,NA,1.2408759,"no",41661.5034577,189.04,"Mood Disorders","Hospitalization",2010,51,6,"N INLAND",3,"Suburban Area",3,"Moderately Low Income",5,"Supervisorial District 5",224,248.985716667593,249.068588337577,69,156.832439312665,155,337.183754269181,171,376.34526927394,12,681.044267877412,24,73.5925426223476,5,68.6436024162548,8,278.745644599303,23,114.844959304938,48,382.622558788362,57,225.706818721787,78,382.784511949747,18,153.035198095562
"1236","SANTEE",754,"Overall, concentrated, and child (0 to 18 years of age) poverty rate","2006-2010",9,"Total","CT","06073009102","0091.02","San Diego","06073",NA,NA,"Overall",3696,543.312,14.7,9.6957447,19.7042553,2.5531915,17.3686496,NA,1.0729927,"no",41661.5034577,91.02,"Mood Disorders","Hospitalization",2010,35,5,"EAST",3,"Suburban Area",4,"Moderately High Income",2,"Supervisorial District 2",236,461.379054172939,452.950316805472,92,371.477024953565,144,545.764638999431,200,526.634541959607,NA,NA,20,245.88148512417,6,288.184438040346,NA,NA,20,203.769740193581,68,971.706201771935,63,454.217736121125,71,481.323300115246,14,244.88368025188
"1237","SANTEE",754,"Overall, concentrated, and child (0 to 18 years of age) poverty rate","2006-2010",9,"Total","CT","06073008503","0085.03","San Diego","06073",NA,NA,"Overall",6489,940.905,14.5,6.0404255,22.9595745,4.3161094,29.7662719,NA,1.0583942,"no",41661.5034577,85.03,"Mood Disorders","Hospitalization",2010,35,5,"EAST",3,"Suburban Area",4,"Moderately High Income",2,"Supervisorial District 2",236,461.379054172939,452.950316805472,92,371.477024953565,144,545.764638999431,200,526.634541959607,NA,NA,20,245.88148512417,6,288.184438040346,NA,NA,20,203.769740193581,68,971.706201771935,63,454.217736121125,71,481.323300115246,14,244.88368025188
"1238","SANTEE",754,"Overall, concentrated, and child (0 to 18 years of age) poverty rate","2006-2010",9,"Total","CT","06073008702","0087.02","San Diego","06073",NA,NA,"Child",1050,81.9,7.8,0,18.4042553,5.4103343,69.3632609,NA,0.408377,"no",41661.5034577,87.02,"Mood Disorders","Hospitalization",2010,35,5,"EAST",3,"Suburban Area",4,"Moderately High Income",2,"Supervisorial District 2",236,461.379054172939,452.950316805472,92,371.477024953565,144,545.764638999431,200,526.634541959607,NA,NA,20,245.88148512417,6,288.184438040346,NA,NA,20,203.769740193581,68,971.706201771935,63,454.217736121125,71,481.323300115246,14,244.88368025188
"1239","SANTEE",754,"Overall, concentrated, and child (0 to 18 years of age) poverty rate","2006-2010",9,"Total","CT","06073008501","0085.01","San Diego","06073",NA,NA,"Overall",5607,566.307,10.1,3.0702128,17.1297872,3.5866261,35.5111499,NA,0.7372263,"no",41661.5034577,85.01,"Mood Disorders","Hospitalization",2010,35,5,"EAST",3,"Suburban Area",4,"Moderately High Income",2,"Supervisorial District 2",236,461.379054172939,452.950316805472,92,371.477024953565,144,545.764638999431,200,526.634541959607,NA,NA,20,245.88148512417,6,288.184438040346,NA,NA,20,203.769740193581,68,971.706201771935,63,454.217736121125,71,481.323300115246,14,244.88368025188
"1240","SANTEE",754,"Overall, concentrated, and child (0 to 18 years of age) poverty rate","2006-2010",9,"Total","CT","06073009000","0090.00","San Diego","06073",NA,NA,"Overall",3844,1145.512,29.8,18.8382979,40.7617021,5.5927052,18.767467,NA,2.1751825,"no",41661.5034577,90,"Mood Disorders","Hospitalization",2010,35,5,"EAST",3,"Suburban Area",4,"Moderately High Income",2,"Supervisorial District 2",236,461.379054172939,452.950316805472,92,371.477024953565,144,545.764638999431,200,526.634541959607,NA,NA,20,245.88148512417,6,288.184438040346,NA,NA,20,203.769740193581,68,971.706201771935,63,454.217736121125,71,481.323300115246,14,244.88368025188
"1241","SANTEE",754,"Overall, concentrated, and child (0 to 18 years of age) poverty rate","2006-2010",9,"Total","CT","06073009103","0091.03","San Diego","06073",NA,NA,"Child",517,38.775,7.5,0,18.3425532,5.5319149,73.7588652,NA,0.3926702,"no",41661.5034577,91.03,"Mood Disorders","Hospitalization",2010,35,5,"EAST",3,"Suburban Area",4,"Moderately High Income",2,"Supervisorial District 2",236,461.379054172939,452.950316805472,92,371.477024953565,144,545.764638999431,200,526.634541959607,NA,NA,20,245.88148512417,6,288.184438040346,NA,NA,20,203.769740193581,68,971.706201771935,63,454.217736121125,71,481.323300115246,14,244.88368025188
"1242","SANTEE",754,"Overall, concentrated, and child (0 to 18 years of age) poverty rate","2006-2010",9,"Total","CT","06073008502","0085.02","San Diego","06073",NA,NA,"Overall",6203,502.443,8.1,3.3340426,12.8659574,2.4316109,30.0198882,NA,0.5912409,"no",41661.5034577,85.02,"Mood Disorders","Hospitalization",2010,35,5,"EAST",3,"Suburban Area",4,"Moderately High Income",2,"Supervisorial District 2",236,461.379054172939,452.950316805472,92,371.477024953565,144,545.764638999431,200,526.634541959607,NA,NA,20,245.88148512417,6,288.184438040346,NA,NA,20,203.769740193581,68,971.706201771935,63,454.217736121125,71,481.323300115246,14,244.88368025188
"1243","SANTEE",754,"Overall, concentrated, and child (0 to 18 years of age) poverty rate","2006-2010",9,"Total","CT","06073008600","0086.00","San Diego","06073",NA,NA,"Child",1648,622.944,37.8,19.8085106,55.7914894,9.1793313,24.2839453,NA,1.9790576,"no",41661.5034577,86,"Mood Disorders","Hospitalization",2010,35,5,"EAST",3,"Suburban Area",4,"Moderately High Income",2,"Supervisorial District 2",236,461.379054172939,452.950316805472,92,371.477024953565,144,545.764638999431,200,526.634541959607,NA,NA,20,245.88148512417,6,288.184438040346,NA,NA,20,203.769740193581,68,971.706201771935,63,454.217736121125,71,481.323300115246,14,244.88368025188
"1244","SANTEE",754,"Overall, concentrated, and child (0 to 18 years of age) poverty rate","2006-2010",9,"Total","CT","06073009102","0091.02","San Diego","06073",NA,NA,"Child",443,45.186,10.2,0,22.8297872,6.443769,63.1742059,NA,0.5340314,"no",41661.5034577,91.02,"Mood Disorders","Hospitalization",2010,35,5,"EAST",3,"Suburban Area",4,"Moderately High Income",2,"Supervisorial District 2",236,461.379054172939,452.950316805472,92,371.477024953565,144,545.764638999431,200,526.634541959607,NA,NA,20,245.88148512417,6,288.184438040346,NA,NA,20,203.769740193581,68,971.706201771935,63,454.217736121125,71,481.323300115246,14,244.88368025188
"1245","SANTEE",754,"Overall, concentrated, and child (0 to 18 years of age) poverty rate","2006-2010",9,"Total","CT","06073008502","0085.02","San Diego","06073",NA,NA,"Child",1281,85.827,6.7,0,16.3510638,4.9240122,73.4927188,NA,0.3507853,"no",41661.5034577,85.02,"Mood Disorders","Hospitalization",2010,35,5,"EAST",3,"Suburban Area",4,"Moderately High Income",2,"Supervisorial District 2",236,461.379054172939,452.950316805472,92,371.477024953565,144,545.764638999431,200,526.634541959607,NA,NA,20,245.88148512417,6,288.184438040346,NA,NA,20,203.769740193581,68,971.706201771935,63,454.217736121125,71,481.323300115246,14,244.88368025188
"1246","SANTEE",754,"Overall, concentrated, and child (0 to 18 years of age) poverty rate","2006-2010",9,"Total","CT","06073008503","0085.03","San Diego","06073",NA,NA,"Child",1083,207.936,19.2,2.8765957,35.5234043,8.3282675,43.3763931,NA,1.0052356,"no",41661.5034577,85.03,"Mood Disorders","Hospitalization",2010,35,5,"EAST",3,"Suburban Area",4,"Moderately High Income",2,"Supervisorial District 2",236,461.379054172939,452.950316805472,92,371.477024953565,144,545.764638999431,200,526.634541959607,NA,NA,20,245.88148512417,6,288.184438040346,NA,NA,20,203.769740193581,68,971.706201771935,63,454.217736121125,71,481.323300115246,14,244.88368025188
"1247","SANTEE",754,"Overall, concentrated, and child (0 to 18 years of age) poverty rate","2006-2010",9,"Total","CT","06073008600","0086.00","San Diego","06073",NA,NA,"Overall",6231,1507.902,24.2,15.6212766,32.7787234,4.3768997,18.0863624,NA,1.7664234,"no",41661.5034577,86,"Mood Disorders","Hospitalization",2010,35,5,"EAST",3,"Suburban Area",4,"Moderately High Income",2,"Supervisorial District 2",236,461.379054172939,452.950316805472,92,371.477024953565,144,545.764638999431,200,526.634541959607,NA,NA,20,245.88148512417,6,288.184438040346,NA,NA,20,203.769740193581,68,971.706201771935,63,454.217736121125,71,481.323300115246,14,244.88368025188
"1248","SANTEE",754,"Overall, concentrated, and child (0 to 18 years of age) poverty rate","2006-2010",9,"Total","CT","06073008501","0085.01","San Diego","06073",NA,NA,"Child",945,135.135,14.3,0.5978723,28.0021277,6.9908815,48.8872829,NA,0.7486911,"no",41661.5034577,85.01,"Mood Disorders","Hospitalization",2010,35,5,"EAST",3,"Suburban Area",4,"Moderately High Income",2,"Supervisorial District 2",236,461.379054172939,452.950316805472,92,371.477024953565,144,545.764638999431,200,526.634541959607,NA,NA,20,245.88148512417,6,288.184438040346,NA,NA,20,203.769740193581,68,971.706201771935,63,454.217736121125,71,481.323300115246,14,244.88368025188
"1249","SANTEE",754,"Overall, concentrated, and child (0 to 18 years of age) poverty rate","2006-2010",9,"Total","CT","06073008509","0085.09","San Diego","06073",NA,NA,"Child",1542,188.124,12.2,1,23.4,5.7142857,46.8384075,NA,0.6387435,"no",41661.5034577,85.09,"Mood Disorders","Hospitalization",2010,35,5,"EAST",3,"Suburban Area",4,"Moderately High Income",2,"Supervisorial District 2",236,461.379054172939,452.950316805472,92,371.477024953565,144,545.764638999431,200,526.634541959607,NA,NA,20,245.88148512417,6,288.184438040346,NA,NA,20,203.769740193581,68,971.706201771935,63,454.217736121125,71,481.323300115246,14,244.88368025188
"1250","SANTEE",754,"Overall, concentrated, and child (0 to 18 years of age) poverty rate","2006-2010",9,"Total","CT","06073008506","0085.06","San Diego","06073",NA,NA,"Overall",3999,379.905,9.5,3.9,15.1,2.8571429,30.075188,NA,0.6934307,"no",41661.5034577,85.06,"Mood Disorders","Hospitalization",2010,35,5,"EAST",3,"Suburban Area",4,"Moderately High Income",2,"Supervisorial District 2",236,461.379054172939,452.950316805472,92,371.477024953565,144,545.764638999431,200,526.634541959607,NA,NA,20,245.88148512417,6,288.184438040346,NA,NA,20,203.769740193581,68,971.706201771935,63,454.217736121125,71,481.323300115246,14,244.88368025188
"1251","SANTEE",754,"Overall, concentrated, and child (0 to 18 years of age) poverty rate","2006-2010",9,"Total","CT","06073008701","0087.01","San Diego","06073",NA,NA,"Child",1141,63.896,5.6,0,12.987234,3.768997,67.3035172,NA,0.2931937,"no",41661.5034577,87.01,"Mood Disorders","Hospitalization",2010,35,5,"EAST",3,"Suburban Area",4,"Moderately High Income",2,"Supervisorial District 2",236,461.379054172939,452.950316805472,92,371.477024953565,144,545.764638999431,200,526.634541959607,NA,NA,20,245.88148512417,6,288.184438040346,NA,NA,20,203.769740193581,68,971.706201771935,63,454.217736121125,71,481.323300115246,14,244.88368025188
"1252","SANTEE",754,"Overall, concentrated, and child (0 to 18 years of age) poverty rate","2006-2010",9,"Total","CT","06073008507","0085.07","San Diego","06073",NA,NA,"Overall",7212,685.14,9.5,3.9,15.1,2.8571429,30.075188,NA,0.6934307,"no",41661.5034577,85.07,"Mood Disorders","Hospitalization",2010,35,5,"EAST",3,"Suburban Area",4,"Moderately High Income",2,"Supervisorial District 2",236,461.379054172939,452.950316805472,92,371.477024953565,144,545.764638999431,200,526.634541959607,NA,NA,20,245.88148512417,6,288.184438040346,NA,NA,20,203.769740193581,68,971.706201771935,63,454.217736121125,71,481.323300115246,14,244.88368025188
"1253","SANTEE",754,"Overall, concentrated, and child (0 to 18 years of age) poverty rate","2006-2010",9,"Total","CT","06073008513","0085.13","San Diego","06073",NA,NA,"Overall",2598,103.92,4,0.5446809,7.4553191,1.7629179,44.0729483,NA,0.2919708,"no",41661.5034577,85.13,"Mood Disorders","Hospitalization",2010,35,5,"EAST",3,"Suburban Area",4,"Moderately High Income",2,"Supervisorial District 2",236,461.379054172939,452.950316805472,92,371.477024953565,144,545.764638999431,200,526.634541959607,NA,NA,20,245.88148512417,6,288.184438040346,NA,NA,20,203.769740193581,68,971.706201771935,63,454.217736121125,71,481.323300115246,14,244.88368025188
"1254","SANTEE",754,"Overall, concentrated, and child (0 to 18 years of age) poverty rate","2006-2010",9,"Total","CT","06073008504","0085.04","San Diego","06073",NA,NA,"Child",1392,343.824,24.7,0,50.4361702,13.1306991,53.1607251,NA,1.2931937,"no",41661.5034577,85.04,"Mood Disorders","Hospitalization",2010,35,5,"EAST",3,"Suburban Area",4,"Moderately High Income",2,"Supervisorial District 2",236,461.379054172939,452.950316805472,92,371.477024953565,144,545.764638999431,200,526.634541959607,NA,NA,20,245.88148512417,6,288.184438040346,NA,NA,20,203.769740193581,68,971.706201771935,63,454.217736121125,71,481.323300115246,14,244.88368025188
"1255","SANTEE",754,"Overall, concentrated, and child (0 to 18 years of age) poverty rate","2006-2010",9,"Total","CT","06073008702","0087.02","San Diego","06073",NA,NA,"Overall",4696,366.288,7.8,2.6765957,12.9234043,2.6139818,33.5125867,NA,0.5693431,"no",41661.5034577,87.02,"Mood Disorders","Hospitalization",2010,35,5,"EAST",3,"Suburban Area",4,"Moderately High Income",2,"Supervisorial District 2",236,461.379054172939,452.950316805472,92,371.477024953565,144,545.764638999431,200,526.634541959607,NA,NA,20,245.88148512417,6,288.184438040346,NA,NA,20,203.769740193581,68,971.706201771935,63,454.217736121125,71,481.323300115246,14,244.88368025188
"1256","SANTEE",754,"Overall, concentrated, and child (0 to 18 years of age) poverty rate","2006-2010",9,"Total","CT","06073008701","0087.01","San Diego","06073",NA,NA,"Overall",3378,280.374,8.3,2.5808511,14.0191489,2.9179331,35.1558209,NA,0.6058394,"no",41661.5034577,87.01,"Mood Disorders","Hospitalization",2010,35,5,"EAST",3,"Suburban Area",4,"Moderately High Income",2,"Supervisorial District 2",236,461.379054172939,452.950316805472,92,371.477024953565,144,545.764638999431,200,526.634541959607,NA,NA,20,245.88148512417,6,288.184438040346,NA,NA,20,203.769740193581,68,971.706201771935,63,454.217736121125,71,481.323300115246,14,244.88368025188
"1257","SANTEE",754,"Overall, concentrated, and child (0 to 18 years of age) poverty rate","2006-2010",9,"Total","CT","06073008366","0083.66","San Diego","06073",NA,NA,"Overall",6012,30.06,0.5,0,1.3340426,0.4255319,85.106383,NA,0.0364964,"no",41661.5034577,83.66,"Mood Disorders","Hospitalization",2010,35,5,"EAST",3,"Suburban Area",4,"Moderately High Income",2,"Supervisorial District 2",236,461.379054172939,452.950316805472,92,371.477024953565,144,545.764638999431,200,526.634541959607,NA,NA,20,245.88148512417,6,288.184438040346,NA,NA,20,203.769740193581,68,971.706201771935,63,454.217736121125,71,481.323300115246,14,244.88368025188
"1258","SANTEE",754,"Overall, concentrated, and child (0 to 18 years of age) poverty rate","2006-2010",9,"Total","CT","06073008507","0085.07","San Diego","06073",NA,NA,"Child",1356,120.684,8.9,0.2021277,17.5978723,4.43769,49.8616851,NA,0.4659686,"no",41661.5034577,85.07,"Mood Disorders","Hospitalization",2010,35,5,"EAST",3,"Suburban Area",4,"Moderately High Income",2,"Supervisorial District 2",236,461.379054172939,452.950316805472,92,371.477024953565,144,545.764638999431,200,526.634541959607,NA,NA,20,245.88148512417,6,288.184438040346,NA,NA,20,203.769740193581,68,971.706201771935,63,454.217736121125,71,481.323300115246,14,244.88368025188
"1259","SANTEE",754,"Overall, concentrated, and child (0 to 18 years of age) poverty rate","2006-2010",9,"Total","CT","06073008510","0085.10","San Diego","06073",NA,NA,"Overall",6344,494.832,7.8,3.0340426,12.5659574,2.4316109,31.1744993,NA,0.5693431,"no",41661.5034577,85.1,"Mood Disorders","Hospitalization",2010,35,5,"EAST",3,"Suburban Area",4,"Moderately High Income",2,"Supervisorial District 2",236,461.379054172939,452.950316805472,92,371.477024953565,144,545.764638999431,200,526.634541959607,NA,NA,20,245.88148512417,6,288.184438040346,NA,NA,20,203.769740193581,68,971.706201771935,63,454.217736121125,71,481.323300115246,14,244.88368025188
"1260","SANTEE",754,"Overall, concentrated, and child (0 to 18 years of age) poverty rate","2006-2010",9,"Total","CT","06073009101","0091.01","San Diego","06073",NA,NA,"Child",779,31.939,4.1,0,9.8191489,2.9179331,71.1691007,NA,0.2146597,"no",41661.5034577,91.01,"Mood Disorders","Hospitalization",2010,35,5,"EAST",3,"Suburban Area",4,"Moderately High Income",2,"Supervisorial District 2",236,461.379054172939,452.950316805472,92,371.477024953565,144,545.764638999431,200,526.634541959607,NA,NA,20,245.88148512417,6,288.184438040346,NA,NA,20,203.769740193581,68,971.706201771935,63,454.217736121125,71,481.323300115246,14,244.88368025188
"1261","SANTEE",754,"Overall, concentrated, and child (0 to 18 years of age) poverty rate","2006-2010",9,"Total","CT","06073008902","0089.02","San Diego","06073",NA,NA,"Overall",2118,99.546,4.7,1.006383,8.393617,1.8844985,40.0957123,NA,0.3430657,"no",41661.5034577,89.02,"Mood Disorders","Hospitalization",2010,35,5,"EAST",3,"Suburban Area",4,"Moderately High Income",2,"Supervisorial District 2",236,461.379054172939,452.950316805472,92,371.477024953565,144,545.764638999431,200,526.634541959607,NA,NA,20,245.88148512417,6,288.184438040346,NA,NA,20,203.769740193581,68,971.706201771935,63,454.217736121125,71,481.323300115246,14,244.88368025188
"1262","SANTEE",754,"Overall, concentrated, and child (0 to 18 years of age) poverty rate","2006-2010",9,"Total","CT","06073008511","0085.11","San Diego","06073",NA,NA,"Child",224,20.832,9.3,0,22.287234,6.6261398,71.2488152,NA,0.486911,"no",41661.5034577,85.11,"Mood Disorders","Hospitalization",2010,35,5,"EAST",3,"Suburban Area",4,"Moderately High Income",2,"Supervisorial District 2",236,461.379054172939,452.950316805472,92,371.477024953565,144,545.764638999431,200,526.634541959607,NA,NA,20,245.88148512417,6,288.184438040346,NA,NA,20,203.769740193581,68,971.706201771935,63,454.217736121125,71,481.323300115246,14,244.88368025188
"1263","SANTEE",754,"Overall, concentrated, and child (0 to 18 years of age) poverty rate","2006-2010",9,"Total","CT","06073009101","0091.01","San Diego","06073",NA,NA,"Overall",5343,347.295,6.5,2.9255319,10.0744681,1.8237082,28.0570493,NA,0.4744526,"no",41661.5034577,91.01,"Mood Disorders","Hospitalization",2010,35,5,"EAST",3,"Suburban Area",4,"Moderately High Income",2,"Supervisorial District 2",236,461.379054172939,452.950316805472,92,371.477024953565,144,545.764638999431,200,526.634541959607,NA,NA,20,245.88148512417,6,288.184438040346,NA,NA,20,203.769740193581,68,971.706201771935,63,454.217736121125,71,481.323300115246,14,244.88368025188
"1264","SANTEE",754,"Overall, concentrated, and child (0 to 18 years of age) poverty rate","2006-2010",9,"Total","CT","06073008510","0085.10","San Diego","06073",NA,NA,"Child",1082,102.79,9.5,0,22.1297872,6.443769,67.8291473,NA,0.4973822,"no",41661.5034577,85.1,"Mood Disorders","Hospitalization",2010,35,5,"EAST",3,"Suburban Area",4,"Moderately High Income",2,"Supervisorial District 2",236,461.379054172939,452.950316805472,92,371.477024953565,144,545.764638999431,200,526.634541959607,NA,NA,20,245.88148512417,6,288.184438040346,NA,NA,20,203.769740193581,68,971.706201771935,63,454.217736121125,71,481.323300115246,14,244.88368025188
"1265","SANTEE",754,"Overall, concentrated, and child (0 to 18 years of age) poverty rate","2006-2010",9,"Total","CT","06073008509","0085.09","San Diego","06073",NA,NA,"Overall",6758,662.284,9.8,5.1531915,14.4468085,2.3708207,24.1920476,NA,0.7153285,"no",41661.5034577,85.09,"Mood Disorders","Hospitalization",2010,35,5,"EAST",3,"Suburban Area",4,"Moderately High Income",2,"Supervisorial District 2",236,461.379054172939,452.950316805472,92,371.477024953565,144,545.764638999431,200,526.634541959607,NA,NA,20,245.88148512417,6,288.184438040346,NA,NA,20,203.769740193581,68,971.706201771935,63,454.217736121125,71,481.323300115246,14,244.88368025188
"1266","SANTEE",754,"Overall, concentrated, and child (0 to 18 years of age) poverty rate","2006-2010",9,"Total","CT","06073009000","0090.00","San Diego","06073",NA,NA,"Child",666,340.326,51.1,26.4361702,75.7638298,12.5835866,24.6254141,NA,2.6753927,"no",41661.5034577,90,"Mood Disorders","Hospitalization",2010,35,5,"EAST",3,"Suburban Area",4,"Moderately High Income",2,"Supervisorial District 2",236,461.379054172939,452.950316805472,92,371.477024953565,144,545.764638999431,200,526.634541959607,NA,NA,20,245.88148512417,6,288.184438040346,NA,NA,20,203.769740193581,68,971.706201771935,63,454.217736121125,71,481.323300115246,14,244.88368025188
"1267","SANTEE",754,"Overall, concentrated, and child (0 to 18 years of age) poverty rate","2006-2010",9,"Total","CT","06073008800","0088.00","San Diego","06073",NA,NA,"Child",1537,447.267,29.1,14.8021277,43.3978723,7.2948328,25.068154,NA,1.5235602,"no",41661.5034577,88,"Mood Disorders","Hospitalization",2010,35,5,"EAST",3,"Suburban Area",4,"Moderately High Income",2,"Supervisorial District 2",236,461.379054172939,452.950316805472,92,371.477024953565,144,545.764638999431,200,526.634541959607,NA,NA,20,245.88148512417,6,288.184438040346,NA,NA,20,203.769740193581,68,971.706201771935,63,454.217736121125,71,481.323300115246,14,244.88368025188
"1268","SOUTH BAY",754,"Overall, concentrated, and child (0 to 18 years of age) poverty rate","2000",9,"Total","CT","06073018516","0185.16","San Diego","06073",NA,NA,"Overall",4196,159.448,3.8,NA,NA,NA,NA,NA,0.2676056,"no",41661.5034577,185.16,"Mood Disorders","Hospitalization",2010,22,4,"SOUTH",3,"Suburban Area",2,"Low Income",1,"Supervisorial District 1",297,220.14023748462,217.345612079165,117,171.907140758155,180,269.243425973016,119,579.780755176614,23,424.041297935103,128,138.480180024234,18,137.793768659573,NA,NA,20,67.615538050644,64,267.827251422832,107,282.053985660059,91,297.395339716984,15,116.243025418475
"1269","SOUTH BAY",754,"Overall, concentrated, and child (0 to 18 years of age) poverty rate","2000",9,"Total","CT","06073019503","0195.03","San Diego","06073",NA,NA,"Overall",4593,652.206,14.2,NA,NA,NA,NA,NA,1,"no",41661.5034577,195.03,"Mood Disorders","Hospitalization",2010,22,4,"SOUTH",3,"Suburban Area",2,"Low Income",1,"Supervisorial District 1",297,220.14023748462,217.345612079165,117,171.907140758155,180,269.243425973016,119,579.780755176614,23,424.041297935103,128,138.480180024234,18,137.793768659573,NA,NA,20,67.615538050644,64,267.827251422832,107,282.053985660059,91,297.395339716984,15,116.243025418475
"1270","SOUTH BAY",754,"Overall, concentrated, and child (0 to 18 years of age) poverty rate","2000",9,"Total","CT","06073019208","0192.08","San Diego","06073",NA,NA,"Child",712,55.536,7.8,NA,NA,NA,NA,NA,0.4105263,"no",41661.5034577,192.08,"Mood Disorders","Hospitalization",2010,22,4,"SOUTH",3,"Suburban Area",2,"Low Income",1,"Supervisorial District 1",297,220.14023748462,217.345612079165,117,171.907140758155,180,269.243425973016,119,579.780755176614,23,424.041297935103,128,138.480180024234,18,137.793768659573,NA,NA,20,67.615538050644,64,267.827251422832,107,282.053985660059,91,297.395339716984,15,116.243025418475
"1271","SOUTH BAY",754,"Overall, concentrated, and child (0 to 18 years of age) poverty rate","2000",9,"Total","CT","06073019806","0198.06","San Diego","06073",NA,NA,"Overall",7555,347.53,4.6,NA,NA,NA,NA,NA,0.3239437,"no",41661.5034577,198.06,"Mood Disorders","Hospitalization",2010,22,4,"SOUTH",3,"Suburban Area",2,"Low Income",1,"Supervisorial District 1",297,220.14023748462,217.345612079165,117,171.907140758155,180,269.243425973016,119,579.780755176614,23,424.041297935103,128,138.480180024234,18,137.793768659573,NA,NA,20,67.615538050644,64,267.827251422832,107,282.053985660059,91,297.395339716984,15,116.243025418475
"1272","SOUTH BAY",754,"Overall, concentrated, and child (0 to 18 years of age) poverty rate","2000",9,"Total","CT","06073019602","0196.02","San Diego","06073",NA,NA,"Overall",5623,1090.862,19.4,NA,NA,NA,NA,NA,1.3661972,"no",41661.5034577,196.02,"Mood Disorders","Hospitalization",2010,22,4,"SOUTH",3,"Suburban Area",2,"Low Income",1,"Supervisorial District 1",297,220.14023748462,217.345612079165,117,171.907140758155,180,269.243425973016,119,579.780755176614,23,424.041297935103,128,138.480180024234,18,137.793768659573,NA,NA,20,67.615538050644,64,267.827251422832,107,282.053985660059,91,297.395339716984,15,116.243025418475
"1273","SOUTH BAY",754,"Overall, concentrated, and child (0 to 18 years of age) poverty rate","2000",9,"Total","CT","06073019301","0193.01","San Diego","06073",NA,NA,"Child",2064,22.704,1.1,NA,NA,NA,NA,NA,0.0578947,"no",41661.5034577,193.01,"Mood Disorders","Hospitalization",2010,22,4,"SOUTH",3,"Suburban Area",2,"Low Income",1,"Supervisorial District 1",297,220.14023748462,217.345612079165,117,171.907140758155,180,269.243425973016,119,579.780755176614,23,424.041297935103,128,138.480180024234,18,137.793768659573,NA,NA,20,67.615538050644,64,267.827251422832,107,282.053985660059,91,297.395339716984,15,116.243025418475
"1274","SOUTH BAY",754,"Overall, concentrated, and child (0 to 18 years of age) poverty rate","2000",9,"Total","CT","06073019105","0191.05","San Diego","06073",NA,NA,"Overall",5126,117.898,2.3,NA,NA,NA,NA,NA,0.1619718,"no",41661.5034577,191.05,"Mood Disorders","Hospitalization",2010,22,4,"SOUTH",3,"Suburban Area",2,"Low Income",1,"Supervisorial District 1",297,220.14023748462,217.345612079165,117,171.907140758155,180,269.243425973016,119,579.780755176614,23,424.041297935103,128,138.480180024234,18,137.793768659573,NA,NA,20,67.615538050644,64,267.827251422832,107,282.053985660059,91,297.395339716984,15,116.243025418475
"1275","SOUTH BAY",754,"Overall, concentrated, and child (0 to 18 years of age) poverty rate","2000",9,"Total","CT","06073019702","0197.02","San Diego","06073",NA,NA,"Child",1362,117.132,8.6,NA,NA,NA,NA,NA,0.4526316,"no",41661.5034577,197.02,"Mood Disorders","Hospitalization",2010,22,4,"SOUTH",3,"Suburban Area",2,"Low Income",1,"Supervisorial District 1",297,220.14023748462,217.345612079165,117,171.907140758155,180,269.243425973016,119,579.780755176614,23,424.041297935103,128,138.480180024234,18,137.793768659573,NA,NA,20,67.615538050644,64,267.827251422832,107,282.053985660059,91,297.395339716984,15,116.243025418475
"1276","SOUTH BAY",754,"Overall, concentrated, and child (0 to 18 years of age) poverty rate","2000",9,"Total","CT","06073019502","0195.02","San Diego","06073",NA,NA,"Child",2363,673.455,28.5,NA,NA,NA,NA,NA,1.5,"no",41661.5034577,195.02,"Mood Disorders","Hospitalization",2010,22,4,"SOUTH",3,"Suburban Area",2,"Low Income",1,"Supervisorial District 1",297,220.14023748462,217.345612079165,117,171.907140758155,180,269.243425973016,119,579.780755176614,23,424.041297935103,128,138.480180024234,18,137.793768659573,NA,NA,20,67.615538050644,64,267.827251422832,107,282.053985660059,91,297.395339716984,15,116.243025418475
"1277","SOUTH BAY",754,"Overall, concentrated, and child (0 to 18 years of age) poverty rate","2000",9,"Total","CT","06073019502","0195.02","San Diego","06073",NA,NA,"Overall",6065,1437.405,23.7,NA,NA,NA,NA,NA,1.6690141,"no",41661.5034577,195.02,"Mood Disorders","Hospitalization",2010,22,4,"SOUTH",3,"Suburban Area",2,"Low Income",1,"Supervisorial District 1",297,220.14023748462,217.345612079165,117,171.907140758155,180,269.243425973016,119,579.780755176614,23,424.041297935103,128,138.480180024234,18,137.793768659573,NA,NA,20,67.615538050644,64,267.827251422832,107,282.053985660059,91,297.395339716984,15,116.243025418475
"1278","SOUTH BAY",754,"Overall, concentrated, and child (0 to 18 years of age) poverty rate","2000",9,"Total","CT","06073019406","0194.06","San Diego","06073",NA,NA,"Child",1211,79.926,6.6,NA,NA,NA,NA,NA,0.3473684,"no",41661.5034577,194.06,"Mood Disorders","Hospitalization",2010,22,4,"SOUTH",3,"Suburban Area",2,"Low Income",1,"Supervisorial District 1",297,220.14023748462,217.345612079165,117,171.907140758155,180,269.243425973016,119,579.780755176614,23,424.041297935103,128,138.480180024234,18,137.793768659573,NA,NA,20,67.615538050644,64,267.827251422832,107,282.053985660059,91,297.395339716984,15,116.243025418475
"1279","SOUTH BAY",754,"Overall, concentrated, and child (0 to 18 years of age) poverty rate","2000",9,"Total","CT","06073019405","0194.05","San Diego","06073",NA,NA,"Overall",3860,351.26,9.1,NA,NA,NA,NA,NA,0.6408451,"no",41661.5034577,194.05,"Mood Disorders","Hospitalization",2010,22,4,"SOUTH",3,"Suburban Area",2,"Low Income",1,"Supervisorial District 1",297,220.14023748462,217.345612079165,117,171.907140758155,180,269.243425973016,119,579.780755176614,23,424.041297935103,128,138.480180024234,18,137.793768659573,NA,NA,20,67.615538050644,64,267.827251422832,107,282.053985660059,91,297.395339716984,15,116.243025418475
"1280","SOUTH BAY",754,"Overall, concentrated, and child (0 to 18 years of age) poverty rate","2000",9,"Total","CT","06073019207","0192.07","San Diego","06073",NA,NA,"Overall",7418,860.488,11.6,NA,NA,NA,NA,NA,0.8169014,"no",41661.5034577,192.07,"Mood Disorders","Hospitalization",2010,22,4,"SOUTH",3,"Suburban Area",2,"Low Income",1,"Supervisorial District 1",297,220.14023748462,217.345612079165,117,171.907140758155,180,269.243425973016,119,579.780755176614,23,424.041297935103,128,138.480180024234,18,137.793768659573,NA,NA,20,67.615538050644,64,267.827251422832,107,282.053985660059,91,297.395339716984,15,116.243025418475
"1281","SOUTH BAY",754,"Overall, concentrated, and child (0 to 18 years of age) poverty rate","2000",9,"Total","CT","06073018517","0185.17","San Diego","06073",NA,NA,"Overall",3903,577.644,14.8,NA,NA,NA,NA,NA,1.0422535,"no",41661.5034577,185.17,"Mood Disorders","Hospitalization",2010,22,4,"SOUTH",3,"Suburban Area",2,"Low Income",1,"Supervisorial District 1",297,220.14023748462,217.345612079165,117,171.907140758155,180,269.243425973016,119,579.780755176614,23,424.041297935103,128,138.480180024234,18,137.793768659573,NA,NA,20,67.615538050644,64,267.827251422832,107,282.053985660059,91,297.395339716984,15,116.243025418475
"1282","SOUTH BAY",754,"Overall, concentrated, and child (0 to 18 years of age) poverty rate","2000",9,"Total","CT","06073019405","0194.05","San Diego","06073",NA,NA,"Child",1229,124.129,10.1,NA,NA,NA,NA,NA,0.5315789,"no",41661.5034577,194.05,"Mood Disorders","Hospitalization",2010,22,4,"SOUTH",3,"Suburban Area",2,"Low Income",1,"Supervisorial District 1",297,220.14023748462,217.345612079165,117,171.907140758155,180,269.243425973016,119,579.780755176614,23,424.041297935103,128,138.480180024234,18,137.793768659573,NA,NA,20,67.615538050644,64,267.827251422832,107,282.053985660059,91,297.395339716984,15,116.243025418475
"1283","SOUTH BAY",754,"Overall, concentrated, and child (0 to 18 years of age) poverty rate","2000",9,"Total","CT","06073019208","0192.08","San Diego","06073",NA,NA,"Overall",2860,383.24,13.4,NA,NA,NA,NA,NA,0.943662,"no",41661.5034577,192.08,"Mood Disorders","Hospitalization",2010,22,4,"SOUTH",3,"Suburban Area",2,"Low Income",1,"Supervisorial District 1",297,220.14023748462,217.345612079165,117,171.907140758155,180,269.243425973016,119,579.780755176614,23,424.041297935103,128,138.480180024234,18,137.793768659573,NA,NA,20,67.615538050644,64,267.827251422832,107,282.053985660059,91,297.395339716984,15,116.243025418475
"1284","SOUTH BAY",754,"Overall, concentrated, and child (0 to 18 years of age) poverty rate","2000",9,"Total","CT","06073019902","0199.02","San Diego","06073",NA,NA,"Child",1327,220.282,16.6,NA,NA,NA,NA,NA,0.8736842,"no",41661.5034577,199.02,"Mood Disorders","Hospitalization",2010,22,4,"SOUTH",3,"Suburban Area",2,"Low Income",1,"Supervisorial District 1",297,220.14023748462,217.345612079165,117,171.907140758155,180,269.243425973016,119,579.780755176614,23,424.041297935103,128,138.480180024234,18,137.793768659573,NA,NA,20,67.615538050644,64,267.827251422832,107,282.053985660059,91,297.395339716984,15,116.243025418475
"1285","SOUTH BAY",754,"Overall, concentrated, and child (0 to 18 years of age) poverty rate","2000",9,"Total","CT","06073019702","0197.02","San Diego","06073",NA,NA,"Overall",4854,412.59,8.5,NA,NA,NA,NA,NA,0.5985915,"no",41661.5034577,197.02,"Mood Disorders","Hospitalization",2010,22,4,"SOUTH",3,"Suburban Area",2,"Low Income",1,"Supervisorial District 1",297,220.14023748462,217.345612079165,117,171.907140758155,180,269.243425973016,119,579.780755176614,23,424.041297935103,128,138.480180024234,18,137.793768659573,NA,NA,20,67.615538050644,64,267.827251422832,107,282.053985660059,91,297.395339716984,15,116.243025418475
"1286","SOUTH BAY",754,"Overall, concentrated, and child (0 to 18 years of age) poverty rate","2000",9,"Total","CT","06073019103","0191.03","San Diego","06073",NA,NA,"Overall",5502,418.152,7.6,NA,NA,NA,NA,NA,0.5352113,"no",41661.5034577,191.03,"Mood Disorders","Hospitalization",2010,22,4,"SOUTH",3,"Suburban Area",2,"Low Income",1,"Supervisorial District 1",297,220.14023748462,217.345612079165,117,171.907140758155,180,269.243425973016,119,579.780755176614,23,424.041297935103,128,138.480180024234,18,137.793768659573,NA,NA,20,67.615538050644,64,267.827251422832,107,282.053985660059,91,297.395339716984,15,116.243025418475
"1287","SOUTH BAY",754,"Overall, concentrated, and child (0 to 18 years of age) poverty rate","2000",9,"Total","CT","06073019602","0196.02","San Diego","06073",NA,NA,"Child",1726,436.678,25.3,NA,NA,NA,NA,NA,1.3315789,"no",41661.5034577,196.02,"Mood Disorders","Hospitalization",2010,22,4,"SOUTH",3,"Suburban Area",2,"Low Income",1,"Supervisorial District 1",297,220.14023748462,217.345612079165,117,171.907140758155,180,269.243425973016,119,579.780755176614,23,424.041297935103,128,138.480180024234,18,137.793768659573,NA,NA,20,67.615538050644,64,267.827251422832,107,282.053985660059,91,297.395339716984,15,116.243025418475
"1288","SOUTH BAY",754,"Overall, concentrated, and child (0 to 18 years of age) poverty rate","2000",9,"Total","CT","06073019403","0194.03","San Diego","06073",NA,NA,"Child",1521,361.998,23.8,NA,NA,NA,NA,NA,1.2526316,"no",41661.5034577,194.03,"Mood Disorders","Hospitalization",2010,22,4,"SOUTH",3,"Suburban Area",2,"Low Income",1,"Supervisorial District 1",297,220.14023748462,217.345612079165,117,171.907140758155,180,269.243425973016,119,579.780755176614,23,424.041297935103,128,138.480180024234,18,137.793768659573,NA,NA,20,67.615538050644,64,267.827251422832,107,282.053985660059,91,297.395339716984,15,116.243025418475
"1289","SOUTH BAY",754,"Overall, concentrated, and child (0 to 18 years of age) poverty rate","2000",9,"Total","CT","06073018802","0188.02","San Diego","06073",NA,NA,"Overall",7350,565.95,7.7,NA,NA,NA,NA,NA,0.5422535,"no",41661.5034577,188.02,"Mood Disorders","Hospitalization",2010,22,4,"SOUTH",3,"Suburban Area",2,"Low Income",1,"Supervisorial District 1",297,220.14023748462,217.345612079165,117,171.907140758155,180,269.243425973016,119,579.780755176614,23,424.041297935103,128,138.480180024234,18,137.793768659573,NA,NA,20,67.615538050644,64,267.827251422832,107,282.053985660059,91,297.395339716984,15,116.243025418475
"1290","SOUTH BAY",754,"Overall, concentrated, and child (0 to 18 years of age) poverty rate","2000",9,"Total","CT","06073019501","0195.01","San Diego","06073",NA,NA,"Child",1598,415.48,26,NA,NA,NA,NA,NA,1.3684211,"no",41661.5034577,195.01,"Mood Disorders","Hospitalization",2010,22,4,"SOUTH",3,"Suburban Area",2,"Low Income",1,"Supervisorial District 1",297,220.14023748462,217.345612079165,117,171.907140758155,180,269.243425973016,119,579.780755176614,23,424.041297935103,128,138.480180024234,18,137.793768659573,NA,NA,20,67.615538050644,64,267.827251422832,107,282.053985660059,91,297.395339716984,15,116.243025418475
"1291","SOUTH BAY",754,"Overall, concentrated, and child (0 to 18 years of age) poverty rate","2000",9,"Total","CT","06073018515","0185.15","San Diego","06073",NA,NA,"Overall",4137,223.398,5.4,NA,NA,NA,NA,NA,0.3802817,"no",41661.5034577,185.15,"Mood Disorders","Hospitalization",2010,22,4,"SOUTH",3,"Suburban Area",2,"Low Income",1,"Supervisorial District 1",297,220.14023748462,217.345612079165,117,171.907140758155,180,269.243425973016,119,579.780755176614,23,424.041297935103,128,138.480180024234,18,137.793768659573,NA,NA,20,67.615538050644,64,267.827251422832,107,282.053985660059,91,297.395339716984,15,116.243025418475
"1292","SOUTH BAY",754,"Overall, concentrated, and child (0 to 18 years of age) poverty rate","2000",9,"Total","CT","06073019105","0191.05","San Diego","06073",NA,NA,"Child",842,0,0,NA,NA,NA,NA,NA,0,"no",41661.5034577,191.05,"Mood Disorders","Hospitalization",2010,22,4,"SOUTH",3,"Suburban Area",2,"Low Income",1,"Supervisorial District 1",297,220.14023748462,217.345612079165,117,171.907140758155,180,269.243425973016,119,579.780755176614,23,424.041297935103,128,138.480180024234,18,137.793768659573,NA,NA,20,67.615538050644,64,267.827251422832,107,282.053985660059,91,297.395339716984,15,116.243025418475
"1293","SOUTH BAY",754,"Overall, concentrated, and child (0 to 18 years of age) poverty rate","2000",9,"Total","CT","06073019701","0197.01","San Diego","06073",NA,NA,"Overall",5881,623.386,10.6,NA,NA,NA,NA,NA,0.7464789,"no",41661.5034577,197.01,"Mood Disorders","Hospitalization",2010,22,4,"SOUTH",3,"Suburban Area",2,"Low Income",1,"Supervisorial District 1",297,220.14023748462,217.345612079165,117,171.907140758155,180,269.243425973016,119,579.780755176614,23,424.041297935103,128,138.480180024234,18,137.793768659573,NA,NA,20,67.615538050644,64,267.827251422832,107,282.053985660059,91,297.395339716984,15,116.243025418475
"1294","SOUTH BAY",754,"Overall, concentrated, and child (0 to 18 years of age) poverty rate","2000",9,"Total","CT","06073018518","0185.18","San Diego","06073",NA,NA,"Overall",3118,227.614,7.3,NA,NA,NA,NA,NA,0.5140845,"no",41661.5034577,185.18,"Mood Disorders","Hospitalization",2010,22,4,"SOUTH",3,"Suburban Area",2,"Low Income",1,"Supervisorial District 1",297,220.14023748462,217.345612079165,117,171.907140758155,180,269.243425973016,119,579.780755176614,23,424.041297935103,128,138.480180024234,18,137.793768659573,NA,NA,20,67.615538050644,64,267.827251422832,107,282.053985660059,91,297.395339716984,15,116.243025418475
"1295","SOUTH BAY",754,"Overall, concentrated, and child (0 to 18 years of age) poverty rate","2000",9,"Total","CT","06073018518","0185.18","San Diego","06073",NA,NA,"Child",981,84.366,8.6,NA,NA,NA,NA,NA,0.4526316,"no",41661.5034577,185.18,"Mood Disorders","Hospitalization",2010,22,4,"SOUTH",3,"Suburban Area",2,"Low Income",1,"Supervisorial District 1",297,220.14023748462,217.345612079165,117,171.907140758155,180,269.243425973016,119,579.780755176614,23,424.041297935103,128,138.480180024234,18,137.793768659573,NA,NA,20,67.615538050644,64,267.827251422832,107,282.053985660059,91,297.395339716984,15,116.243025418475
"1296","SOUTH BAY",754,"Overall, concentrated, and child (0 to 18 years of age) poverty rate","2000",9,"Total","CT","06073018904","0189.04","San Diego","06073",NA,NA,"Child",1741,442.214,25.4,NA,NA,NA,NA,NA,1.3368421,"no",41661.5034577,189.04,"Mood Disorders","Hospitalization",2010,22,4,"SOUTH",3,"Suburban Area",2,"Low Income",1,"Supervisorial District 1",297,220.14023748462,217.345612079165,117,171.907140758155,180,269.243425973016,119,579.780755176614,23,424.041297935103,128,138.480180024234,18,137.793768659573,NA,NA,20,67.615538050644,64,267.827251422832,107,282.053985660059,91,297.395339716984,15,116.243025418475
"1297","SOUTH BAY",754,"Overall, concentrated, and child (0 to 18 years of age) poverty rate","2000",9,"Total","CT","06073018903","0189.03","San Diego","06073",NA,NA,"Overall",4771,577.291,12.1,NA,NA,NA,NA,NA,0.8521127,"no",41661.5034577,189.03,"Mood Disorders","Hospitalization",2010,22,4,"SOUTH",3,"Suburban Area",2,"Low Income",1,"Supervisorial District 1",297,220.14023748462,217.345612079165,117,171.907140758155,180,269.243425973016,119,579.780755176614,23,424.041297935103,128,138.480180024234,18,137.793768659573,NA,NA,20,67.615538050644,64,267.827251422832,107,282.053985660059,91,297.395339716984,15,116.243025418475
"1298","SOUTH BAY",754,"Overall, concentrated, and child (0 to 18 years of age) poverty rate","2000",9,"Total","CT","06073018904","0189.04","San Diego","06073",NA,NA,"Overall",5715,1040.13,18.2,NA,NA,NA,NA,NA,1.2816901,"no",41661.5034577,189.04,"Mood Disorders","Hospitalization",2010,22,4,"SOUTH",3,"Suburban Area",2,"Low Income",1,"Supervisorial District 1",297,220.14023748462,217.345612079165,117,171.907140758155,180,269.243425973016,119,579.780755176614,23,424.041297935103,128,138.480180024234,18,137.793768659573,NA,NA,20,67.615538050644,64,267.827251422832,107,282.053985660059,91,297.395339716984,15,116.243025418475
"1299","SOUTH BAY",754,"Overall, concentrated, and child (0 to 18 years of age) poverty rate","2000",9,"Total","CT","06073019406","0194.06","San Diego","06073",NA,NA,"Overall",4370,266.57,6.1,NA,NA,NA,NA,NA,0.4295775,"no",41661.5034577,194.06,"Mood Disorders","Hospitalization",2010,22,4,"SOUTH",3,"Suburban Area",2,"Low Income",1,"Supervisorial District 1",297,220.14023748462,217.345612079165,117,171.907140758155,180,269.243425973016,119,579.780755176614,23,424.041297935103,128,138.480180024234,18,137.793768659573,NA,NA,20,67.615538050644,64,267.827251422832,107,282.053985660059,91,297.395339716984,15,116.243025418475
"1300","SOUTH BAY",754,"Overall, concentrated, and child (0 to 18 years of age) poverty rate","2000",9,"Total","CT","06073019503","0195.03","San Diego","06073",NA,NA,"Child",1462,298.248,20.4,NA,NA,NA,NA,NA,1.0736842,"no",41661.5034577,195.03,"Mood Disorders","Hospitalization",2010,22,4,"SOUTH",3,"Suburban Area",2,"Low Income",1,"Supervisorial District 1",297,220.14023748462,217.345612079165,117,171.907140758155,180,269.243425973016,119,579.780755176614,23,424.041297935103,128,138.480180024234,18,137.793768659573,NA,NA,20,67.615538050644,64,267.827251422832,107,282.053985660059,91,297.395339716984,15,116.243025418475
"1301","SOUTH BAY",754,"Overall, concentrated, and child (0 to 18 years of age) poverty rate","2000",9,"Total","CT","06073019001","0190.01","San Diego","06073",NA,NA,"Overall",5235,418.8,8,NA,NA,NA,NA,NA,0.5633803,"no",41661.5034577,190.01,"Mood Disorders","Hospitalization",2010,22,4,"SOUTH",3,"Suburban Area",2,"Low Income",1,"Supervisorial District 1",297,220.14023748462,217.345612079165,117,171.907140758155,180,269.243425973016,119,579.780755176614,23,424.041297935103,128,138.480180024234,18,137.793768659573,NA,NA,20,67.615538050644,64,267.827251422832,107,282.053985660059,91,297.395339716984,15,116.243025418475
"1302","SOUTH BAY",754,"Overall, concentrated, and child (0 to 18 years of age) poverty rate","2000",9,"Total","CT","06073018802","0188.02","San Diego","06073",NA,NA,"Child",1492,140.248,9.4,NA,NA,NA,NA,NA,0.4947368,"no",41661.5034577,188.02,"Mood Disorders","Hospitalization",2010,22,4,"SOUTH",3,"Suburban Area",2,"Low Income",1,"Supervisorial District 1",297,220.14023748462,217.345612079165,117,171.907140758155,180,269.243425973016,119,579.780755176614,23,424.041297935103,128,138.480180024234,18,137.793768659573,NA,NA,20,67.615538050644,64,267.827251422832,107,282.053985660059,91,297.395339716984,15,116.243025418475
"1303","SOUTH BAY",754,"Overall, concentrated, and child (0 to 18 years of age) poverty rate","2000",9,"Total","CT","06073018803","0188.03","San Diego","06073",NA,NA,"Child",835,60.12,7.2,NA,NA,NA,NA,NA,0.3789474,"no",41661.5034577,188.03,"Mood Disorders","Hospitalization",2010,22,4,"SOUTH",3,"Suburban Area",2,"Low Income",1,"Supervisorial District 1",297,220.14023748462,217.345612079165,117,171.907140758155,180,269.243425973016,119,579.780755176614,23,424.041297935103,128,138.480180024234,18,137.793768659573,NA,NA,20,67.615538050644,64,267.827251422832,107,282.053985660059,91,297.395339716984,15,116.243025418475
"1304","SOUTH BAY",754,"Overall, concentrated, and child (0 to 18 years of age) poverty rate","2000",9,"Total","CT","06073018609","0186.09","San Diego","06073",NA,NA,"Overall",6392,869.312,13.6,NA,NA,NA,NA,NA,0.9577465,"no",41661.5034577,186.09,"Mood Disorders","Hospitalization",2010,22,4,"SOUTH",3,"Suburban Area",2,"Low Income",1,"Supervisorial District 1",297,220.14023748462,217.345612079165,117,171.907140758155,180,269.243425973016,119,579.780755176614,23,424.041297935103,128,138.480180024234,18,137.793768659573,NA,NA,20,67.615538050644,64,267.827251422832,107,282.053985660059,91,297.395339716984,15,116.243025418475
"1305","SOUTH BAY",754,"Overall, concentrated, and child (0 to 18 years of age) poverty rate","2000",9,"Total","CT","06073018519","0185.19","San Diego","06073",NA,NA,"Overall",5547,926.349,16.7,NA,NA,NA,NA,NA,1.1760563,"no",41661.5034577,185.19,"Mood Disorders","Hospitalization",2010,22,4,"SOUTH",3,"Suburban Area",2,"Low Income",1,"Supervisorial District 1",297,220.14023748462,217.345612079165,117,171.907140758155,180,269.243425973016,119,579.780755176614,23,424.041297935103,128,138.480180024234,18,137.793768659573,NA,NA,20,67.615538050644,64,267.827251422832,107,282.053985660059,91,297.395339716984,15,116.243025418475
"1306","SOUTH BAY",754,"Overall, concentrated, and child (0 to 18 years of age) poverty rate","2000",9,"Total","CT","06073019701","0197.01","San Diego","06073",NA,NA,"Child",1108,115.232,10.4,NA,NA,NA,NA,NA,0.5473684,"no",41661.5034577,197.01,"Mood Disorders","Hospitalization",2010,22,4,"SOUTH",3,"Suburban Area",2,"Low Income",1,"Supervisorial District 1",297,220.14023748462,217.345612079165,117,171.907140758155,180,269.243425973016,119,579.780755176614,23,424.041297935103,128,138.480180024234,18,137.793768659573,NA,NA,20,67.615538050644,64,267.827251422832,107,282.053985660059,91,297.395339716984,15,116.243025418475
"1307","SOUTH BAY",754,"Overall, concentrated, and child (0 to 18 years of age) poverty rate","2000",9,"Total","CT","06073019804","0198.04","San Diego","06073",NA,NA,"Overall",4528,81.504,1.8,NA,NA,NA,NA,NA,0.1267606,"no",41661.5034577,198.04,"Mood Disorders","Hospitalization",2010,22,4,"SOUTH",3,"Suburban Area",2,"Low Income",1,"Supervisorial District 1",297,220.14023748462,217.345612079165,117,171.907140758155,180,269.243425973016,119,579.780755176614,23,424.041297935103,128,138.480180024234,18,137.793768659573,NA,NA,20,67.615538050644,64,267.827251422832,107,282.053985660059,91,297.395339716984,15,116.243025418475
"1308","SOUTH BAY",754,"Overall, concentrated, and child (0 to 18 years of age) poverty rate","2000",9,"Total","CT","06073019601","0196.01","San Diego","06073",NA,NA,"Child",1624,363.776,22.4,NA,NA,NA,NA,NA,1.1789474,"no",41661.5034577,196.01,"Mood Disorders","Hospitalization",2010,22,4,"SOUTH",3,"Suburban Area",2,"Low Income",1,"Supervisorial District 1",297,220.14023748462,217.345612079165,117,171.907140758155,180,269.243425973016,119,579.780755176614,23,424.041297935103,128,138.480180024234,18,137.793768659573,NA,NA,20,67.615538050644,64,267.827251422832,107,282.053985660059,91,297.395339716984,15,116.243025418475
"1309","SOUTH BAY",754,"Overall, concentrated, and child (0 to 18 years of age) poverty rate","2000",9,"Total","CT","06073019103","0191.03","San Diego","06073",NA,NA,"Child",1491,134.19,9,NA,NA,NA,NA,NA,0.4736842,"no",41661.5034577,191.03,"Mood Disorders","Hospitalization",2010,22,4,"SOUTH",3,"Suburban Area",2,"Low Income",1,"Supervisorial District 1",297,220.14023748462,217.345612079165,117,171.907140758155,180,269.243425973016,119,579.780755176614,23,424.041297935103,128,138.480180024234,18,137.793768659573,NA,NA,20,67.615538050644,64,267.827251422832,107,282.053985660059,91,297.395339716984,15,116.243025418475
"1310","SOUTH BAY",754,"Overall, concentrated, and child (0 to 18 years of age) poverty rate","2000",9,"Total","CT","06073018517","0185.17","San Diego","06073",NA,NA,"Child",763,213.64,28,NA,NA,NA,NA,NA,1.4736842,"no",41661.5034577,185.17,"Mood Disorders","Hospitalization",2010,22,4,"SOUTH",3,"Suburban Area",2,"Low Income",1,"Supervisorial District 1",297,220.14023748462,217.345612079165,117,171.907140758155,180,269.243425973016,119,579.780755176614,23,424.041297935103,128,138.480180024234,18,137.793768659573,NA,NA,20,67.615538050644,64,267.827251422832,107,282.053985660059,91,297.395339716984,15,116.243025418475
"1311","SOUTH BAY",754,"Overall, concentrated, and child (0 to 18 years of age) poverty rate","2000",9,"Total","CT","06073019404","0194.04","San Diego","06073",NA,NA,"Child",1280,279.04,21.8,NA,NA,NA,NA,NA,1.1473684,"no",41661.5034577,194.04,"Mood Disorders","Hospitalization",2010,22,4,"SOUTH",3,"Suburban Area",2,"Low Income",1,"Supervisorial District 1",297,220.14023748462,217.345612079165,117,171.907140758155,180,269.243425973016,119,579.780755176614,23,424.041297935103,128,138.480180024234,18,137.793768659573,NA,NA,20,67.615538050644,64,267.827251422832,107,282.053985660059,91,297.395339716984,15,116.243025418475
"1312","SOUTH BAY",754,"Overall, concentrated, and child (0 to 18 years of age) poverty rate","2000",9,"Total","CT","06073019404","0194.04","San Diego","06073",NA,NA,"Overall",3516,587.172,16.7,NA,NA,NA,NA,NA,1.1760563,"no",41661.5034577,194.04,"Mood Disorders","Hospitalization",2010,22,4,"SOUTH",3,"Suburban Area",2,"Low Income",1,"Supervisorial District 1",297,220.14023748462,217.345612079165,117,171.907140758155,180,269.243425973016,119,579.780755176614,23,424.041297935103,128,138.480180024234,18,137.793768659573,NA,NA,20,67.615538050644,64,267.827251422832,107,282.053985660059,91,297.395339716984,15,116.243025418475
"1313","SOUTH BAY",754,"Overall, concentrated, and child (0 to 18 years of age) poverty rate","2000",9,"Total","CT","06073019501","0195.01","San Diego","06073",NA,NA,"Overall",3889,976.139,25.1,NA,NA,NA,NA,NA,1.7676056,"no",41661.5034577,195.01,"Mood Disorders","Hospitalization",2010,22,4,"SOUTH",3,"Suburban Area",2,"Low Income",1,"Supervisorial District 1",297,220.14023748462,217.345612079165,117,171.907140758155,180,269.243425973016,119,579.780755176614,23,424.041297935103,128,138.480180024234,18,137.793768659573,NA,NA,20,67.615538050644,64,267.827251422832,107,282.053985660059,91,297.395339716984,15,116.243025418475
"1314","SOUTH BAY",754,"Overall, concentrated, and child (0 to 18 years of age) poverty rate","2000",9,"Total","CT","06073019303","0193.03","San Diego","06073",NA,NA,"Overall",6328,506.24,8,NA,NA,NA,NA,NA,0.5633803,"no",41661.5034577,193.03,"Mood Disorders","Hospitalization",2010,22,4,"SOUTH",3,"Suburban Area",2,"Low Income",1,"Supervisorial District 1",297,220.14023748462,217.345612079165,117,171.907140758155,180,269.243425973016,119,579.780755176614,23,424.041297935103,128,138.480180024234,18,137.793768659573,NA,NA,20,67.615538050644,64,267.827251422832,107,282.053985660059,91,297.395339716984,15,116.243025418475
"1315","SOUTH BAY",754,"Overall, concentrated, and child (0 to 18 years of age) poverty rate","2000",9,"Total","CT","06073018906","0189.06","San Diego","06073",NA,NA,"Overall",5759,1082.692,18.8,NA,NA,NA,NA,NA,1.3239437,"no",41661.5034577,189.06,"Mood Disorders","Hospitalization",2010,22,4,"SOUTH",3,"Suburban Area",2,"Low Income",1,"Supervisorial District 1",297,220.14023748462,217.345612079165,117,171.907140758155,180,269.243425973016,119,579.780755176614,23,424.041297935103,128,138.480180024234,18,137.793768659573,NA,NA,20,67.615538050644,64,267.827251422832,107,282.053985660059,91,297.395339716984,15,116.243025418475
"1316","SOUTH BAY",754,"Overall, concentrated, and child (0 to 18 years of age) poverty rate","2000",9,"Total","CT","06073019002","0190.02","San Diego","06073",NA,NA,"Child",415,144.835,34.9,NA,NA,NA,NA,NA,1.8368421,"no",41661.5034577,190.02,"Mood Disorders","Hospitalization",2010,22,4,"SOUTH",3,"Suburban Area",2,"Low Income",1,"Supervisorial District 1",297,220.14023748462,217.345612079165,117,171.907140758155,180,269.243425973016,119,579.780755176614,23,424.041297935103,128,138.480180024234,18,137.793768659573,NA,NA,20,67.615538050644,64,267.827251422832,107,282.053985660059,91,297.395339716984,15,116.243025418475
"1317","SOUTH BAY",754,"Overall, concentrated, and child (0 to 18 years of age) poverty rate","2000",9,"Total","CT","06073018801","0188.01","San Diego","06073",NA,NA,"Child",796,21.492,2.7,NA,NA,NA,NA,NA,0.1421053,"no",41661.5034577,188.01,"Mood Disorders","Hospitalization",2010,22,4,"SOUTH",3,"Suburban Area",2,"Low Income",1,"Supervisorial District 1",297,220.14023748462,217.345612079165,117,171.907140758155,180,269.243425973016,119,579.780755176614,23,424.041297935103,128,138.480180024234,18,137.793768659573,NA,NA,20,67.615538050644,64,267.827251422832,107,282.053985660059,91,297.395339716984,15,116.243025418475
"1318","SOUTH BAY",754,"Overall, concentrated, and child (0 to 18 years of age) poverty rate","2000",9,"Total","CT","06073018803","0188.03","San Diego","06073",NA,NA,"Overall",3935,247.905,6.3,NA,NA,NA,NA,NA,0.443662,"no",41661.5034577,188.03,"Mood Disorders","Hospitalization",2010,22,4,"SOUTH",3,"Suburban Area",2,"Low Income",1,"Supervisorial District 1",297,220.14023748462,217.345612079165,117,171.907140758155,180,269.243425973016,119,579.780755176614,23,424.041297935103,128,138.480180024234,18,137.793768659573,NA,NA,20,67.615538050644,64,267.827251422832,107,282.053985660059,91,297.395339716984,15,116.243025418475
"1319","SOUTH BAY",754,"Overall, concentrated, and child (0 to 18 years of age) poverty rate","2000",9,"Total","CT","06073018519","0185.19","San Diego","06073",NA,NA,"Child",1870,377.74,20.2,NA,NA,NA,NA,NA,1.0631579,"no",41661.5034577,185.19,"Mood Disorders","Hospitalization",2010,22,4,"SOUTH",3,"Suburban Area",2,"Low Income",1,"Supervisorial District 1",297,220.14023748462,217.345612079165,117,171.907140758155,180,269.243425973016,119,579.780755176614,23,424.041297935103,128,138.480180024234,18,137.793768659573,NA,NA,20,67.615538050644,64,267.827251422832,107,282.053985660059,91,297.395339716984,15,116.243025418475
"1320","SOUTH BAY",754,"Overall, concentrated, and child (0 to 18 years of age) poverty rate","2000",9,"Total","CT","06073018903","0189.03","San Diego","06073",NA,NA,"Child",1367,256.996,18.8,NA,NA,NA,NA,NA,0.9894737,"no",41661.5034577,189.03,"Mood Disorders","Hospitalization",2010,22,4,"SOUTH",3,"Suburban Area",2,"Low Income",1,"Supervisorial District 1",297,220.14023748462,217.345612079165,117,171.907140758155,180,269.243425973016,119,579.780755176614,23,424.041297935103,128,138.480180024234,18,137.793768659573,NA,NA,20,67.615538050644,64,267.827251422832,107,282.053985660059,91,297.395339716984,15,116.243025418475
"1321","SOUTH BAY",754,"Overall, concentrated, and child (0 to 18 years of age) poverty rate","2000",9,"Total","CT","06073018610","0186.10","San Diego","06073",NA,NA,"Child",2494,271.846,10.9,NA,NA,NA,NA,NA,0.5736842,"no",41661.5034577,186.1,"Mood Disorders","Hospitalization",2010,22,4,"SOUTH",3,"Suburban Area",2,"Low Income",1,"Supervisorial District 1",297,220.14023748462,217.345612079165,117,171.907140758155,180,269.243425973016,119,579.780755176614,23,424.041297935103,128,138.480180024234,18,137.793768659573,NA,NA,20,67.615538050644,64,267.827251422832,107,282.053985660059,91,297.395339716984,15,116.243025418475
"1322","SOUTH BAY",754,"Overall, concentrated, and child (0 to 18 years of age) poverty rate","2000",9,"Total","CT","06073019002","0190.02","San Diego","06073",NA,NA,"Overall",1584,408.672,25.8,NA,NA,NA,NA,NA,1.8169014,"no",41661.5034577,190.02,"Mood Disorders","Hospitalization",2010,22,4,"SOUTH",3,"Suburban Area",2,"Low Income",1,"Supervisorial District 1",297,220.14023748462,217.345612079165,117,171.907140758155,180,269.243425973016,119,579.780755176614,23,424.041297935103,128,138.480180024234,18,137.793768659573,NA,NA,20,67.615538050644,64,267.827251422832,107,282.053985660059,91,297.395339716984,15,116.243025418475
"1323","SOUTH BAY",754,"Overall, concentrated, and child (0 to 18 years of age) poverty rate","2000",9,"Total","CT","06073018516","0185.16","San Diego","06073",NA,NA,"Child",1309,60.214,4.6,NA,NA,NA,NA,NA,0.2421053,"no",41661.5034577,185.16,"Mood Disorders","Hospitalization",2010,22,4,"SOUTH",3,"Suburban Area",2,"Low Income",1,"Supervisorial District 1",297,220.14023748462,217.345612079165,117,171.907140758155,180,269.243425973016,119,579.780755176614,23,424.041297935103,128,138.480180024234,18,137.793768659573,NA,NA,20,67.615538050644,64,267.827251422832,107,282.053985660059,91,297.395339716984,15,116.243025418475
"1324","SOUTH BAY",754,"Overall, concentrated, and child (0 to 18 years of age) poverty rate","2000",9,"Total","CT","06073019101","0191.01","San Diego","06073",NA,NA,"Overall",7097,1256.169,17.7,NA,NA,NA,NA,NA,1.2464789,"no",41661.5034577,191.01,"Mood Disorders","Hospitalization",2010,22,4,"SOUTH",3,"Suburban Area",2,"Low Income",1,"Supervisorial District 1",297,220.14023748462,217.345612079165,117,171.907140758155,180,269.243425973016,119,579.780755176614,23,424.041297935103,128,138.480180024234,18,137.793768659573,NA,NA,20,67.615538050644,64,267.827251422832,107,282.053985660059,91,297.395339716984,15,116.243025418475
"1325","SOUTH BAY",754,"Overall, concentrated, and child (0 to 18 years of age) poverty rate","2000",9,"Total","CT","06073019601","0196.01","San Diego","06073",NA,NA,"Overall",5922,811.314,13.7,NA,NA,NA,NA,NA,0.9647887,"no",41661.5034577,196.01,"Mood Disorders","Hospitalization",2010,22,4,"SOUTH",3,"Suburban Area",2,"Low Income",1,"Supervisorial District 1",297,220.14023748462,217.345612079165,117,171.907140758155,180,269.243425973016,119,579.780755176614,23,424.041297935103,128,138.480180024234,18,137.793768659573,NA,NA,20,67.615538050644,64,267.827251422832,107,282.053985660059,91,297.395339716984,15,116.243025418475
"1326","SOUTH BAY",754,"Overall, concentrated, and child (0 to 18 years of age) poverty rate","2000",9,"Total","CT","06073018905","0189.05","San Diego","06073",NA,NA,"Overall",6425,1272.15,19.8,NA,NA,NA,NA,NA,1.3943662,"no",41661.5034577,189.05,"Mood Disorders","Hospitalization",2010,22,4,"SOUTH",3,"Suburban Area",2,"Low Income",1,"Supervisorial District 1",297,220.14023748462,217.345612079165,117,171.907140758155,180,269.243425973016,119,579.780755176614,23,424.041297935103,128,138.480180024234,18,137.793768659573,NA,NA,20,67.615538050644,64,267.827251422832,107,282.053985660059,91,297.395339716984,15,116.243025418475
"1327","SOUTH BAY",754,"Overall, concentrated, and child (0 to 18 years of age) poverty rate","2000",9,"Total","CT","06073019001","0190.01","San Diego","06073",NA,NA,"Child",1136,177.216,15.6,NA,NA,NA,NA,NA,0.8210526,"no",41661.5034577,190.01,"Mood Disorders","Hospitalization",2010,22,4,"SOUTH",3,"Suburban Area",2,"Low Income",1,"Supervisorial District 1",297,220.14023748462,217.345612079165,117,171.907140758155,180,269.243425973016,119,579.780755176614,23,424.041297935103,128,138.480180024234,18,137.793768659573,NA,NA,20,67.615538050644,64,267.827251422832,107,282.053985660059,91,297.395339716984,15,116.243025418475
"1328","SOUTH BAY",754,"Overall, concentrated, and child (0 to 18 years of age) poverty rate","2000",9,"Total","CT","06073018700","0187.00","San Diego","06073",NA,NA,"Overall",36146,3036.264,8.4,NA,NA,NA,NA,NA,0.5915493,"no",41661.5034577,187,"Mood Disorders","Hospitalization",2010,22,4,"SOUTH",3,"Suburban Area",2,"Low Income",1,"Supervisorial District 1",297,220.14023748462,217.345612079165,117,171.907140758155,180,269.243425973016,119,579.780755176614,23,424.041297935103,128,138.480180024234,18,137.793768659573,NA,NA,20,67.615538050644,64,267.827251422832,107,282.053985660059,91,297.395339716984,15,116.243025418475
"1329","SOUTH BAY",754,"Overall, concentrated, and child (0 to 18 years of age) poverty rate","2000",9,"Total","CT","06073018801","0188.01","San Diego","06073",NA,NA,"Overall",3180,146.28,4.6,NA,NA,NA,NA,NA,0.3239437,"no",41661.5034577,188.01,"Mood Disorders","Hospitalization",2010,22,4,"SOUTH",3,"Suburban Area",2,"Low Income",1,"Supervisorial District 1",297,220.14023748462,217.345612079165,117,171.907140758155,180,269.243425973016,119,579.780755176614,23,424.041297935103,128,138.480180024234,18,137.793768659573,NA,NA,20,67.615538050644,64,267.827251422832,107,282.053985660059,91,297.395339716984,15,116.243025418475
"1330","SOUTH BAY",754,"Overall, concentrated, and child (0 to 18 years of age) poverty rate","2000",9,"Total","CT","06073018609","0186.09","San Diego","06073",NA,NA,"Child",2186,439.386,20.1,NA,NA,NA,NA,NA,1.0578947,"no",41661.5034577,186.09,"Mood Disorders","Hospitalization",2010,22,4,"SOUTH",3,"Suburban Area",2,"Low Income",1,"Supervisorial District 1",297,220.14023748462,217.345612079165,117,171.907140758155,180,269.243425973016,119,579.780755176614,23,424.041297935103,128,138.480180024234,18,137.793768659573,NA,NA,20,67.615538050644,64,267.827251422832,107,282.053985660059,91,297.395339716984,15,116.243025418475
"1331","SOUTH BAY",754,"Overall, concentrated, and child (0 to 18 years of age) poverty rate","2000",9,"Total","CT","06073018608","0186.08","San Diego","06073",NA,NA,"Overall",2618,167.552,6.4,NA,NA,NA,NA,NA,0.4507042,"no",41661.5034577,186.08,"Mood Disorders","Hospitalization",2010,22,4,"SOUTH",3,"Suburban Area",2,"Low Income",1,"Supervisorial District 1",297,220.14023748462,217.345612079165,117,171.907140758155,180,269.243425973016,119,579.780755176614,23,424.041297935103,128,138.480180024234,18,137.793768659573,NA,NA,20,67.615538050644,64,267.827251422832,107,282.053985660059,91,297.395339716984,15,116.243025418475
"1332","SOUTH BAY",754,"Overall, concentrated, and child (0 to 18 years of age) poverty rate","2000",9,"Total","CT","06073019806","0198.06","San Diego","06073",NA,NA,"Child",2114,107.814,5.1,NA,NA,NA,NA,NA,0.2684211,"no",41661.5034577,198.06,"Mood Disorders","Hospitalization",2010,22,4,"SOUTH",3,"Suburban Area",2,"Low Income",1,"Supervisorial District 1",297,220.14023748462,217.345612079165,117,171.907140758155,180,269.243425973016,119,579.780755176614,23,424.041297935103,128,138.480180024234,18,137.793768659573,NA,NA,20,67.615538050644,64,267.827251422832,107,282.053985660059,91,297.395339716984,15,116.243025418475
"1333","SOUTH BAY",754,"Overall, concentrated, and child (0 to 18 years of age) poverty rate","2000",9,"Total","CT","06073018610","0186.10","San Diego","06073",NA,NA,"Overall",7320,753.96,10.3,NA,NA,NA,NA,NA,0.7253521,"no",41661.5034577,186.1,"Mood Disorders","Hospitalization",2010,22,4,"SOUTH",3,"Suburban Area",2,"Low Income",1,"Supervisorial District 1",297,220.14023748462,217.345612079165,117,171.907140758155,180,269.243425973016,119,579.780755176614,23,424.041297935103,128,138.480180024234,18,137.793768659573,NA,NA,20,67.615538050644,64,267.827251422832,107,282.053985660059,91,297.395339716984,15,116.243025418475
"1334","SOUTH BAY",754,"Overall, concentrated, and child (0 to 18 years of age) poverty rate","2000",9,"Total","CT","06073019804","0198.04","San Diego","06073",NA,NA,"Child",1137,0,0,NA,NA,NA,NA,NA,0,"no",41661.5034577,198.04,"Mood Disorders","Hospitalization",2010,22,4,"SOUTH",3,"Suburban Area",2,"Low Income",1,"Supervisorial District 1",297,220.14023748462,217.345612079165,117,171.907140758155,180,269.243425973016,119,579.780755176614,23,424.041297935103,128,138.480180024234,18,137.793768659573,NA,NA,20,67.615538050644,64,267.827251422832,107,282.053985660059,91,297.395339716984,15,116.243025418475
"1335","SOUTH BAY",754,"Overall, concentrated, and child (0 to 18 years of age) poverty rate","2000",9,"Total","CT","06073019805","0198.05","San Diego","06073",NA,NA,"Overall",4078,391.488,9.6,NA,NA,NA,NA,NA,0.6760563,"no",41661.5034577,198.05,"Mood Disorders","Hospitalization",2010,22,4,"SOUTH",3,"Suburban Area",2,"Low Income",1,"Supervisorial District 1",297,220.14023748462,217.345612079165,117,171.907140758155,180,269.243425973016,119,579.780755176614,23,424.041297935103,128,138.480180024234,18,137.793768659573,NA,NA,20,67.615538050644,64,267.827251422832,107,282.053985660059,91,297.395339716984,15,116.243025418475
"1336","SOUTH BAY",754,"Overall, concentrated, and child (0 to 18 years of age) poverty rate","2000",9,"Total","CT","06073019805","0198.05","San Diego","06073",NA,NA,"Child",1027,161.239,15.7,NA,NA,NA,NA,NA,0.8263158,"no",41661.5034577,198.05,"Mood Disorders","Hospitalization",2010,22,4,"SOUTH",3,"Suburban Area",2,"Low Income",1,"Supervisorial District 1",297,220.14023748462,217.345612079165,117,171.907140758155,180,269.243425973016,119,579.780755176614,23,424.041297935103,128,138.480180024234,18,137.793768659573,NA,NA,20,67.615538050644,64,267.827251422832,107,282.053985660059,91,297.395339716984,15,116.243025418475
"1337","SOUTH BAY",754,"Overall, concentrated, and child (0 to 18 years of age) poverty rate","2000",9,"Total","CT","06073019101","0191.01","San Diego","06073",NA,NA,"Child",2355,607.59,25.8,NA,NA,NA,NA,NA,1.3578947,"no",41661.5034577,191.01,"Mood Disorders","Hospitalization",2010,22,4,"SOUTH",3,"Suburban Area",2,"Low Income",1,"Supervisorial District 1",297,220.14023748462,217.345612079165,117,171.907140758155,180,269.243425973016,119,579.780755176614,23,424.041297935103,128,138.480180024234,18,137.793768659573,NA,NA,20,67.615538050644,64,267.827251422832,107,282.053985660059,91,297.395339716984,15,116.243025418475
"1338","SOUTH BAY",754,"Overall, concentrated, and child (0 to 18 years of age) poverty rate","2000",9,"Total","CT","06073018906","0189.06","San Diego","06073",NA,NA,"Child",1727,412.753,23.9,NA,NA,NA,NA,NA,1.2578947,"no",41661.5034577,189.06,"Mood Disorders","Hospitalization",2010,22,4,"SOUTH",3,"Suburban Area",2,"Low Income",1,"Supervisorial District 1",297,220.14023748462,217.345612079165,117,171.907140758155,180,269.243425973016,119,579.780755176614,23,424.041297935103,128,138.480180024234,18,137.793768659573,NA,NA,20,67.615538050644,64,267.827251422832,107,282.053985660059,91,297.395339716984,15,116.243025418475
"1339","SOUTH BAY",754,"Overall, concentrated, and child (0 to 18 years of age) poverty rate","2000",9,"Total","CT","06073018601","0186.01","San Diego","06073",NA,NA,"Child",986,29.58,3,NA,NA,NA,NA,NA,0.1578947,"no",41661.5034577,186.01,"Mood Disorders","Hospitalization",2010,22,4,"SOUTH",3,"Suburban Area",2,"Low Income",1,"Supervisorial District 1",297,220.14023748462,217.345612079165,117,171.907140758155,180,269.243425973016,119,579.780755176614,23,424.041297935103,128,138.480180024234,18,137.793768659573,NA,NA,20,67.615538050644,64,267.827251422832,107,282.053985660059,91,297.395339716984,15,116.243025418475
"1340","SOUTH BAY",754,"Overall, concentrated, and child (0 to 18 years of age) poverty rate","2000",9,"Total","CT","06073018905","0189.05","San Diego","06073",NA,NA,"Child",2116,552.276,26.1,NA,NA,NA,NA,NA,1.3736842,"no",41661.5034577,189.05,"Mood Disorders","Hospitalization",2010,22,4,"SOUTH",3,"Suburban Area",2,"Low Income",1,"Supervisorial District 1",297,220.14023748462,217.345612079165,117,171.907140758155,180,269.243425973016,119,579.780755176614,23,424.041297935103,128,138.480180024234,18,137.793768659573,NA,NA,20,67.615538050644,64,267.827251422832,107,282.053985660059,91,297.395339716984,15,116.243025418475
"1341","SOUTH BAY",754,"Overall, concentrated, and child (0 to 18 years of age) poverty rate","2000",9,"Total","CT","06073018611","0186.11","San Diego","06073",NA,NA,"Child",1455,263.355,18.1,NA,NA,NA,NA,NA,0.9526316,"no",41661.5034577,186.11,"Mood Disorders","Hospitalization",2010,22,4,"SOUTH",3,"Suburban Area",2,"Low Income",1,"Supervisorial District 1",297,220.14023748462,217.345612079165,117,171.907140758155,180,269.243425973016,119,579.780755176614,23,424.041297935103,128,138.480180024234,18,137.793768659573,NA,NA,20,67.615538050644,64,267.827251422832,107,282.053985660059,91,297.395339716984,15,116.243025418475
"1342","SOUTH BAY",754,"Overall, concentrated, and child (0 to 18 years of age) poverty rate","2000",9,"Total","CT","06073018603","0186.03","San Diego","06073",NA,NA,"Overall",6244,1548.512,24.8,NA,NA,NA,NA,NA,1.7464789,"no",41661.5034577,186.03,"Mood Disorders","Hospitalization",2010,22,4,"SOUTH",3,"Suburban Area",2,"Low Income",1,"Supervisorial District 1",297,220.14023748462,217.345612079165,117,171.907140758155,180,269.243425973016,119,579.780755176614,23,424.041297935103,128,138.480180024234,18,137.793768659573,NA,NA,20,67.615538050644,64,267.827251422832,107,282.053985660059,91,297.395339716984,15,116.243025418475
"1343","SOUTH BAY",754,"Overall, concentrated, and child (0 to 18 years of age) poverty rate","2000",9,"Total","CT","06073019107","0191.07","San Diego","06073",NA,NA,"Overall",2131,274.899,12.9,NA,NA,NA,NA,NA,0.9084507,"no",41661.5034577,191.07,"Mood Disorders","Hospitalization",2010,22,4,"SOUTH",3,"Suburban Area",2,"Low Income",1,"Supervisorial District 1",297,220.14023748462,217.345612079165,117,171.907140758155,180,269.243425973016,119,579.780755176614,23,424.041297935103,128,138.480180024234,18,137.793768659573,NA,NA,20,67.615538050644,64,267.827251422832,107,282.053985660059,91,297.395339716984,15,116.243025418475
"1344","SOUTH BAY",754,"Overall, concentrated, and child (0 to 18 years of age) poverty rate","2000",9,"Total","CT","06073019203","0192.03","San Diego","06073",NA,NA,"Overall",2904,258.456,8.9,NA,NA,NA,NA,NA,0.6267606,"no",41661.5034577,192.03,"Mood Disorders","Hospitalization",2010,22,4,"SOUTH",3,"Suburban Area",2,"Low Income",1,"Supervisorial District 1",297,220.14023748462,217.345612079165,117,171.907140758155,180,269.243425973016,119,579.780755176614,23,424.041297935103,128,138.480180024234,18,137.793768659573,NA,NA,20,67.615538050644,64,267.827251422832,107,282.053985660059,91,297.395339716984,15,116.243025418475
"1345","SOUTH BAY",754,"Overall, concentrated, and child (0 to 18 years of age) poverty rate","2000",9,"Total","CT","06073019106","0191.06","San Diego","06073",NA,NA,"Overall",6018,619.854,10.3,NA,NA,NA,NA,NA,0.7253521,"no",41661.5034577,191.06,"Mood Disorders","Hospitalization",2010,22,4,"SOUTH",3,"Suburban Area",2,"Low Income",1,"Supervisorial District 1",297,220.14023748462,217.345612079165,117,171.907140758155,180,269.243425973016,119,579.780755176614,23,424.041297935103,128,138.480180024234,18,137.793768659573,NA,NA,20,67.615538050644,64,267.827251422832,107,282.053985660059,91,297.395339716984,15,116.243025418475
"1346","SOUTH BAY",754,"Overall, concentrated, and child (0 to 18 years of age) poverty rate","2000",9,"Total","CT","06073019403","0194.03","San Diego","06073",NA,NA,"Overall",4933,769.548,15.6,NA,NA,NA,NA,NA,1.0985915,"no",41661.5034577,194.03,"Mood Disorders","Hospitalization",2010,22,4,"SOUTH",3,"Suburban Area",2,"Low Income",1,"Supervisorial District 1",297,220.14023748462,217.345612079165,117,171.907140758155,180,269.243425973016,119,579.780755176614,23,424.041297935103,128,138.480180024234,18,137.793768659573,NA,NA,20,67.615538050644,64,267.827251422832,107,282.053985660059,91,297.395339716984,15,116.243025418475
"1347","SOUTH BAY",754,"Overall, concentrated, and child (0 to 18 years of age) poverty rate","2000",9,"Total","CT","06073018608","0186.08","San Diego","06073",NA,NA,"Child",773,37.104,4.8,NA,NA,NA,NA,NA,0.2526316,"no",41661.5034577,186.08,"Mood Disorders","Hospitalization",2010,22,4,"SOUTH",3,"Suburban Area",2,"Low Income",1,"Supervisorial District 1",297,220.14023748462,217.345612079165,117,171.907140758155,180,269.243425973016,119,579.780755176614,23,424.041297935103,128,138.480180024234,18,137.793768659573,NA,NA,20,67.615538050644,64,267.827251422832,107,282.053985660059,91,297.395339716984,15,116.243025418475
"1348","SOUTH BAY",754,"Overall, concentrated, and child (0 to 18 years of age) poverty rate","2000",9,"Total","CT","06073018603","0186.03","San Diego","06073",NA,NA,"Child",2053,706.232,34.4,NA,NA,NA,NA,NA,1.8105263,"no",41661.5034577,186.03,"Mood Disorders","Hospitalization",2010,22,4,"SOUTH",3,"Suburban Area",2,"Low Income",1,"Supervisorial District 1",297,220.14023748462,217.345612079165,117,171.907140758155,180,269.243425973016,119,579.780755176614,23,424.041297935103,128,138.480180024234,18,137.793768659573,NA,NA,20,67.615538050644,64,267.827251422832,107,282.053985660059,91,297.395339716984,15,116.243025418475
"1349","SOUTH BAY",754,"Overall, concentrated, and child (0 to 18 years of age) poverty rate","2000",9,"Total","CT","06073019803","0198.03","San Diego","06073",NA,NA,"Child",977,57.643,5.9,NA,NA,NA,NA,NA,0.3105263,"no",41661.5034577,198.03,"Mood Disorders","Hospitalization",2010,22,4,"SOUTH",3,"Suburban Area",2,"Low Income",1,"Supervisorial District 1",297,220.14023748462,217.345612079165,117,171.907140758155,180,269.243425973016,119,579.780755176614,23,424.041297935103,128,138.480180024234,18,137.793768659573,NA,NA,20,67.615538050644,64,267.827251422832,107,282.053985660059,91,297.395339716984,15,116.243025418475
"1350","SOUTH BAY",754,"Overall, concentrated, and child (0 to 18 years of age) poverty rate","2000",9,"Total","CT","06073019106","0191.06","San Diego","06073",NA,NA,"Child",1822,222.284,12.2,NA,NA,NA,NA,NA,0.6421053,"no",41661.5034577,191.06,"Mood Disorders","Hospitalization",2010,22,4,"SOUTH",3,"Suburban Area",2,"Low Income",1,"Supervisorial District 1",297,220.14023748462,217.345612079165,117,171.907140758155,180,269.243425973016,119,579.780755176614,23,424.041297935103,128,138.480180024234,18,137.793768659573,NA,NA,20,67.615538050644,64,267.827251422832,107,282.053985660059,91,297.395339716984,15,116.243025418475
"1351","SOUTH BAY",754,"Overall, concentrated, and child (0 to 18 years of age) poverty rate","2000",9,"Total","CT","06073019205","0192.05","San Diego","06073",NA,NA,"Child",1314,308.79,23.5,NA,NA,NA,NA,NA,1.2368421,"no",41661.5034577,192.05,"Mood Disorders","Hospitalization",2010,22,4,"SOUTH",3,"Suburban Area",2,"Low Income",1,"Supervisorial District 1",297,220.14023748462,217.345612079165,117,171.907140758155,180,269.243425973016,119,579.780755176614,23,424.041297935103,128,138.480180024234,18,137.793768659573,NA,NA,20,67.615538050644,64,267.827251422832,107,282.053985660059,91,297.395339716984,15,116.243025418475
"1352","SOUTH BAY",754,"Overall, concentrated, and child (0 to 18 years of age) poverty rate","2000",9,"Total","CT","06073019203","0192.03","San Diego","06073",NA,NA,"Child",779,66.215,8.5,NA,NA,NA,NA,NA,0.4473684,"no",41661.5034577,192.03,"Mood Disorders","Hospitalization",2010,22,4,"SOUTH",3,"Suburban Area",2,"Low Income",1,"Supervisorial District 1",297,220.14023748462,217.345612079165,117,171.907140758155,180,269.243425973016,119,579.780755176614,23,424.041297935103,128,138.480180024234,18,137.793768659573,NA,NA,20,67.615538050644,64,267.827251422832,107,282.053985660059,91,297.395339716984,15,116.243025418475
"1353","SOUTH BAY",754,"Overall, concentrated, and child (0 to 18 years of age) poverty rate","2000",9,"Total","CT","06073019107","0191.07","San Diego","06073",NA,NA,"Child",592,135.568,22.9,NA,NA,NA,NA,NA,1.2052632,"no",41661.5034577,191.07,"Mood Disorders","Hospitalization",2010,22,4,"SOUTH",3,"Suburban Area",2,"Low Income",1,"Supervisorial District 1",297,220.14023748462,217.345612079165,117,171.907140758155,180,269.243425973016,119,579.780755176614,23,424.041297935103,128,138.480180024234,18,137.793768659573,NA,NA,20,67.615538050644,64,267.827251422832,107,282.053985660059,91,297.395339716984,15,116.243025418475
"1354","SOUTH BAY",754,"Overall, concentrated, and child (0 to 18 years of age) poverty rate","2000",9,"Total","CT","06073019803","0198.03","San Diego","06073",NA,NA,"Overall",3797,277.181,7.3,NA,NA,NA,NA,NA,0.5140845,"no",41661.5034577,198.03,"Mood Disorders","Hospitalization",2010,22,4,"SOUTH",3,"Suburban Area",2,"Low Income",1,"Supervisorial District 1",297,220.14023748462,217.345612079165,117,171.907140758155,180,269.243425973016,119,579.780755176614,23,424.041297935103,128,138.480180024234,18,137.793768659573,NA,NA,20,67.615538050644,64,267.827251422832,107,282.053985660059,91,297.395339716984,15,116.243025418475
"1355","SOUTH BAY",754,"Overall, concentrated, and child (0 to 18 years of age) poverty rate","2000",9,"Total","CT","06073018601","0186.01","San Diego","06073",NA,NA,"Overall",3554,199.024,5.6,NA,NA,NA,NA,NA,0.3943662,"no",41661.5034577,186.01,"Mood Disorders","Hospitalization",2010,22,4,"SOUTH",3,"Suburban Area",2,"Low Income",1,"Supervisorial District 1",297,220.14023748462,217.345612079165,117,171.907140758155,180,269.243425973016,119,579.780755176614,23,424.041297935103,128,138.480180024234,18,137.793768659573,NA,NA,20,67.615538050644,64,267.827251422832,107,282.053985660059,91,297.395339716984,15,116.243025418475
"1356","SOUTHEASTERN SAN DIEGO",754,"Overall, concentrated, and child (0 to 18 years of age) poverty rate","2000",9,"Total","CT","06073008347","0083.47","San Diego","06073",NA,NA,"Overall",6672,340.272,5.1,NA,NA,NA,NA,NA,0.3591549,"no",41661.5034577,83.47,"Mood Disorders","Hospitalization",2010,5,3,"CENTRAL",5,"Very Urban Area",2,"Low Income",4,"Supervisorial District 4",465,298.449985558872,299.430481369784,208,273.79949452401,257,321.905883237096,160,1073.89757701859,124,479.1714970245,134,171.189125657928,24,75.4124116260801,11,223.259590014207,34,92.746665211817,113,420.574661307131,155,375.111928559328,144,399.988889197522,19,127.039315324953
"1357","SOUTHEASTERN SAN DIEGO",754,"Overall, concentrated, and child (0 to 18 years of age) poverty rate","2000",9,"Total","CT","06073007200","0072.00","San Diego","06073",NA,NA,"Child",756,52.92,7,NA,NA,NA,NA,NA,0.3684211,"no",41661.5034576,72,"Mood Disorders","Hospitalization",2010,5,3,"CENTRAL",5,"Very Urban Area",2,"Low Income",4,"Supervisorial District 4",465,298.449985558872,299.430481369784,208,273.79949452401,257,321.905883237096,160,1073.89757701859,124,479.1714970245,134,171.189125657928,24,75.4124116260801,11,223.259590014207,34,92.746665211817,113,420.574661307131,155,375.111928559328,144,399.988889197522,19,127.039315324953
"1358","SOUTHEASTERN SAN DIEGO",754,"Overall, concentrated, and child (0 to 18 years of age) poverty rate","2000",9,"Total","CT","06073007400","0074.00","San Diego","06073",NA,NA,"Overall",6465,627.105,9.7,NA,NA,NA,NA,NA,0.6830986,"no",41661.5034576,74,"Mood Disorders","Hospitalization",2010,5,3,"CENTRAL",5,"Very Urban Area",2,"Low Income",4,"Supervisorial District 4",465,298.449985558872,299.430481369784,208,273.79949452401,257,321.905883237096,160,1073.89757701859,124,479.1714970245,134,171.189125657928,24,75.4124116260801,11,223.259590014207,34,92.746665211817,113,420.574661307131,155,375.111928559328,144,399.988889197522,19,127.039315324953
"1359","SOUTHEASTERN SAN DIEGO",754,"Overall, concentrated, and child (0 to 18 years of age) poverty rate","2000",9,"Total","CT","06073008324","0083.24","San Diego","06073",NA,NA,"Child",1388,34.7,2.5,NA,NA,NA,NA,NA,0.1315789,"no",41661.5034577,83.24,"Mood Disorders","Hospitalization",2010,5,3,"CENTRAL",5,"Very Urban Area",2,"Low Income",4,"Supervisorial District 4",465,298.449985558872,299.430481369784,208,273.79949452401,257,321.905883237096,160,1073.89757701859,124,479.1714970245,134,171.189125657928,24,75.4124116260801,11,223.259590014207,34,92.746665211817,113,420.574661307131,155,375.111928559328,144,399.988889197522,19,127.039315324953
"1360","SOUTHEASTERN SAN DIEGO",754,"Overall, concentrated, and child (0 to 18 years of age) poverty rate","2000",9,"Total","CT","06073005200","0052.00","San Diego","06073",NA,NA,"Overall",2606,672.348,25.8,NA,NA,NA,NA,NA,1.8169014,"no",41661.5034576,52,"Mood Disorders","Hospitalization",2010,5,3,"CENTRAL",5,"Very Urban Area",2,"Low Income",4,"Supervisorial District 4",465,298.449985558872,299.430481369784,208,273.79949452401,257,321.905883237096,160,1073.89757701859,124,479.1714970245,134,171.189125657928,24,75.4124116260801,11,223.259590014207,34,92.746665211817,113,420.574661307131,155,375.111928559328,144,399.988889197522,19,127.039315324953
"1361","SOUTHEASTERN SAN DIEGO",754,"Overall, concentrated, and child (0 to 18 years of age) poverty rate","2000",9,"Total","CT","06073007501","0075.01","San Diego","06073",NA,NA,"Child",432,45.792,10.6,NA,NA,NA,NA,NA,0.5578947,"no",41661.5034576,75.01,"Mood Disorders","Hospitalization",2010,5,3,"CENTRAL",5,"Very Urban Area",2,"Low Income",4,"Supervisorial District 4",465,298.449985558872,299.430481369784,208,273.79949452401,257,321.905883237096,160,1073.89757701859,124,479.1714970245,134,171.189125657928,24,75.4124116260801,11,223.259590014207,34,92.746665211817,113,420.574661307131,155,375.111928559328,144,399.988889197522,19,127.039315324953
"1362","SOUTHEASTERN SAN DIEGO",754,"Overall, concentrated, and child (0 to 18 years of age) poverty rate","2000",9,"Total","CT","06073005900","0059.00","San Diego","06073",NA,NA,"Child",179,21.301,11.9,NA,NA,NA,NA,NA,0.6263158,"no",41661.5034576,59,"Mood Disorders","Hospitalization",2010,5,3,"CENTRAL",5,"Very Urban Area",2,"Low Income",4,"Supervisorial District 4",465,298.449985558872,299.430481369784,208,273.79949452401,257,321.905883237096,160,1073.89757701859,124,479.1714970245,134,171.189125657928,24,75.4124116260801,11,223.259590014207,34,92.746665211817,113,420.574661307131,155,375.111928559328,144,399.988889197522,19,127.039315324953
"1363","SOUTHEASTERN SAN DIEGO",754,"Overall, concentrated, and child (0 to 18 years of age) poverty rate","2000",9,"Total","CT","06073005900","0059.00","San Diego","06073",NA,NA,"Overall",2570,316.11,12.3,NA,NA,NA,NA,NA,0.8661972,"no",41661.5034576,59,"Mood Disorders","Hospitalization",2010,5,3,"CENTRAL",5,"Very Urban Area",2,"Low Income",4,"Supervisorial District 4",465,298.449985558872,299.430481369784,208,273.79949452401,257,321.905883237096,160,1073.89757701859,124,479.1714970245,134,171.189125657928,24,75.4124116260801,11,223.259590014207,34,92.746665211817,113,420.574661307131,155,375.111928559328,144,399.988889197522,19,127.039315324953
"1364","SOUTHEASTERN SAN DIEGO",754,"Overall, concentrated, and child (0 to 18 years of age) poverty rate","2000",9,"Total","CT","06073007800","0078.00","San Diego","06073",NA,NA,"Overall",6025,1006.175,16.7,NA,NA,NA,NA,NA,1.1760563,"no",41661.5034576,78,"Mood Disorders","Hospitalization",2010,5,3,"CENTRAL",5,"Very Urban Area",2,"Low Income",4,"Supervisorial District 4",465,298.449985558872,299.430481369784,208,273.79949452401,257,321.905883237096,160,1073.89757701859,124,479.1714970245,134,171.189125657928,24,75.4124116260801,11,223.259590014207,34,92.746665211817,113,420.574661307131,155,375.111928559328,144,399.988889197522,19,127.039315324953
"1365","SOUTHEASTERN SAN DIEGO",754,"Overall, concentrated, and child (0 to 18 years of age) poverty rate","2000",9,"Total","CT","06073007903","0079.03","San Diego","06073",NA,NA,"Child",247,62.244,25.2,NA,NA,NA,NA,NA,1.3263158,"no",41661.5034576,79.03,"Mood Disorders","Hospitalization",2010,5,3,"CENTRAL",5,"Very Urban Area",2,"Low Income",4,"Supervisorial District 4",465,298.449985558872,299.430481369784,208,273.79949452401,257,321.905883237096,160,1073.89757701859,124,479.1714970245,134,171.189125657928,24,75.4124116260801,11,223.259590014207,34,92.746665211817,113,420.574661307131,155,375.111928559328,144,399.988889197522,19,127.039315324953
"1366","SOUTHEASTERN SAN DIEGO",754,"Overall, concentrated, and child (0 to 18 years of age) poverty rate","2000",9,"Total","CT","06073008336","0083.36","San Diego","06073",NA,NA,"Overall",2540,0,0,NA,NA,NA,NA,NA,0,"no",41661.5034577,83.36,"Mood Disorders","Hospitalization",2010,5,3,"CENTRAL",5,"Very Urban Area",2,"Low Income",4,"Supervisorial District 4",465,298.449985558872,299.430481369784,208,273.79949452401,257,321.905883237096,160,1073.89757701859,124,479.1714970245,134,171.189125657928,24,75.4124116260801,11,223.259590014207,34,92.746665211817,113,420.574661307131,155,375.111928559328,144,399.988889197522,19,127.039315324953
"1367","SOUTHEASTERN SAN DIEGO",754,"Overall, concentrated, and child (0 to 18 years of age) poverty rate","2000",9,"Total","CT","06073008353","0083.53","San Diego","06073",NA,NA,"Overall",5184,243.648,4.7,NA,NA,NA,NA,NA,0.3309859,"no",41661.5034577,83.53,"Mood Disorders","Hospitalization",2010,5,3,"CENTRAL",5,"Very Urban Area",2,"Low Income",4,"Supervisorial District 4",465,298.449985558872,299.430481369784,208,273.79949452401,257,321.905883237096,160,1073.89757701859,124,479.1714970245,134,171.189125657928,24,75.4124116260801,11,223.259590014207,34,92.746665211817,113,420.574661307131,155,375.111928559328,144,399.988889197522,19,127.039315324953
"1368","SOUTHEASTERN SAN DIEGO",754,"Overall, concentrated, and child (0 to 18 years of age) poverty rate","2000",9,"Total","CT","06073008348","0083.48","San Diego","06073",NA,NA,"Child",1274,24.206,1.9,NA,NA,NA,NA,NA,0.1,"no",41661.5034577,83.48,"Mood Disorders","Hospitalization",2010,5,3,"CENTRAL",5,"Very Urban Area",2,"Low Income",4,"Supervisorial District 4",465,298.449985558872,299.430481369784,208,273.79949452401,257,321.905883237096,160,1073.89757701859,124,479.1714970245,134,171.189125657928,24,75.4124116260801,11,223.259590014207,34,92.746665211817,113,420.574661307131,155,375.111928559328,144,399.988889197522,19,127.039315324953
"1369","SOUTHEASTERN SAN DIEGO",754,"Overall, concentrated, and child (0 to 18 years of age) poverty rate","2000",9,"Total","CT","06073008331","0083.31","San Diego","06073",NA,NA,"Overall",2554,158.348,6.2,NA,NA,NA,NA,NA,0.4366197,"no",41661.5034577,83.31,"Mood Disorders","Hospitalization",2010,5,3,"CENTRAL",5,"Very Urban Area",2,"Low Income",4,"Supervisorial District 4",465,298.449985558872,299.430481369784,208,273.79949452401,257,321.905883237096,160,1073.89757701859,124,479.1714970245,134,171.189125657928,24,75.4124116260801,11,223.259590014207,34,92.746665211817,113,420.574661307131,155,375.111928559328,144,399.988889197522,19,127.039315324953
"1370","SOUTHEASTERN SAN DIEGO",754,"Overall, concentrated, and child (0 to 18 years of age) poverty rate","2000",9,"Total","CT","06073007100","0071.00","San Diego","06073",NA,NA,"Child",679,45.493,6.7,NA,NA,NA,NA,NA,0.3526316,"no",41661.5034576,71,"Mood Disorders","Hospitalization",2010,5,3,"CENTRAL",5,"Very Urban Area",2,"Low Income",4,"Supervisorial District 4",465,298.449985558872,299.430481369784,208,273.79949452401,257,321.905883237096,160,1073.89757701859,124,479.1714970245,134,171.189125657928,24,75.4124116260801,11,223.259590014207,34,92.746665211817,113,420.574661307131,155,375.111928559328,144,399.988889197522,19,127.039315324953
"1371","SOUTHEASTERN SAN DIEGO",754,"Overall, concentrated, and child (0 to 18 years of age) poverty rate","2000",9,"Total","CT","06073008335","0083.35","San Diego","06073",NA,NA,"Overall",5090,167.97,3.3,NA,NA,NA,NA,NA,0.2323944,"no",41661.5034577,83.35,"Mood Disorders","Hospitalization",2010,5,3,"CENTRAL",5,"Very Urban Area",2,"Low Income",4,"Supervisorial District 4",465,298.449985558872,299.430481369784,208,273.79949452401,257,321.905883237096,160,1073.89757701859,124,479.1714970245,134,171.189125657928,24,75.4124116260801,11,223.259590014207,34,92.746665211817,113,420.574661307131,155,375.111928559328,144,399.988889197522,19,127.039315324953
"1372","SOUTHEASTERN SAN DIEGO",754,"Overall, concentrated, and child (0 to 18 years of age) poverty rate","2000",9,"Total","CT","06073006000","0060.00","San Diego","06073",NA,NA,"Child",265,23.32,8.8,NA,NA,NA,NA,NA,0.4631579,"no",41661.5034576,60,"Mood Disorders","Hospitalization",2010,5,3,"CENTRAL",5,"Very Urban Area",2,"Low Income",4,"Supervisorial District 4",465,298.449985558872,299.430481369784,208,273.79949452401,257,321.905883237096,160,1073.89757701859,124,479.1714970245,134,171.189125657928,24,75.4124116260801,11,223.259590014207,34,92.746665211817,113,420.574661307131,155,375.111928559328,144,399.988889197522,19,127.039315324953
"1373","SOUTHEASTERN SAN DIEGO",754,"Overall, concentrated, and child (0 to 18 years of age) poverty rate","2000",9,"Total","CT","06073007400","0074.00","San Diego","06073",NA,NA,"Child",990,110.88,11.2,NA,NA,NA,NA,NA,0.5894737,"no",41661.5034576,74,"Mood Disorders","Hospitalization",2010,5,3,"CENTRAL",5,"Very Urban Area",2,"Low Income",4,"Supervisorial District 4",465,298.449985558872,299.430481369784,208,273.79949452401,257,321.905883237096,160,1073.89757701859,124,479.1714970245,134,171.189125657928,24,75.4124116260801,11,223.259590014207,34,92.746665211817,113,420.574661307131,155,375.111928559328,144,399.988889197522,19,127.039315324953
"1374","SOUTHEASTERN SAN DIEGO",754,"Overall, concentrated, and child (0 to 18 years of age) poverty rate","2000",9,"Total","CT","06073008324","0083.24","San Diego","06073",NA,NA,"Overall",6782,142.422,2.1,NA,NA,NA,NA,NA,0.1478873,"no",41661.5034577,83.24,"Mood Disorders","Hospitalization",2010,5,3,"CENTRAL",5,"Very Urban Area",2,"Low Income",4,"Supervisorial District 4",465,298.449985558872,299.430481369784,208,273.79949452401,257,321.905883237096,160,1073.89757701859,124,479.1714970245,134,171.189125657928,24,75.4124116260801,11,223.259590014207,34,92.746665211817,113,420.574661307131,155,375.111928559328,144,399.988889197522,19,127.039315324953
"1375","SOUTHEASTERN SAN DIEGO",754,"Overall, concentrated, and child (0 to 18 years of age) poverty rate","2000",9,"Total","CT","06073008301","0083.01","San Diego","06073",NA,NA,"Overall",3162,173.91,5.5,NA,NA,NA,NA,NA,0.3873239,"no",41661.5034576,83.01,"Mood Disorders","Hospitalization",2010,5,3,"CENTRAL",5,"Very Urban Area",2,"Low Income",4,"Supervisorial District 4",465,298.449985558872,299.430481369784,208,273.79949452401,257,321.905883237096,160,1073.89757701859,124,479.1714970245,134,171.189125657928,24,75.4124116260801,11,223.259590014207,34,92.746665211817,113,420.574661307131,155,375.111928559328,144,399.988889197522,19,127.039315324953
"1376","SOUTHEASTERN SAN DIEGO",754,"Overall, concentrated, and child (0 to 18 years of age) poverty rate","2000",9,"Total","CT","06073008341","0083.41","San Diego","06073",NA,NA,"Child",208,27.872,13.4,NA,NA,NA,NA,NA,0.7052632,"no",41661.5034577,83.41,"Mood Disorders","Hospitalization",2010,5,3,"CENTRAL",5,"Very Urban Area",2,"Low Income",4,"Supervisorial District 4",465,298.449985558872,299.430481369784,208,273.79949452401,257,321.905883237096,160,1073.89757701859,124,479.1714970245,134,171.189125657928,24,75.4124116260801,11,223.259590014207,34,92.746665211817,113,420.574661307131,155,375.111928559328,144,399.988889197522,19,127.039315324953
"1377","SOUTHEASTERN SAN DIEGO",754,"Overall, concentrated, and child (0 to 18 years of age) poverty rate","2000",9,"Total","CT","06073006500","0065.00","San Diego","06073",NA,NA,"Child",168,46.536,27.7,NA,NA,NA,NA,NA,1.4578947,"no",41661.5034576,65,"Mood Disorders","Hospitalization",2010,5,3,"CENTRAL",5,"Very Urban Area",2,"Low Income",4,"Supervisorial District 4",465,298.449985558872,299.430481369784,208,273.79949452401,257,321.905883237096,160,1073.89757701859,124,479.1714970245,134,171.189125657928,24,75.4124116260801,11,223.259590014207,34,92.746665211817,113,420.574661307131,155,375.111928559328,144,399.988889197522,19,127.039315324953
"1378","SOUTHEASTERN SAN DIEGO",754,"Overall, concentrated, and child (0 to 18 years of age) poverty rate","2000",9,"Total","CT","06073007200","0072.00","San Diego","06073",NA,NA,"Overall",5315,287.01,5.4,NA,NA,NA,NA,NA,0.3802817,"no",41661.5034576,72,"Mood Disorders","Hospitalization",2010,5,3,"CENTRAL",5,"Very Urban Area",2,"Low Income",4,"Supervisorial District 4",465,298.449985558872,299.430481369784,208,273.79949452401,257,321.905883237096,160,1073.89757701859,124,479.1714970245,134,171.189125657928,24,75.4124116260801,11,223.259590014207,34,92.746665211817,113,420.574661307131,155,375.111928559328,144,399.988889197522,19,127.039315324953
"1379","SOUTHEASTERN SAN DIEGO",754,"Overall, concentrated, and child (0 to 18 years of age) poverty rate","2000",9,"Total","CT","06073007100","0071.00","San Diego","06073",NA,NA,"Overall",4715,273.47,5.8,NA,NA,NA,NA,NA,0.4084507,"no",41661.5034576,71,"Mood Disorders","Hospitalization",2010,5,3,"CENTRAL",5,"Very Urban Area",2,"Low Income",4,"Supervisorial District 4",465,298.449985558872,299.430481369784,208,273.79949452401,257,321.905883237096,160,1073.89757701859,124,479.1714970245,134,171.189125657928,24,75.4124116260801,11,223.259590014207,34,92.746665211817,113,420.574661307131,155,375.111928559328,144,399.988889197522,19,127.039315324953
"1380","SOUTHEASTERN SAN DIEGO",754,"Overall, concentrated, and child (0 to 18 years of age) poverty rate","2000",9,"Total","CT","06073008310","0083.10","San Diego","06073",NA,NA,"Child",906,116.874,12.9,NA,NA,NA,NA,NA,0.6789474,"no",41661.5034576,83.1,"Mood Disorders","Hospitalization",2010,5,3,"CENTRAL",5,"Very Urban Area",2,"Low Income",4,"Supervisorial District 4",465,298.449985558872,299.430481369784,208,273.79949452401,257,321.905883237096,160,1073.89757701859,124,479.1714970245,134,171.189125657928,24,75.4124116260801,11,223.259590014207,34,92.746665211817,113,420.574661307131,155,375.111928559328,144,399.988889197522,19,127.039315324953
"1381","SOUTHEASTERN SAN DIEGO",754,"Overall, concentrated, and child (0 to 18 years of age) poverty rate","2000",9,"Total","CT","06073008333","0083.33","San Diego","06073",NA,NA,"Child",1153,46.12,4,NA,NA,NA,NA,NA,0.2105263,"no",41661.5034577,83.33,"Mood Disorders","Hospitalization",2010,5,3,"CENTRAL",5,"Very Urban Area",2,"Low Income",4,"Supervisorial District 4",465,298.449985558872,299.430481369784,208,273.79949452401,257,321.905883237096,160,1073.89757701859,124,479.1714970245,134,171.189125657928,24,75.4124116260801,11,223.259590014207,34,92.746665211817,113,420.574661307131,155,375.111928559328,144,399.988889197522,19,127.039315324953
"1382","SOUTHEASTERN SAN DIEGO",754,"Overall, concentrated, and child (0 to 18 years of age) poverty rate","2000",9,"Total","CT","06073008357","0083.57","San Diego","06073",NA,NA,"Overall",4438,523.684,11.8,NA,NA,NA,NA,NA,0.8309859,"no",41661.5034577,83.57,"Mood Disorders","Hospitalization",2010,5,3,"CENTRAL",5,"Very Urban Area",2,"Low Income",4,"Supervisorial District 4",465,298.449985558872,299.430481369784,208,273.79949452401,257,321.905883237096,160,1073.89757701859,124,479.1714970245,134,171.189125657928,24,75.4124116260801,11,223.259590014207,34,92.746665211817,113,420.574661307131,155,375.111928559328,144,399.988889197522,19,127.039315324953
"1383","SOUTHEASTERN SAN DIEGO",754,"Overall, concentrated, and child (0 to 18 years of age) poverty rate","2000",9,"Total","CT","06073008336","0083.36","San Diego","06073",NA,NA,"Child",857,0,0,NA,NA,NA,NA,NA,0,"no",41661.5034577,83.36,"Mood Disorders","Hospitalization",2010,5,3,"CENTRAL",5,"Very Urban Area",2,"Low Income",4,"Supervisorial District 4",465,298.449985558872,299.430481369784,208,273.79949452401,257,321.905883237096,160,1073.89757701859,124,479.1714970245,134,171.189125657928,24,75.4124116260801,11,223.259590014207,34,92.746665211817,113,420.574661307131,155,375.111928559328,144,399.988889197522,19,127.039315324953
"1384","SOUTHEASTERN SAN DIEGO",754,"Overall, concentrated, and child (0 to 18 years of age) poverty rate","2000",9,"Total","CT","06073008357","0083.57","San Diego","06073",NA,NA,"Child",1099,109.9,10,NA,NA,NA,NA,NA,0.5263158,"no",41661.5034577,83.57,"Mood Disorders","Hospitalization",2010,5,3,"CENTRAL",5,"Very Urban Area",2,"Low Income",4,"Supervisorial District 4",465,298.449985558872,299.430481369784,208,273.79949452401,257,321.905883237096,160,1073.89757701859,124,479.1714970245,134,171.189125657928,24,75.4124116260801,11,223.259590014207,34,92.746665211817,113,420.574661307131,155,375.111928559328,144,399.988889197522,19,127.039315324953
"1385","SOUTHEASTERN SAN DIEGO",754,"Overall, concentrated, and child (0 to 18 years of age) poverty rate","2000",9,"Total","CT","06073008333","0083.33","San Diego","06073",NA,NA,"Overall",3633,127.155,3.5,NA,NA,NA,NA,NA,0.2464789,"no",41661.5034577,83.33,"Mood Disorders","Hospitalization",2010,5,3,"CENTRAL",5,"Very Urban Area",2,"Low Income",4,"Supervisorial District 4",465,298.449985558872,299.430481369784,208,273.79949452401,257,321.905883237096,160,1073.89757701859,124,479.1714970245,134,171.189125657928,24,75.4124116260801,11,223.259590014207,34,92.746665211817,113,420.574661307131,155,375.111928559328,144,399.988889197522,19,127.039315324953
"1386","SOUTHEASTERN SAN DIEGO",754,"Overall, concentrated, and child (0 to 18 years of age) poverty rate","2000",9,"Total","CT","06073006100","0061.00","San Diego","06073",NA,NA,"Overall",2411,320.663,13.3,NA,NA,NA,NA,NA,0.9366197,"no",41661.5034576,61,"Mood Disorders","Hospitalization",2010,5,3,"CENTRAL",5,"Very Urban Area",2,"Low Income",4,"Supervisorial District 4",465,298.449985558872,299.430481369784,208,273.79949452401,257,321.905883237096,160,1073.89757701859,124,479.1714970245,134,171.189125657928,24,75.4124116260801,11,223.259590014207,34,92.746665211817,113,420.574661307131,155,375.111928559328,144,399.988889197522,19,127.039315324953
"1387","SOUTHEASTERN SAN DIEGO",754,"Overall, concentrated, and child (0 to 18 years of age) poverty rate","2000",9,"Total","CT","06073008347","0083.47","San Diego","06073",NA,NA,"Child",1709,29.053,1.7,NA,NA,NA,NA,NA,0.0894737,"no",41661.5034577,83.47,"Mood Disorders","Hospitalization",2010,5,3,"CENTRAL",5,"Very Urban Area",2,"Low Income",4,"Supervisorial District 4",465,298.449985558872,299.430481369784,208,273.79949452401,257,321.905883237096,160,1073.89757701859,124,479.1714970245,134,171.189125657928,24,75.4124116260801,11,223.259590014207,34,92.746665211817,113,420.574661307131,155,375.111928559328,144,399.988889197522,19,127.039315324953
"1388","SOUTHEASTERN SAN DIEGO",754,"Overall, concentrated, and child (0 to 18 years of age) poverty rate","2000",9,"Total","CT","06073006300","0063.00","San Diego","06073",NA,NA,"Overall",4279,0,0,NA,NA,NA,NA,NA,0,"no",41661.5034576,63,"Mood Disorders","Hospitalization",2010,5,3,"CENTRAL",5,"Very Urban Area",2,"Low Income",4,"Supervisorial District 4",465,298.449985558872,299.430481369784,208,273.79949452401,257,321.905883237096,160,1073.89757701859,124,479.1714970245,134,171.189125657928,24,75.4124116260801,11,223.259590014207,34,92.746665211817,113,420.574661307131,155,375.111928559328,144,399.988889197522,19,127.039315324953
"1389","SOUTHEASTERN SAN DIEGO",754,"Overall, concentrated, and child (0 to 18 years of age) poverty rate","2000",9,"Total","CT","06073007800","0078.00","San Diego","06073",NA,NA,"Child",1531,295.483,19.3,NA,NA,NA,NA,NA,1.0157895,"no",41661.5034576,78,"Mood Disorders","Hospitalization",2010,5,3,"CENTRAL",5,"Very Urban Area",2,"Low Income",4,"Supervisorial District 4",465,298.449985558872,299.430481369784,208,273.79949452401,257,321.905883237096,160,1073.89757701859,124,479.1714970245,134,171.189125657928,24,75.4124116260801,11,223.259590014207,34,92.746665211817,113,420.574661307131,155,375.111928559328,144,399.988889197522,19,127.039315324953
"1390","SOUTHEASTERN SAN DIEGO",754,"Overall, concentrated, and child (0 to 18 years of age) poverty rate","2000",9,"Total","CT","06073008313","0083.13","San Diego","06073",NA,NA,"Overall",2181,78.516,3.6,NA,NA,NA,NA,NA,0.2535211,"no",41661.5034577,83.13,"Mood Disorders","Hospitalization",2010,5,3,"CENTRAL",5,"Very Urban Area",2,"Low Income",4,"Supervisorial District 4",465,298.449985558872,299.430481369784,208,273.79949452401,257,321.905883237096,160,1073.89757701859,124,479.1714970245,134,171.189125657928,24,75.4124116260801,11,223.259590014207,34,92.746665211817,113,420.574661307131,155,375.111928559328,144,399.988889197522,19,127.039315324953
"1391","SOUTHEASTERN SAN DIEGO",754,"Overall, concentrated, and child (0 to 18 years of age) poverty rate","2000",9,"Total","CT","06073008359","0083.59","San Diego","06073",NA,NA,"Overall",3061,416.296,13.6,NA,NA,NA,NA,NA,0.9577465,"no",41661.5034577,83.59,"Mood Disorders","Hospitalization",2010,5,3,"CENTRAL",5,"Very Urban Area",2,"Low Income",4,"Supervisorial District 4",465,298.449985558872,299.430481369784,208,273.79949452401,257,321.905883237096,160,1073.89757701859,124,479.1714970245,134,171.189125657928,24,75.4124116260801,11,223.259590014207,34,92.746665211817,113,420.574661307131,155,375.111928559328,144,399.988889197522,19,127.039315324953
"1392","SOUTHEASTERN SAN DIEGO",754,"Overall, concentrated, and child (0 to 18 years of age) poverty rate","2000",9,"Total","CT","06073008353","0083.53","San Diego","06073",NA,NA,"Child",1344,45.696,3.4,NA,NA,NA,NA,NA,0.1789474,"no",41661.5034577,83.53,"Mood Disorders","Hospitalization",2010,5,3,"CENTRAL",5,"Very Urban Area",2,"Low Income",4,"Supervisorial District 4",465,298.449985558872,299.430481369784,208,273.79949452401,257,321.905883237096,160,1073.89757701859,124,479.1714970245,134,171.189125657928,24,75.4124116260801,11,223.259590014207,34,92.746665211817,113,420.574661307131,155,375.111928559328,144,399.988889197522,19,127.039315324953
"1393","SOUTHEASTERN SAN DIEGO",754,"Overall, concentrated, and child (0 to 18 years of age) poverty rate","2000",9,"Total","CT","06073008313","0083.13","San Diego","06073",NA,NA,"Child",466,21.436,4.6,NA,NA,NA,NA,NA,0.2421053,"no",41661.5034576,83.13,"Mood Disorders","Hospitalization",2010,5,3,"CENTRAL",5,"Very Urban Area",2,"Low Income",4,"Supervisorial District 4",465,298.449985558872,299.430481369784,208,273.79949452401,257,321.905883237096,160,1073.89757701859,124,479.1714970245,134,171.189125657928,24,75.4124116260801,11,223.259590014207,34,92.746665211817,113,420.574661307131,155,375.111928559328,144,399.988889197522,19,127.039315324953
"1394","SOUTHEASTERN SAN DIEGO",754,"Overall, concentrated, and child (0 to 18 years of age) poverty rate","2000",9,"Total","CT","06073008310","0083.10","San Diego","06073",NA,NA,"Overall",5166,382.284,7.4,NA,NA,NA,NA,NA,0.5211268,"no",41661.5034576,83.1,"Mood Disorders","Hospitalization",2010,5,3,"CENTRAL",5,"Very Urban Area",2,"Low Income",4,"Supervisorial District 4",465,298.449985558872,299.430481369784,208,273.79949452401,257,321.905883237096,160,1073.89757701859,124,479.1714970245,134,171.189125657928,24,75.4124116260801,11,223.259590014207,34,92.746665211817,113,420.574661307131,155,375.111928559328,144,399.988889197522,19,127.039315324953
"1395","SOUTHEASTERN SAN DIEGO",754,"Overall, concentrated, and child (0 to 18 years of age) poverty rate","2000",9,"Total","CT","06073005600","0056.00","San Diego","06073",NA,NA,"Overall",1766,452.096,25.6,NA,NA,NA,NA,NA,1.8028169,"no",41661.5034576,56,"Mood Disorders","Hospitalization",2010,5,3,"CENTRAL",5,"Very Urban Area",2,"Low Income",4,"Supervisorial District 4",465,298.449985558872,299.430481369784,208,273.79949452401,257,321.905883237096,160,1073.89757701859,124,479.1714970245,134,171.189125657928,24,75.4124116260801,11,223.259590014207,34,92.746665211817,113,420.574661307131,155,375.111928559328,144,399.988889197522,19,127.039315324953
"1396","SOUTHEASTERN SAN DIEGO",754,"Overall, concentrated, and child (0 to 18 years of age) poverty rate","2000",9,"Total","CT","06073008348","0083.48","San Diego","06073",NA,NA,"Overall",5281,216.521,4.1,NA,NA,NA,NA,NA,0.2887324,"no",41661.5034577,83.48,"Mood Disorders","Hospitalization",2010,5,3,"CENTRAL",5,"Very Urban Area",2,"Low Income",4,"Supervisorial District 4",465,298.449985558872,299.430481369784,208,273.79949452401,257,321.905883237096,160,1073.89757701859,124,479.1714970245,134,171.189125657928,24,75.4124116260801,11,223.259590014207,34,92.746665211817,113,420.574661307131,155,375.111928559328,144,399.988889197522,19,127.039315324953
"1397","SOUTHEASTERN SAN DIEGO",754,"Overall, concentrated, and child (0 to 18 years of age) poverty rate","2000",9,"Total","CT","06073008354","0083.54","San Diego","06073",NA,NA,"Overall",5108,153.24,3,NA,NA,NA,NA,NA,0.2112676,"no",41661.5034577,83.54,"Mood Disorders","Hospitalization",2010,5,3,"CENTRAL",5,"Very Urban Area",2,"Low Income",4,"Supervisorial District 4",465,298.449985558872,299.430481369784,208,273.79949452401,257,321.905883237096,160,1073.89757701859,124,479.1714970245,134,171.189125657928,24,75.4124116260801,11,223.259590014207,34,92.746665211817,113,420.574661307131,155,375.111928559328,144,399.988889197522,19,127.039315324953
"1398","SOUTHEASTERN SAN DIEGO",754,"Overall, concentrated, and child (0 to 18 years of age) poverty rate","2000",9,"Total","CT","06073008354","0083.54","San Diego","06073",NA,NA,"Child",1265,29.095,2.3,NA,NA,NA,NA,NA,0.1210526,"no",41661.5034577,83.54,"Mood Disorders","Hospitalization",2010,5,3,"CENTRAL",5,"Very Urban Area",2,"Low Income",4,"Supervisorial District 4",465,298.449985558872,299.430481369784,208,273.79949452401,257,321.905883237096,160,1073.89757701859,124,479.1714970245,134,171.189125657928,24,75.4124116260801,11,223.259590014207,34,92.746665211817,113,420.574661307131,155,375.111928559328,144,399.988889197522,19,127.039315324953
"1399","SOUTHEASTERN SAN DIEGO",754,"Overall, concentrated, and child (0 to 18 years of age) poverty rate","2000",9,"Total","CT","06073005300","0053.00","San Diego","06073",NA,NA,"Child",133,0,0,NA,NA,NA,NA,NA,0,"no",41661.5034576,53,"Mood Disorders","Hospitalization",2010,5,3,"CENTRAL",5,"Very Urban Area",2,"Low Income",4,"Supervisorial District 4",465,298.449985558872,299.430481369784,208,273.79949452401,257,321.905883237096,160,1073.89757701859,124,479.1714970245,134,171.189125657928,24,75.4124116260801,11,223.259590014207,34,92.746665211817,113,420.574661307131,155,375.111928559328,144,399.988889197522,19,127.039315324953
"1400","SOUTHEASTERN SAN DIEGO",754,"Overall, concentrated, and child (0 to 18 years of age) poverty rate","2000",9,"Total","CT","06073006300","0063.00","San Diego","06073",NA,NA,"Child",144,0,0,NA,NA,NA,NA,NA,0,"no",41661.5034576,63,"Mood Disorders","Hospitalization",2010,5,3,"CENTRAL",5,"Very Urban Area",2,"Low Income",4,"Supervisorial District 4",465,298.449985558872,299.430481369784,208,273.79949452401,257,321.905883237096,160,1073.89757701859,124,479.1714970245,134,171.189125657928,24,75.4124116260801,11,223.259590014207,34,92.746665211817,113,420.574661307131,155,375.111928559328,144,399.988889197522,19,127.039315324953
"1401","SOUTHEASTERN SAN DIEGO",754,"Overall, concentrated, and child (0 to 18 years of age) poverty rate","2000",9,"Total","CT","06073008340","0083.40","San Diego","06073",NA,NA,"Child",557,47.345,8.5,NA,NA,NA,NA,NA,0.4473684,"no",41661.5034577,83.4,"Mood Disorders","Hospitalization",2010,5,3,"CENTRAL",5,"Very Urban Area",2,"Low Income",4,"Supervisorial District 4",465,298.449985558872,299.430481369784,208,273.79949452401,257,321.905883237096,160,1073.89757701859,124,479.1714970245,134,171.189125657928,24,75.4124116260801,11,223.259590014207,34,92.746665211817,113,420.574661307131,155,375.111928559328,144,399.988889197522,19,127.039315324953
"1402","SOUTHEASTERN SAN DIEGO",754,"Overall, concentrated, and child (0 to 18 years of age) poverty rate","2000",9,"Total","CT","06073008360","0083.60","San Diego","06073",NA,NA,"Child",1281,74.298,5.8,NA,NA,NA,NA,NA,0.3052632,"no",41661.5034577,83.6,"Mood Disorders","Hospitalization",2010,5,3,"CENTRAL",5,"Very Urban Area",2,"Low Income",4,"Supervisorial District 4",465,298.449985558872,299.430481369784,208,273.79949452401,257,321.905883237096,160,1073.89757701859,124,479.1714970245,134,171.189125657928,24,75.4124116260801,11,223.259590014207,34,92.746665211817,113,420.574661307131,155,375.111928559328,144,399.988889197522,19,127.039315324953
"1403","SOUTHEASTERN SAN DIEGO",754,"Overall, concentrated, and child (0 to 18 years of age) poverty rate","2000",9,"Total","CT","06073005600","0056.00","San Diego","06073",NA,NA,"Child",110,67.65,61.5,NA,NA,NA,NA,NA,3.2368421,"no",41661.5034576,56,"Mood Disorders","Hospitalization",2010,5,3,"CENTRAL",5,"Very Urban Area",2,"Low Income",4,"Supervisorial District 4",465,298.449985558872,299.430481369784,208,273.79949452401,257,321.905883237096,160,1073.89757701859,124,479.1714970245,134,171.189125657928,24,75.4124116260801,11,223.259590014207,34,92.746665211817,113,420.574661307131,155,375.111928559328,144,399.988889197522,19,127.039315324953
"1404","SOUTHEASTERN SAN DIEGO",754,"Overall, concentrated, and child (0 to 18 years of age) poverty rate","2000",9,"Total","CT","06073005500","0055.00","San Diego","06073",NA,NA,"Overall",1139,102.51,9,NA,NA,NA,NA,NA,0.6338028,"no",41661.5034576,55,"Mood Disorders","Hospitalization",2010,5,3,"CENTRAL",5,"Very Urban Area",2,"Low Income",4,"Supervisorial District 4",465,298.449985558872,299.430481369784,208,273.79949452401,257,321.905883237096,160,1073.89757701859,124,479.1714970245,134,171.189125657928,24,75.4124116260801,11,223.259590014207,34,92.746665211817,113,420.574661307131,155,375.111928559328,144,399.988889197522,19,127.039315324953
"1405","SOUTHEASTERN SAN DIEGO",754,"Overall, concentrated, and child (0 to 18 years of age) poverty rate","2000",9,"Total","CT","06073008307","0083.07","San Diego","06073",NA,NA,"Child",749,0,0,NA,NA,NA,NA,NA,0,"no",41661.5034576,83.07,"Mood Disorders","Hospitalization",2010,5,3,"CENTRAL",5,"Very Urban Area",2,"Low Income",4,"Supervisorial District 4",465,298.449985558872,299.430481369784,208,273.79949452401,257,321.905883237096,160,1073.89757701859,124,479.1714970245,134,171.189125657928,24,75.4124116260801,11,223.259590014207,34,92.746665211817,113,420.574661307131,155,375.111928559328,144,399.988889197522,19,127.039315324953
"1406","SOUTHEASTERN SAN DIEGO",754,"Overall, concentrated, and child (0 to 18 years of age) poverty rate","2000",9,"Total","CT","06073007501","0075.01","San Diego","06073",NA,NA,"Overall",4119,626.088,15.2,NA,NA,NA,NA,NA,1.0704225,"no",41661.5034576,75.01,"Mood Disorders","Hospitalization",2010,5,3,"CENTRAL",5,"Very Urban Area",2,"Low Income",4,"Supervisorial District 4",465,298.449985558872,299.430481369784,208,273.79949452401,257,321.905883237096,160,1073.89757701859,124,479.1714970245,134,171.189125657928,24,75.4124116260801,11,223.259590014207,34,92.746665211817,113,420.574661307131,155,375.111928559328,144,399.988889197522,19,127.039315324953
"1407","SOUTHEASTERN SAN DIEGO",754,"Overall, concentrated, and child (0 to 18 years of age) poverty rate","2000",9,"Total","CT","06073008331","0083.31","San Diego","06073",NA,NA,"Child",870,65.25,7.5,NA,NA,NA,NA,NA,0.3947368,"no",41661.5034577,83.31,"Mood Disorders","Hospitalization",2010,5,3,"CENTRAL",5,"Very Urban Area",2,"Low Income",4,"Supervisorial District 4",465,298.449985558872,299.430481369784,208,273.79949452401,257,321.905883237096,160,1073.89757701859,124,479.1714970245,134,171.189125657928,24,75.4124116260801,11,223.259590014207,34,92.746665211817,113,420.574661307131,155,375.111928559328,144,399.988889197522,19,127.039315324953
"1408","SOUTHEASTERN SAN DIEGO",754,"Overall, concentrated, and child (0 to 18 years of age) poverty rate","2000",9,"Total","CT","06073005400","0054.00","San Diego","06073",NA,NA,"Overall",3760,511.36,13.6,NA,NA,NA,NA,NA,0.9577465,"no",41661.5034576,54,"Mood Disorders","Hospitalization",2010,5,3,"CENTRAL",5,"Very Urban Area",2,"Low Income",4,"Supervisorial District 4",465,298.449985558872,299.430481369784,208,273.79949452401,257,321.905883237096,160,1073.89757701859,124,479.1714970245,134,171.189125657928,24,75.4124116260801,11,223.259590014207,34,92.746665211817,113,420.574661307131,155,375.111928559328,144,399.988889197522,19,127.039315324953
"1409","SOUTHEASTERN SAN DIEGO",754,"Overall, concentrated, and child (0 to 18 years of age) poverty rate","2000",9,"Total","CT","06073008358","0083.58","San Diego","06073",NA,NA,"Child",1655,235.01,14.2,NA,NA,NA,NA,NA,0.7473684,"no",41661.5034577,83.58,"Mood Disorders","Hospitalization",2010,5,3,"CENTRAL",5,"Very Urban Area",2,"Low Income",4,"Supervisorial District 4",465,298.449985558872,299.430481369784,208,273.79949452401,257,321.905883237096,160,1073.89757701859,124,479.1714970245,134,171.189125657928,24,75.4124116260801,11,223.259590014207,34,92.746665211817,113,420.574661307131,155,375.111928559328,144,399.988889197522,19,127.039315324953
"1410","SOUTHEASTERN SAN DIEGO",754,"Overall, concentrated, and child (0 to 18 years of age) poverty rate","2000",9,"Total","CT","06073008303","0083.03","San Diego","06073",NA,NA,"Child",554,42.658,7.7,NA,NA,NA,NA,NA,0.4052632,"no",41661.5034576,83.03,"Mood Disorders","Hospitalization",2010,5,3,"CENTRAL",5,"Very Urban Area",2,"Low Income",4,"Supervisorial District 4",465,298.449985558872,299.430481369784,208,273.79949452401,257,321.905883237096,160,1073.89757701859,124,479.1714970245,134,171.189125657928,24,75.4124116260801,11,223.259590014207,34,92.746665211817,113,420.574661307131,155,375.111928559328,144,399.988889197522,19,127.039315324953
"1411","SOUTHEASTERN SAN DIEGO",754,"Overall, concentrated, and child (0 to 18 years of age) poverty rate","2000",9,"Total","CT","06073006802","0068.02","San Diego","06073",NA,NA,"Child",722,118.408,16.4,NA,NA,NA,NA,NA,0.8631579,"no",41661.5034576,68.02,"Mood Disorders","Hospitalization",2010,5,3,"CENTRAL",5,"Very Urban Area",2,"Low Income",4,"Supervisorial District 4",465,298.449985558872,299.430481369784,208,273.79949452401,257,321.905883237096,160,1073.89757701859,124,479.1714970245,134,171.189125657928,24,75.4124116260801,11,223.259590014207,34,92.746665211817,113,420.574661307131,155,375.111928559328,144,399.988889197522,19,127.039315324953
"1412","SOUTHEASTERN SAN DIEGO",754,"Overall, concentrated, and child (0 to 18 years of age) poverty rate","2000",9,"Total","CT","06073008335","0083.35","San Diego","06073",NA,NA,"Child",1793,48.411,2.7,NA,NA,NA,NA,NA,0.1421053,"no",41661.5034577,83.35,"Mood Disorders","Hospitalization",2010,5,3,"CENTRAL",5,"Very Urban Area",2,"Low Income",4,"Supervisorial District 4",465,298.449985558872,299.430481369784,208,273.79949452401,257,321.905883237096,160,1073.89757701859,124,479.1714970245,134,171.189125657928,24,75.4124116260801,11,223.259590014207,34,92.746665211817,113,420.574661307131,155,375.111928559328,144,399.988889197522,19,127.039315324953
"1413","SOUTHEASTERN SAN DIEGO",754,"Overall, concentrated, and child (0 to 18 years of age) poverty rate","2000",9,"Total","CT","06073006000","0060.00","San Diego","06073",NA,NA,"Overall",3251,321.849,9.9,NA,NA,NA,NA,NA,0.6971831,"no",41661.5034576,60,"Mood Disorders","Hospitalization",2010,5,3,"CENTRAL",5,"Very Urban Area",2,"Low Income",4,"Supervisorial District 4",465,298.449985558872,299.430481369784,208,273.79949452401,257,321.905883237096,160,1073.89757701859,124,479.1714970245,134,171.189125657928,24,75.4124116260801,11,223.259590014207,34,92.746665211817,113,420.574661307131,155,375.111928559328,144,399.988889197522,19,127.039315324953
"1414","SOUTHEASTERN SAN DIEGO",754,"Overall, concentrated, and child (0 to 18 years of age) poverty rate","2000",9,"Total","CT","06073008307","0083.07","San Diego","06073",NA,NA,"Overall",3707,96.382,2.6,NA,NA,NA,NA,NA,0.1830986,"no",41661.5034576,83.07,"Mood Disorders","Hospitalization",2010,5,3,"CENTRAL",5,"Very Urban Area",2,"Low Income",4,"Supervisorial District 4",465,298.449985558872,299.430481369784,208,273.79949452401,257,321.905883237096,160,1073.89757701859,124,479.1714970245,134,171.189125657928,24,75.4124116260801,11,223.259590014207,34,92.746665211817,113,420.574661307131,155,375.111928559328,144,399.988889197522,19,127.039315324953
"1415","SOUTHEASTERN SAN DIEGO",754,"Overall, concentrated, and child (0 to 18 years of age) poverty rate","2000",9,"Total","CT","06073008340","0083.40","San Diego","06073",NA,NA,"Overall",5304,853.944,16.1,NA,NA,NA,NA,NA,1.1338028,"no",41661.5034577,83.4,"Mood Disorders","Hospitalization",2010,5,3,"CENTRAL",5,"Very Urban Area",2,"Low Income",4,"Supervisorial District 4",465,298.449985558872,299.430481369784,208,273.79949452401,257,321.905883237096,160,1073.89757701859,124,479.1714970245,134,171.189125657928,24,75.4124116260801,11,223.259590014207,34,92.746665211817,113,420.574661307131,155,375.111928559328,144,399.988889197522,19,127.039315324953
"1416","SOUTHEASTERN SAN DIEGO",754,"Overall, concentrated, and child (0 to 18 years of age) poverty rate","2000",9,"Total","CT","06073008301","0083.01","San Diego","06073",NA,NA,"Child",431,33.187,7.7,NA,NA,NA,NA,NA,0.4052632,"no",41661.5034576,83.01,"Mood Disorders","Hospitalization",2010,5,3,"CENTRAL",5,"Very Urban Area",2,"Low Income",4,"Supervisorial District 4",465,298.449985558872,299.430481369784,208,273.79949452401,257,321.905883237096,160,1073.89757701859,124,479.1714970245,134,171.189125657928,24,75.4124116260801,11,223.259590014207,34,92.746665211817,113,420.574661307131,155,375.111928559328,144,399.988889197522,19,127.039315324953
"1417","SOUTHEASTERN SAN DIEGO",754,"Overall, concentrated, and child (0 to 18 years of age) poverty rate","2000",9,"Total","CT","06073005300","0053.00","San Diego","06073",NA,NA,"Overall",5518,1258.104,22.8,NA,NA,NA,NA,NA,1.6056338,"no",41661.5034576,53,"Mood Disorders","Hospitalization",2010,5,3,"CENTRAL",5,"Very Urban Area",2,"Low Income",4,"Supervisorial District 4",465,298.449985558872,299.430481369784,208,273.79949452401,257,321.905883237096,160,1073.89757701859,124,479.1714970245,134,171.189125657928,24,75.4124116260801,11,223.259590014207,34,92.746665211817,113,420.574661307131,155,375.111928559328,144,399.988889197522,19,127.039315324953
"1418","SOUTHEASTERN SAN DIEGO",754,"Overall, concentrated, and child (0 to 18 years of age) poverty rate","2000",9,"Total","CT","06073007903","0079.03","San Diego","06073",NA,NA,"Overall",4349,578.417,13.3,NA,NA,NA,NA,NA,0.9366197,"no",41661.5034576,79.03,"Mood Disorders","Hospitalization",2010,5,3,"CENTRAL",5,"Very Urban Area",2,"Low Income",4,"Supervisorial District 4",465,298.449985558872,299.430481369784,208,273.79949452401,257,321.905883237096,160,1073.89757701859,124,479.1714970245,134,171.189125657928,24,75.4124116260801,11,223.259590014207,34,92.746665211817,113,420.574661307131,155,375.111928559328,144,399.988889197522,19,127.039315324953
"1419","SOUTHEASTERN SAN DIEGO",754,"Overall, concentrated, and child (0 to 18 years of age) poverty rate","2000",9,"Total","CT","06073006100","0061.00","San Diego","06073",NA,NA,"Child",361,62.814,17.4,NA,NA,NA,NA,NA,0.9157895,"no",41661.5034576,61,"Mood Disorders","Hospitalization",2010,5,3,"CENTRAL",5,"Very Urban Area",2,"Low Income",4,"Supervisorial District 4",465,298.449985558872,299.430481369784,208,273.79949452401,257,321.905883237096,160,1073.89757701859,124,479.1714970245,134,171.189125657928,24,75.4124116260801,11,223.259590014207,34,92.746665211817,113,420.574661307131,155,375.111928559328,144,399.988889197522,19,127.039315324953
"1420","SOUTHEASTERN SAN DIEGO",754,"Overall, concentrated, and child (0 to 18 years of age) poverty rate","2000",9,"Total","CT","06073008360","0083.60","San Diego","06073",NA,NA,"Overall",5921,426.312,7.2,NA,NA,NA,NA,NA,0.5070423,"no",41661.5034577,83.6,"Mood Disorders","Hospitalization",2010,5,3,"CENTRAL",5,"Very Urban Area",2,"Low Income",4,"Supervisorial District 4",465,298.449985558872,299.430481369784,208,273.79949452401,257,321.905883237096,160,1073.89757701859,124,479.1714970245,134,171.189125657928,24,75.4124116260801,11,223.259590014207,34,92.746665211817,113,420.574661307131,155,375.111928559328,144,399.988889197522,19,127.039315324953
"1421","SOUTHEASTERN SAN DIEGO",754,"Overall, concentrated, and child (0 to 18 years of age) poverty rate","2000",9,"Total","CT","06073008303","0083.03","San Diego","06073",NA,NA,"Overall",3457,183.221,5.3,NA,NA,NA,NA,NA,0.3732394,"no",41661.5034576,83.03,"Mood Disorders","Hospitalization",2010,5,3,"CENTRAL",5,"Very Urban Area",2,"Low Income",4,"Supervisorial District 4",465,298.449985558872,299.430481369784,208,273.79949452401,257,321.905883237096,160,1073.89757701859,124,479.1714970245,134,171.189125657928,24,75.4124116260801,11,223.259590014207,34,92.746665211817,113,420.574661307131,155,375.111928559328,144,399.988889197522,19,127.039315324953
"1422","SOUTHEASTERN SAN DIEGO",754,"Overall, concentrated, and child (0 to 18 years of age) poverty rate","2000",9,"Total","CT","06073006801","0068.01","San Diego","06073",NA,NA,"Child",375,98.25,26.2,NA,NA,NA,NA,NA,1.3789474,"no",41661.5034576,68.01,"Mood Disorders","Hospitalization",2010,5,3,"CENTRAL",5,"Very Urban Area",2,"Low Income",4,"Supervisorial District 4",465,298.449985558872,299.430481369784,208,273.79949452401,257,321.905883237096,160,1073.89757701859,124,479.1714970245,134,171.189125657928,24,75.4124116260801,11,223.259590014207,34,92.746665211817,113,420.574661307131,155,375.111928559328,144,399.988889197522,19,127.039315324953
"1423","SOUTHEASTERN SAN DIEGO",754,"Overall, concentrated, and child (0 to 18 years of age) poverty rate","2000",9,"Total","CT","06073006802","0068.02","San Diego","06073",NA,NA,"Overall",4817,852.609,17.7,NA,NA,NA,NA,NA,1.2464789,"no",41661.5034576,68.02,"Mood Disorders","Hospitalization",2010,5,3,"CENTRAL",5,"Very Urban Area",2,"Low Income",4,"Supervisorial District 4",465,298.449985558872,299.430481369784,208,273.79949452401,257,321.905883237096,160,1073.89757701859,124,479.1714970245,134,171.189125657928,24,75.4124116260801,11,223.259590014207,34,92.746665211817,113,420.574661307131,155,375.111928559328,144,399.988889197522,19,127.039315324953
"1424","SOUTHEASTERN SAN DIEGO",754,"Overall, concentrated, and child (0 to 18 years of age) poverty rate","2000",9,"Total","CT","06073006600","0066.00","San Diego","06073",NA,NA,"Child",637,40.768,6.4,NA,NA,NA,NA,NA,0.3368421,"no",41661.5034576,66,"Mood Disorders","Hospitalization",2010,5,3,"CENTRAL",5,"Very Urban Area",2,"Low Income",4,"Supervisorial District 4",465,298.449985558872,299.430481369784,208,273.79949452401,257,321.905883237096,160,1073.89757701859,124,479.1714970245,134,171.189125657928,24,75.4124116260801,11,223.259590014207,34,92.746665211817,113,420.574661307131,155,375.111928559328,144,399.988889197522,19,127.039315324953
"1425","SOUTHEASTERN SAN DIEGO",754,"Overall, concentrated, and child (0 to 18 years of age) poverty rate","2000",9,"Total","CT","06073008359","0083.59","San Diego","06073",NA,NA,"Child",564,80.088,14.2,NA,NA,NA,NA,NA,0.7473684,"no",41661.5034577,83.59,"Mood Disorders","Hospitalization",2010,5,3,"CENTRAL",5,"Very Urban Area",2,"Low Income",4,"Supervisorial District 4",465,298.449985558872,299.430481369784,208,273.79949452401,257,321.905883237096,160,1073.89757701859,124,479.1714970245,134,171.189125657928,24,75.4124116260801,11,223.259590014207,34,92.746665211817,113,420.574661307131,155,375.111928559328,144,399.988889197522,19,127.039315324953
"1426","SOUTHEASTERN SAN DIEGO",754,"Overall, concentrated, and child (0 to 18 years of age) poverty rate","2000",9,"Total","CT","06073006500","0065.00","San Diego","06073",NA,NA,"Overall",2373,472.227,19.9,NA,NA,NA,NA,NA,1.4014085,"no",41661.5034576,65,"Mood Disorders","Hospitalization",2010,5,3,"CENTRAL",5,"Very Urban Area",2,"Low Income",4,"Supervisorial District 4",465,298.449985558872,299.430481369784,208,273.79949452401,257,321.905883237096,160,1073.89757701859,124,479.1714970245,134,171.189125657928,24,75.4124116260801,11,223.259590014207,34,92.746665211817,113,420.574661307131,155,375.111928559328,144,399.988889197522,19,127.039315324953
"1427","SOUTHEASTERN SAN DIEGO",754,"Overall, concentrated, and child (0 to 18 years of age) poverty rate","2000",9,"Total","CT","06073006801","0068.01","San Diego","06073",NA,NA,"Overall",2515,342.04,13.6,NA,NA,NA,NA,NA,0.9577465,"no",41661.5034576,68.01,"Mood Disorders","Hospitalization",2010,5,3,"CENTRAL",5,"Very Urban Area",2,"Low Income",4,"Supervisorial District 4",465,298.449985558872,299.430481369784,208,273.79949452401,257,321.905883237096,160,1073.89757701859,124,479.1714970245,134,171.189125657928,24,75.4124116260801,11,223.259590014207,34,92.746665211817,113,420.574661307131,155,375.111928559328,144,399.988889197522,19,127.039315324953
"1428","SOUTHEASTERN SAN DIEGO",754,"Overall, concentrated, and child (0 to 18 years of age) poverty rate","2000",9,"Total","CT","06073008358","0083.58","San Diego","06073",NA,NA,"Overall",6872,762.792,11.1,NA,NA,NA,NA,NA,0.7816901,"no",41661.5034577,83.58,"Mood Disorders","Hospitalization",2010,5,3,"CENTRAL",5,"Very Urban Area",2,"Low Income",4,"Supervisorial District 4",465,298.449985558872,299.430481369784,208,273.79949452401,257,321.905883237096,160,1073.89757701859,124,479.1714970245,134,171.189125657928,24,75.4124116260801,11,223.259590014207,34,92.746665211817,113,420.574661307131,155,375.111928559328,144,399.988889197522,19,127.039315324953
"1429","SOUTHEASTERN SAN DIEGO",754,"Overall, concentrated, and child (0 to 18 years of age) poverty rate","2000",9,"Total","CT","06073005400","0054.00","San Diego","06073",NA,NA,"Child",94,0,0,NA,NA,NA,NA,NA,0,"no",41661.5034576,54,"Mood Disorders","Hospitalization",2010,5,3,"CENTRAL",5,"Very Urban Area",2,"Low Income",4,"Supervisorial District 4",465,298.449985558872,299.430481369784,208,273.79949452401,257,321.905883237096,160,1073.89757701859,124,479.1714970245,134,171.189125657928,24,75.4124116260801,11,223.259590014207,34,92.746665211817,113,420.574661307131,155,375.111928559328,144,399.988889197522,19,127.039315324953
"1430","SOUTHEASTERN SAN DIEGO",754,"Overall, concentrated, and child (0 to 18 years of age) poverty rate","2000",9,"Total","CT","06073008341","0083.41","San Diego","06073",NA,NA,"Overall",3456,888.192,25.7,NA,NA,NA,NA,NA,1.8098592,"no",41661.5034577,83.41,"Mood Disorders","Hospitalization",2010,5,3,"CENTRAL",5,"Very Urban Area",2,"Low Income",4,"Supervisorial District 4",465,298.449985558872,299.430481369784,208,273.79949452401,257,321.905883237096,160,1073.89757701859,124,479.1714970245,134,171.189125657928,24,75.4124116260801,11,223.259590014207,34,92.746665211817,113,420.574661307131,155,375.111928559328,144,399.988889197522,19,127.039315324953
"1431","SOUTHEASTERN SAN DIEGO",754,"Overall, concentrated, and child (0 to 18 years of age) poverty rate","2000",9,"Total","CT","06073006600","0066.00","San Diego","06073",NA,NA,"Overall",1808,126.56,7,NA,NA,NA,NA,NA,0.4929577,"no",41661.5034576,66,"Mood Disorders","Hospitalization",2010,5,3,"CENTRAL",5,"Very Urban Area",2,"Low Income",4,"Supervisorial District 4",465,298.449985558872,299.430481369784,208,273.79949452401,257,321.905883237096,160,1073.89757701859,124,479.1714970245,134,171.189125657928,24,75.4124116260801,11,223.259590014207,34,92.746665211817,113,420.574661307131,155,375.111928559328,144,399.988889197522,19,127.039315324953
"1432","SPRING VALLEY",754,"Overall, concentrated, and child (0 to 18 years of age) poverty rate","2006-2010",9,"Total","CT","06073004000","0040.00","San Diego","06073",NA,NA,"Overall",5023,2179.982,43.4,31.2468085,55.5531915,6.2006079,14.287115,NA,3.1678832,"yes",41661.5034576,40,"Mood Disorders","Hospitalization",2010,31,5,"EAST",4,"Urban Area",4,"Moderately High Income",2,"Supervisorial District 2",268,330.860112838113,330.604288866051,110,279.053248433497,158,379.972103313934,192,501.855821004757,30,387.196695921528,36,138.185168125288,NA,NA,NA,NA,19,112.592592592593,67,554.406288787753,91,432.057734308233,75,347.753512310474,16,169.995750106247
"1433","SPRING VALLEY",754,"Overall, concentrated, and child (0 to 18 years of age) poverty rate","2006-2010",9,"Total","CT","06073004000","0040.00","San Diego","06073",NA,NA,"Child",1648,1005.28,61,44.9148936,77.0851064,8.2066869,13.4535851,NA,3.1937173,"yes",41661.5034576,40,"Mood Disorders","Hospitalization",2010,31,5,"EAST",4,"Urban Area",4,"Moderately High Income",2,"Supervisorial District 2",268,330.860112838113,330.604288866051,110,279.053248433497,158,379.972103313934,192,501.855821004757,30,387.196695921528,36,138.185168125288,NA,NA,NA,NA,19,112.592592592593,67,554.406288787753,91,432.057734308233,75,347.753512310474,16,169.995750106247
"1434","SPRING VALLEY",754,"Overall, concentrated, and child (0 to 18 years of age) poverty rate","2006-2010",9,"Total","CT","06073003303","0033.03","San Diego","06073",NA,NA,"Child",1595,682.66,42.8,26.1191489,59.4808511,8.5106383,19.8846689,NA,2.2408377,"no",41661.5034576,33.03,"Mood Disorders","Hospitalization",2010,31,5,"EAST",4,"Urban Area",4,"Moderately High Income",2,"Supervisorial District 2",268,330.860112838113,330.604288866051,110,279.053248433497,158,379.972103313934,192,501.855821004757,30,387.196695921528,36,138.185168125288,NA,NA,NA,NA,19,112.592592592593,67,554.406288787753,91,432.057734308233,75,347.753512310474,16,169.995750106247
"1435","SPRING VALLEY",754,"Overall, concentrated, and child (0 to 18 years of age) poverty rate","2006-2010",9,"Total","CT","06073003208","0032.08","San Diego","06073",NA,NA,"Overall",6857,623.987,9.1,2.7851064,15.4148936,3.2218845,35.4053242,NA,0.6642336,"no",41661.5034576,32.08,"Mood Disorders","Hospitalization",2010,31,5,"EAST",4,"Urban Area",4,"Moderately High Income",2,"Supervisorial District 2",268,330.860112838113,330.604288866051,110,279.053248433497,158,379.972103313934,192,501.855821004757,30,387.196695921528,36,138.185168125288,NA,NA,NA,NA,19,112.592592592593,67,554.406288787753,91,432.057734308233,75,347.753512310474,16,169.995750106247
"1436","SPRING VALLEY",754,"Overall, concentrated, and child (0 to 18 years of age) poverty rate","2006-2010",9,"Total","CT","06073003301","0033.01","San Diego","06073",NA,NA,"Child",1113,194.775,17.5,5.7042553,29.2957447,6.0182371,34.3899262,NA,0.9162304,"no",41661.5034576,33.01,"Mood Disorders","Hospitalization",2010,31,5,"EAST",4,"Urban Area",4,"Moderately High Income",2,"Supervisorial District 2",268,330.860112838113,330.604288866051,110,279.053248433497,158,379.972103313934,192,501.855821004757,30,387.196695921528,36,138.185168125288,NA,NA,NA,NA,19,112.592592592593,67,554.406288787753,91,432.057734308233,75,347.753512310474,16,169.995750106247
"1437","SPRING VALLEY",754,"Overall, concentrated, and child (0 to 18 years of age) poverty rate","2006-2010",9,"Total","CT","06073003115","0031.15","San Diego","06073",NA,NA,"Child",1877,450.48,24,12.9191489,35.0808511,5.6534954,23.556231,NA,1.2565445,"no",41661.5034576,31.15,"Mood Disorders","Hospitalization",2010,31,5,"EAST",4,"Urban Area",4,"Moderately High Income",2,"Supervisorial District 2",268,330.860112838113,330.604288866051,110,279.053248433497,158,379.972103313934,192,501.855821004757,30,387.196695921528,36,138.185168125288,NA,NA,NA,NA,19,112.592592592593,67,554.406288787753,91,432.057734308233,75,347.753512310474,16,169.995750106247
"1438","SPRING VALLEY",754,"Overall, concentrated, and child (0 to 18 years of age) poverty rate","2006-2010",9,"Total","CT","06073003303","0033.03","San Diego","06073",NA,NA,"Overall",4178,1579.284,37.8,25.8851064,49.7148936,6.0790274,16.082083,NA,2.7591241,"no",41661.5034576,33.03,"Mood Disorders","Hospitalization",2010,31,5,"EAST",4,"Urban Area",4,"Moderately High Income",2,"Supervisorial District 2",268,330.860112838113,330.604288866051,110,279.053248433497,158,379.972103313934,192,501.855821004757,30,387.196695921528,36,138.185168125288,NA,NA,NA,NA,19,112.592592592593,67,554.406288787753,91,432.057734308233,75,347.753512310474,16,169.995750106247
"1439","SPRING VALLEY",754,"Overall, concentrated, and child (0 to 18 years of age) poverty rate","2006-2010",9,"Total","CT","06073003112","0031.12","San Diego","06073",NA,NA,"Child",1294,339.028,26.2,4.3957447,48.0042553,11.1246201,42.4603819,NA,1.3717277,"no",41661.5034576,31.12,"Mood Disorders","Hospitalization",2010,31,5,"EAST",4,"Urban Area",4,"Moderately High Income",2,"Supervisorial District 2",268,330.860112838113,330.604288866051,110,279.053248433497,158,379.972103313934,192,501.855821004757,30,387.196695921528,36,138.185168125288,NA,NA,NA,NA,19,112.592592592593,67,554.406288787753,91,432.057734308233,75,347.753512310474,16,169.995750106247
"1440","SPRING VALLEY",754,"Overall, concentrated, and child (0 to 18 years of age) poverty rate","2006-2010",9,"Total","CT","06073003208","0032.08","San Diego","06073",NA,NA,"Child",2178,246.114,11.3,0,23.9297872,6.443769,57.0245044,NA,0.591623,"no",41661.5034576,32.08,"Mood Disorders","Hospitalization",2010,31,5,"EAST",4,"Urban Area",4,"Moderately High Income",2,"Supervisorial District 2",268,330.860112838113,330.604288866051,110,279.053248433497,158,379.972103313934,192,501.855821004757,30,387.196695921528,36,138.185168125288,NA,NA,NA,NA,19,112.592592592593,67,554.406288787753,91,432.057734308233,75,347.753512310474,16,169.995750106247
"1441","SPRING VALLEY",754,"Overall, concentrated, and child (0 to 18 years of age) poverty rate","2006-2010",9,"Total","CT","06073003113","0031.13","San Diego","06073",NA,NA,"Overall",5032,603.84,12,4.8510638,19.1489362,3.6474164,30.3951368,NA,0.8759124,"no",41661.5034576,31.13,"Mood Disorders","Hospitalization",2010,31,5,"EAST",4,"Urban Area",4,"Moderately High Income",2,"Supervisorial District 2",268,330.860112838113,330.604288866051,110,279.053248433497,158,379.972103313934,192,501.855821004757,30,387.196695921528,36,138.185168125288,NA,NA,NA,NA,19,112.592592592593,67,554.406288787753,91,432.057734308233,75,347.753512310474,16,169.995750106247
"1442","SPRING VALLEY",754,"Overall, concentrated, and child (0 to 18 years of age) poverty rate","2006-2010",9,"Total","CT","06073003502","0035.02","San Diego","06073",NA,NA,"Overall",4780,1653.88,34.6,22.8042553,46.3957447,6.0182371,17.3937488,NA,2.5255474,"no",41661.5034576,35.02,"Mood Disorders","Hospitalization",2010,31,5,"EAST",4,"Urban Area",4,"Moderately High Income",2,"Supervisorial District 2",268,330.860112838113,330.604288866051,110,279.053248433497,158,379.972103313934,192,501.855821004757,30,387.196695921528,36,138.185168125288,NA,NA,NA,NA,19,112.592592592593,67,554.406288787753,91,432.057734308233,75,347.753512310474,16,169.995750106247
"1443","SPRING VALLEY",754,"Overall, concentrated, and child (0 to 18 years of age) poverty rate","2006-2010",9,"Total","CT","06073003602","0036.02","San Diego","06073",NA,NA,"Overall",3282,1043.676,31.8,16.3106383,47.2893617,7.9027356,24.8513697,NA,2.3211679,"no",41661.5034576,36.02,"Mood Disorders","Hospitalization",2010,31,5,"EAST",4,"Urban Area",4,"Moderately High Income",2,"Supervisorial District 2",268,330.860112838113,330.604288866051,110,279.053248433497,158,379.972103313934,192,501.855821004757,30,387.196695921528,36,138.185168125288,NA,NA,NA,NA,19,112.592592592593,67,554.406288787753,91,432.057734308233,75,347.753512310474,16,169.995750106247
"1444","SPRING VALLEY",754,"Overall, concentrated, and child (0 to 18 years of age) poverty rate","2006-2010",9,"Total","CT","06073003107","0031.07","San Diego","06073",NA,NA,"Child",1923,473.058,24.6,0,49.3829787,12.6443769,51.3999061,NA,1.2879581,"no",41661.5034576,31.07,"Mood Disorders","Hospitalization",2010,31,5,"EAST",4,"Urban Area",4,"Moderately High Income",2,"Supervisorial District 2",268,330.860112838113,330.604288866051,110,279.053248433497,158,379.972103313934,192,501.855821004757,30,387.196695921528,36,138.185168125288,NA,NA,NA,NA,19,112.592592592593,67,554.406288787753,91,432.057734308233,75,347.753512310474,16,169.995750106247
"1445","SPRING VALLEY",754,"Overall, concentrated, and child (0 to 18 years of age) poverty rate","2006-2010",9,"Total","CT","06073003301","0033.01","San Diego","06073",NA,NA,"Overall",3438,783.864,22.8,14.2212766,31.3787234,4.3768997,19.1969285,NA,1.6642336,"no",41661.5034576,33.01,"Mood Disorders","Hospitalization",2010,31,5,"EAST",4,"Urban Area",4,"Moderately High Income",2,"Supervisorial District 2",268,330.860112838113,330.604288866051,110,279.053248433497,158,379.972103313934,192,501.855821004757,30,387.196695921528,36,138.185168125288,NA,NA,NA,NA,19,112.592592592593,67,554.406288787753,91,432.057734308233,75,347.753512310474,16,169.995750106247
"1446","SPRING VALLEY",754,"Overall, concentrated, and child (0 to 18 years of age) poverty rate","2006-2010",9,"Total","CT","06073003603","0036.03","San Diego","06073",NA,NA,"Overall",4397,1464.201,33.3,20.4319149,46.1680851,6.5653495,19.7157644,NA,2.4306569,"no",41661.5034576,36.03,"Mood Disorders","Hospitalization",2010,31,5,"EAST",4,"Urban Area",4,"Moderately High Income",2,"Supervisorial District 2",268,330.860112838113,330.604288866051,110,279.053248433497,158,379.972103313934,192,501.855821004757,30,387.196695921528,36,138.185168125288,NA,NA,NA,NA,19,112.592592592593,67,554.406288787753,91,432.057734308233,75,347.753512310474,16,169.995750106247
"1447","SPRING VALLEY",754,"Overall, concentrated, and child (0 to 18 years of age) poverty rate","2006-2010",9,"Total","CT","06073003502","0035.02","San Diego","06073",NA,NA,"Child",1754,731.418,41.7,26.3297872,57.0702128,7.8419453,18.8056242,NA,2.1832461,"no",41661.5034576,35.02,"Mood Disorders","Hospitalization",2010,31,5,"EAST",4,"Urban Area",4,"Moderately High Income",2,"Supervisorial District 2",268,330.860112838113,330.604288866051,110,279.053248433497,158,379.972103313934,192,501.855821004757,30,387.196695921528,36,138.185168125288,NA,NA,NA,NA,19,112.592592592593,67,554.406288787753,91,432.057734308233,75,347.753512310474,16,169.995750106247
"1448","SPRING VALLEY",754,"Overall, concentrated, and child (0 to 18 years of age) poverty rate","2006-2010",9,"Total","CT","06073003501","0035.01","San Diego","06073",NA,NA,"Child",1365,712.53,52.2,31.1106383,73.2893617,10.7598784,20.6127939,NA,2.7329843,"no",41661.5034576,35.01,"Mood Disorders","Hospitalization",2010,31,5,"EAST",4,"Urban Area",4,"Moderately High Income",2,"Supervisorial District 2",268,330.860112838113,330.604288866051,110,279.053248433497,158,379.972103313934,192,501.855821004757,30,387.196695921528,36,138.185168125288,NA,NA,NA,NA,19,112.592592592593,67,554.406288787753,91,432.057734308233,75,347.753512310474,16,169.995750106247
"1449","SPRING VALLEY",754,"Overall, concentrated, and child (0 to 18 years of age) poverty rate","2006-2010",9,"Total","CT","06073003403","0034.03","San Diego","06073",NA,NA,"Overall",4174,1268.896,30.4,18.2468085,42.5531915,6.2006079,20.3967365,NA,2.2189781,"no",41661.5034576,34.03,"Mood Disorders","Hospitalization",2010,31,5,"EAST",4,"Urban Area",4,"Moderately High Income",2,"Supervisorial District 2",268,330.860112838113,330.604288866051,110,279.053248433497,158,379.972103313934,192,501.855821004757,30,387.196695921528,36,138.185168125288,NA,NA,NA,NA,19,112.592592592593,67,554.406288787753,91,432.057734308233,75,347.753512310474,16,169.995750106247
"1450","SPRING VALLEY",754,"Overall, concentrated, and child (0 to 18 years of age) poverty rate","2006-2010",9,"Total","CT","06073003209","0032.09","San Diego","06073",NA,NA,"Overall",5015,421.26,8.4,2.5617021,14.2382979,2.9787234,35.4609929,NA,0.6131387,"no",41661.5034576,32.09,"Mood Disorders","Hospitalization",2010,31,5,"EAST",4,"Urban Area",4,"Moderately High Income",2,"Supervisorial District 2",268,330.860112838113,330.604288866051,110,279.053248433497,158,379.972103313934,192,501.855821004757,30,387.196695921528,36,138.185168125288,NA,NA,NA,NA,19,112.592592592593,67,554.406288787753,91,432.057734308233,75,347.753512310474,16,169.995750106247
"1451","SPRING VALLEY",754,"Overall, concentrated, and child (0 to 18 years of age) poverty rate","2006-2010",9,"Total","CT","06073003212","0032.12","San Diego","06073",NA,NA,"Child",993,198.6,20,0,40.8510638,10.6382979,53.1914894,NA,1.0471204,"no",41661.5034576,32.12,"Mood Disorders","Hospitalization",2010,31,5,"EAST",4,"Urban Area",4,"Moderately High Income",2,"Supervisorial District 2",268,330.860112838113,330.604288866051,110,279.053248433497,158,379.972103313934,192,501.855821004757,30,387.196695921528,36,138.185168125288,NA,NA,NA,NA,19,112.592592592593,67,554.406288787753,91,432.057734308233,75,347.753512310474,16,169.995750106247
"1452","SPRING VALLEY",754,"Overall, concentrated, and child (0 to 18 years of age) poverty rate","2006-2010",9,"Total","CT","06073004300","0043.00","San Diego","06073",NA,NA,"Overall",4433,554.125,12.5,5.8276596,19.1723404,3.4042553,27.2340426,NA,0.9124088,"no",41661.5034576,43,"Mood Disorders","Hospitalization",2010,31,5,"EAST",4,"Urban Area",4,"Moderately High Income",2,"Supervisorial District 2",268,330.860112838113,330.604288866051,110,279.053248433497,158,379.972103313934,192,501.855821004757,30,387.196695921528,36,138.185168125288,NA,NA,NA,NA,19,112.592592592593,67,554.406288787753,91,432.057734308233,75,347.753512310474,16,169.995750106247
"1453","SPRING VALLEY",754,"Overall, concentrated, and child (0 to 18 years of age) poverty rate","2006-2010",9,"Total","CT","06073003404","0034.04","San Diego","06073",NA,NA,"Child",1314,421.794,32.1,16.4914894,47.7085106,7.9635258,24.8084917,NA,1.6806283,"no",41661.5034576,34.04,"Mood Disorders","Hospitalization",2010,31,5,"EAST",4,"Urban Area",4,"Moderately High Income",2,"Supervisorial District 2",268,330.860112838113,330.604288866051,110,279.053248433497,158,379.972103313934,192,501.855821004757,30,387.196695921528,36,138.185168125288,NA,NA,NA,NA,19,112.592592592593,67,554.406288787753,91,432.057734308233,75,347.753512310474,16,169.995750106247
"1454","SPRING VALLEY",754,"Overall, concentrated, and child (0 to 18 years of age) poverty rate","2006-2010",9,"Total","CT","06073003401","0034.01","San Diego","06073",NA,NA,"Overall",6062,497.084,8.2,3.6723404,12.7276596,2.3100304,28.1711024,NA,0.5985401,"no",41661.5034576,34.01,"Mood Disorders","Hospitalization",2010,31,5,"EAST",4,"Urban Area",4,"Moderately High Income",2,"Supervisorial District 2",268,330.860112838113,330.604288866051,110,279.053248433497,158,379.972103313934,192,501.855821004757,30,387.196695921528,36,138.185168125288,NA,NA,NA,NA,19,112.592592592593,67,554.406288787753,91,432.057734308233,75,347.753512310474,16,169.995750106247
"1455","SPRING VALLEY",754,"Overall, concentrated, and child (0 to 18 years of age) poverty rate","2006-2010",9,"Total","CT","06073003115","0031.15","San Diego","06073",NA,NA,"Overall",6547,1217.742,18.6,10.0212766,27.1787234,4.3768997,23.5317188,NA,1.3576642,"no",41661.5034576,31.15,"Mood Disorders","Hospitalization",2010,31,5,"EAST",4,"Urban Area",4,"Moderately High Income",2,"Supervisorial District 2",268,330.860112838113,330.604288866051,110,279.053248433497,158,379.972103313934,192,501.855821004757,30,387.196695921528,36,138.185168125288,NA,NA,NA,NA,19,112.592592592593,67,554.406288787753,91,432.057734308233,75,347.753512310474,16,169.995750106247
"1456","SPRING VALLEY",754,"Overall, concentrated, and child (0 to 18 years of age) poverty rate","2006-2010",9,"Total","CT","06073003114","0031.14","San Diego","06073",NA,NA,"Child",788,0,0,0,5.8382979,2.9787234,NA,NA,0,"no",41661.5034576,31.14,"Mood Disorders","Hospitalization",2010,31,5,"EAST",4,"Urban Area",4,"Moderately High Income",2,"Supervisorial District 2",268,330.860112838113,330.604288866051,110,279.053248433497,158,379.972103313934,192,501.855821004757,30,387.196695921528,36,138.185168125288,NA,NA,NA,NA,19,112.592592592593,67,554.406288787753,91,432.057734308233,75,347.753512310474,16,169.995750106247
"1457","SPRING VALLEY",754,"Overall, concentrated, and child (0 to 18 years of age) poverty rate","2006-2010",9,"Total","CT","06073003603","0036.03","San Diego","06073",NA,NA,"Child",1422,591.552,41.6,23.4893617,59.7106383,9.2401216,22.2118307,NA,2.1780105,"no",41661.5034576,36.03,"Mood Disorders","Hospitalization",2010,31,5,"EAST",4,"Urban Area",4,"Moderately High Income",2,"Supervisorial District 2",268,330.860112838113,330.604288866051,110,279.053248433497,158,379.972103313934,192,501.855821004757,30,387.196695921528,36,138.185168125288,NA,NA,NA,NA,19,112.592592592593,67,554.406288787753,91,432.057734308233,75,347.753512310474,16,169.995750106247
"1458","SPRING VALLEY",754,"Overall, concentrated, and child (0 to 18 years of age) poverty rate","2006-2010",9,"Total","CT","06073003404","0034.04","San Diego","06073",NA,NA,"Overall",4415,869.755,19.7,11.4787234,27.9212766,4.1945289,21.2920247,NA,1.4379562,"no",41661.5034576,34.04,"Mood Disorders","Hospitalization",2010,31,5,"EAST",4,"Urban Area",4,"Moderately High Income",2,"Supervisorial District 2",268,330.860112838113,330.604288866051,110,279.053248433497,158,379.972103313934,192,501.855821004757,30,387.196695921528,36,138.185168125288,NA,NA,NA,NA,19,112.592592592593,67,554.406288787753,91,432.057734308233,75,347.753512310474,16,169.995750106247
"1459","SPRING VALLEY",754,"Overall, concentrated, and child (0 to 18 years of age) poverty rate","2006-2010",9,"Total","CT","06073003209","0032.09","San Diego","06073",NA,NA,"Child",1294,107.402,8.3,0,16.9978723,4.43769,53.4661442,NA,0.434555,"no",41661.5034576,32.09,"Mood Disorders","Hospitalization",2010,31,5,"EAST",4,"Urban Area",4,"Moderately High Income",2,"Supervisorial District 2",268,330.860112838113,330.604288866051,110,279.053248433497,158,379.972103313934,192,501.855821004757,30,387.196695921528,36,138.185168125288,NA,NA,NA,NA,19,112.592592592593,67,554.406288787753,91,432.057734308233,75,347.753512310474,16,169.995750106247
"1460","SPRING VALLEY",754,"Overall, concentrated, and child (0 to 18 years of age) poverty rate","2006-2010",9,"Total","CT","06073004300","0043.00","San Diego","06073",NA,NA,"Child",680,10.2,1.5,0,4.3595745,1.4589666,97.2644377,NA,0.078534,"no",41661.5034576,43,"Mood Disorders","Hospitalization",2010,31,5,"EAST",4,"Urban Area",4,"Moderately High Income",2,"Supervisorial District 2",268,330.860112838113,330.604288866051,110,279.053248433497,158,379.972103313934,192,501.855821004757,30,387.196695921528,36,138.185168125288,NA,NA,NA,NA,19,112.592592592593,67,554.406288787753,91,432.057734308233,75,347.753512310474,16,169.995750106247
"1461","SPRING VALLEY",754,"Overall, concentrated, and child (0 to 18 years of age) poverty rate","2006-2010",9,"Total","CT","06073003112","0031.12","San Diego","06073",NA,NA,"Overall",4578,645.498,14.1,5.6404255,22.5595745,4.3161094,30.6107051,NA,1.0291971,"no",41661.5034576,31.12,"Mood Disorders","Hospitalization",2010,31,5,"EAST",4,"Urban Area",4,"Moderately High Income",2,"Supervisorial District 2",268,330.860112838113,330.604288866051,110,279.053248433497,158,379.972103313934,192,501.855821004757,30,387.196695921528,36,138.185168125288,NA,NA,NA,NA,19,112.592592592593,67,554.406288787753,91,432.057734308233,75,347.753512310474,16,169.995750106247
"1462","SPRING VALLEY",754,"Overall, concentrated, and child (0 to 18 years of age) poverty rate","2006-2010",9,"Total","CT","06073003602","0036.02","San Diego","06073",NA,NA,"Child",1032,357.072,34.6,11.7234043,57.4765957,11.6717325,33.733331,NA,1.8115183,"no",41661.5034576,36.02,"Mood Disorders","Hospitalization",2010,31,5,"EAST",4,"Urban Area",4,"Moderately High Income",2,"Supervisorial District 2",268,330.860112838113,330.604288866051,110,279.053248433497,158,379.972103313934,192,501.855821004757,30,387.196695921528,36,138.185168125288,NA,NA,NA,NA,19,112.592592592593,67,554.406288787753,91,432.057734308233,75,347.753512310474,16,169.995750106247
"1463","SPRING VALLEY",754,"Overall, concentrated, and child (0 to 18 years of age) poverty rate","2006-2010",9,"Total","CT","06073004200","0042.00","San Diego","06073",NA,NA,"Child",887,78.056,8.8,0,19.2851064,5.3495441,60.7902736,NA,0.460733,"no",41661.5034576,42,"Mood Disorders","Hospitalization",2010,31,5,"EAST",4,"Urban Area",4,"Moderately High Income",2,"Supervisorial District 2",268,330.860112838113,330.604288866051,110,279.053248433497,158,379.972103313934,192,501.855821004757,30,387.196695921528,36,138.185168125288,NA,NA,NA,NA,19,112.592592592593,67,554.406288787753,91,432.057734308233,75,347.753512310474,16,169.995750106247
"1464","SPRING VALLEY",754,"Overall, concentrated, and child (0 to 18 years of age) poverty rate","2006-2010",9,"Total","CT","06073003114","0031.14","San Diego","06073",NA,NA,"Overall",3642,320.496,8.8,1.7702128,15.8297872,3.5866261,40.7571152,NA,0.6423358,"no",41661.5034576,31.14,"Mood Disorders","Hospitalization",2010,31,5,"EAST",4,"Urban Area",4,"Moderately High Income",2,"Supervisorial District 2",268,330.860112838113,330.604288866051,110,279.053248433497,158,379.972103313934,192,501.855821004757,30,387.196695921528,36,138.185168125288,NA,NA,NA,NA,19,112.592592592593,67,554.406288787753,91,432.057734308233,75,347.753512310474,16,169.995750106247
"1465","SPRING VALLEY",754,"Overall, concentrated, and child (0 to 18 years of age) poverty rate","2006-2010",9,"Total","CT","06073004100","0041.00","San Diego","06073",NA,NA,"Overall",6242,1491.838,23.9,16.6319149,31.1680851,3.7082067,15.5155092,NA,1.7445255,"no",41661.5034576,41,"Mood Disorders","Hospitalization",2010,31,5,"EAST",4,"Urban Area",4,"Moderately High Income",2,"Supervisorial District 2",268,330.860112838113,330.604288866051,110,279.053248433497,158,379.972103313934,192,501.855821004757,30,387.196695921528,36,138.185168125288,NA,NA,NA,NA,19,112.592592592593,67,554.406288787753,91,432.057734308233,75,347.753512310474,16,169.995750106247
"1466","SPRING VALLEY",754,"Overall, concentrated, and child (0 to 18 years of age) poverty rate","2006-2010",9,"Total","CT","06073003211","0032.11","San Diego","06073",NA,NA,"Overall",3190,140.36,4.4,1.7787234,7.0212766,1.337386,30.3951368,NA,0.3211679,"no",41661.5034576,32.11,"Mood Disorders","Hospitalization",2010,31,5,"EAST",4,"Urban Area",4,"Moderately High Income",2,"Supervisorial District 2",268,330.860112838113,330.604288866051,110,279.053248433497,158,379.972103313934,192,501.855821004757,30,387.196695921528,36,138.185168125288,NA,NA,NA,NA,19,112.592592592593,67,554.406288787753,91,432.057734308233,75,347.753512310474,16,169.995750106247
"1467","SPRING VALLEY",754,"Overall, concentrated, and child (0 to 18 years of age) poverty rate","2006-2010",9,"Total","CT","06073004200","0042.00","San Diego","06073",NA,NA,"Overall",5542,581.91,10.5,2.5170213,18.4829787,4.0729483,38.7899841,NA,0.7664234,"no",41661.5034576,42,"Mood Disorders","Hospitalization",2010,31,5,"EAST",4,"Urban Area",4,"Moderately High Income",2,"Supervisorial District 2",268,330.860112838113,330.604288866051,110,279.053248433497,158,379.972103313934,192,501.855821004757,30,387.196695921528,36,138.185168125288,NA,NA,NA,NA,19,112.592592592593,67,554.406288787753,91,432.057734308233,75,347.753512310474,16,169.995750106247
"1468","SPRING VALLEY",754,"Overall, concentrated, and child (0 to 18 years of age) poverty rate","2006-2010",9,"Total","CT","06073003403","0034.03","San Diego","06073",NA,NA,"Child",1555,536.475,34.5,18.0574468,50.9425532,8.3890578,24.3161094,NA,1.8062827,"no",41661.5034576,34.03,"Mood Disorders","Hospitalization",2010,31,5,"EAST",4,"Urban Area",4,"Moderately High Income",2,"Supervisorial District 2",268,330.860112838113,330.604288866051,110,279.053248433497,158,379.972103313934,192,501.855821004757,30,387.196695921528,36,138.185168125288,NA,NA,NA,NA,19,112.592592592593,67,554.406288787753,91,432.057734308233,75,347.753512310474,16,169.995750106247
"1469","SPRING VALLEY",754,"Overall, concentrated, and child (0 to 18 years of age) poverty rate","2006-2010",9,"Total","CT","06073003501","0035.01","San Diego","06073",NA,NA,"Overall",3953,1359.832,34.4,20.9361702,47.8638298,6.8693009,19.968898,NA,2.5109489,"no",41661.5034576,35.01,"Mood Disorders","Hospitalization",2010,31,5,"EAST",4,"Urban Area",4,"Moderately High Income",2,"Supervisorial District 2",268,330.860112838113,330.604288866051,110,279.053248433497,158,379.972103313934,192,501.855821004757,30,387.196695921528,36,138.185168125288,NA,NA,NA,NA,19,112.592592592593,67,554.406288787753,91,432.057734308233,75,347.753512310474,16,169.995750106247
"1470","SPRING VALLEY",754,"Overall, concentrated, and child (0 to 18 years of age) poverty rate","2006-2010",9,"Total","CT","06073003113","0031.13","San Diego","06073",NA,NA,"Child",1308,345.312,26.4,8.8851064,43.9148936,8.9361702,33.8491296,NA,1.382199,"no",41661.5034576,31.13,"Mood Disorders","Hospitalization",2010,31,5,"EAST",4,"Urban Area",4,"Moderately High Income",2,"Supervisorial District 2",268,330.860112838113,330.604288866051,110,279.053248433497,158,379.972103313934,192,501.855821004757,30,387.196695921528,36,138.185168125288,NA,NA,NA,NA,19,112.592592592593,67,554.406288787753,91,432.057734308233,75,347.753512310474,16,169.995750106247
"1471","SPRING VALLEY",754,"Overall, concentrated, and child (0 to 18 years of age) poverty rate","2006-2010",9,"Total","CT","06073003601","0036.01","San Diego","06073",NA,NA,"Child",1007,338.352,33.6,7.9829787,59.2170213,13.0699088,38.8985381,NA,1.7591623,"no",41661.5034576,36.01,"Mood Disorders","Hospitalization",2010,31,5,"EAST",4,"Urban Area",4,"Moderately High Income",2,"Supervisorial District 2",268,330.860112838113,330.604288866051,110,279.053248433497,158,379.972103313934,192,501.855821004757,30,387.196695921528,36,138.185168125288,NA,NA,NA,NA,19,112.592592592593,67,554.406288787753,91,432.057734308233,75,347.753512310474,16,169.995750106247
"1472","SPRING VALLEY",754,"Overall, concentrated, and child (0 to 18 years of age) poverty rate","2006-2010",9,"Total","CT","06073003601","0036.01","San Diego","06073",NA,NA,"Overall",2687,695.933,25.9,10.4106383,41.3893617,7.9027356,30.5124925,NA,1.8905109,"no",41661.5034576,36.01,"Mood Disorders","Hospitalization",2010,31,5,"EAST",4,"Urban Area",4,"Moderately High Income",2,"Supervisorial District 2",268,330.860112838113,330.604288866051,110,279.053248433497,158,379.972103313934,192,501.855821004757,30,387.196695921528,36,138.185168125288,NA,NA,NA,NA,19,112.592592592593,67,554.406288787753,91,432.057734308233,75,347.753512310474,16,169.995750106247
"1473","SPRING VALLEY",754,"Overall, concentrated, and child (0 to 18 years of age) poverty rate","2006-2010",9,"Total","CT","06073003107","0031.07","San Diego","06073",NA,NA,"Overall",6364,871.868,13.7,2.7382979,24.6617021,5.5927052,40.8226655,NA,1,"no",41661.5034576,31.07,"Mood Disorders","Hospitalization",2010,31,5,"EAST",4,"Urban Area",4,"Moderately High Income",2,"Supervisorial District 2",268,330.860112838113,330.604288866051,110,279.053248433497,158,379.972103313934,192,501.855821004757,30,387.196695921528,36,138.185168125288,NA,NA,NA,NA,19,112.592592592593,67,554.406288787753,91,432.057734308233,75,347.753512310474,16,169.995750106247
"1474","SPRING VALLEY",754,"Overall, concentrated, and child (0 to 18 years of age) poverty rate","2006-2010",9,"Total","CT","06073003401","0034.01","San Diego","06073",NA,NA,"Child",1549,162.645,10.5,0.2531915,20.7468085,5.2279635,49.7901288,NA,0.5497382,"no",41661.5034576,34.01,"Mood Disorders","Hospitalization",2010,31,5,"EAST",4,"Urban Area",4,"Moderately High Income",2,"Supervisorial District 2",268,330.860112838113,330.604288866051,110,279.053248433497,158,379.972103313934,192,501.855821004757,30,387.196695921528,36,138.185168125288,NA,NA,NA,NA,19,112.592592592593,67,554.406288787753,91,432.057734308233,75,347.753512310474,16,169.995750106247
"1475","SPRING VALLEY",754,"Overall, concentrated, and child (0 to 18 years of age) poverty rate","2006-2010",9,"Total","CT","06073003212","0032.12","San Diego","06073",NA,NA,"Overall",4628,689.572,14.9,5.2489362,24.5510638,4.9240122,33.0470615,NA,1.0875912,"no",41661.5034576,32.12,"Mood Disorders","Hospitalization",2010,31,5,"EAST",4,"Urban Area",4,"Moderately High Income",2,"Supervisorial District 2",268,330.860112838113,330.604288866051,110,279.053248433497,158,379.972103313934,192,501.855821004757,30,387.196695921528,36,138.185168125288,NA,NA,NA,NA,19,112.592592592593,67,554.406288787753,91,432.057734308233,75,347.753512310474,16,169.995750106247
"1476","SPRING VALLEY",754,"Overall, concentrated, and child (0 to 18 years of age) poverty rate","2006-2010",9,"Total","CT","06073003211","0032.11","San Diego","06073",NA,NA,"Child",781,28.897,3.7,0,8.5851064,2.4924012,67.362195,NA,0.1937173,"no",41661.5034576,32.11,"Mood Disorders","Hospitalization",2010,31,5,"EAST",4,"Urban Area",4,"Moderately High Income",2,"Supervisorial District 2",268,330.860112838113,330.604288866051,110,279.053248433497,158,379.972103313934,192,501.855821004757,30,387.196695921528,36,138.185168125288,NA,NA,NA,NA,19,112.592592592593,67,554.406288787753,91,432.057734308233,75,347.753512310474,16,169.995750106247
"1477","SPRING VALLEY",754,"Overall, concentrated, and child (0 to 18 years of age) poverty rate","2006-2010",9,"Total","CT","06073004100","0041.00","San Diego","06073",NA,NA,"Child",1308,387.168,29.6,13.3957447,45.8042553,8.2674772,27.9306662,NA,1.5497382,"no",41661.5034576,41,"Mood Disorders","Hospitalization",2010,31,5,"EAST",4,"Urban Area",4,"Moderately High Income",2,"Supervisorial District 2",268,330.860112838113,330.604288866051,110,279.053248433497,158,379.972103313934,192,501.855821004757,30,387.196695921528,36,138.185168125288,NA,NA,NA,NA,19,112.592592592593,67,554.406288787753,91,432.057734308233,75,347.753512310474,16,169.995750106247
"1478","SPRING VALLEY",754,"Overall, concentrated, and child (0 to 18 years of age) poverty rate","2006-2010",9,"Total","CT","06073003108","0031.08","San Diego","06073",NA,NA,"Overall",3497,556.023,15.9,3.6276596,28.1723404,6.2613982,39.3798627,NA,1.1605839,"no",41661.5034576,31.08,"Mood Disorders","Hospitalization",2010,31,5,"EAST",4,"Urban Area",4,"Moderately High Income",2,"Supervisorial District 2",268,330.860112838113,330.604288866051,110,279.053248433497,158,379.972103313934,192,501.855821004757,30,387.196695921528,36,138.185168125288,NA,NA,NA,NA,19,112.592592592593,67,554.406288787753,91,432.057734308233,75,347.753512310474,16,169.995750106247
"1479","SPRING VALLEY",754,"Overall, concentrated, and child (0 to 18 years of age) poverty rate","2006-2010",9,"Total","CT","06073003108","0031.08","San Diego","06073",NA,NA,"Child",1024,244.736,23.9,2.2148936,45.5851064,11.0638298,46.2921748,NA,1.2513089,"no",41661.5034576,31.08,"Mood Disorders","Hospitalization",2010,31,5,"EAST",4,"Urban Area",4,"Moderately High Income",2,"Supervisorial District 2",268,330.860112838113,330.604288866051,110,279.053248433497,158,379.972103313934,192,501.855821004757,30,387.196695921528,36,138.185168125288,NA,NA,NA,NA,19,112.592592592593,67,554.406288787753,91,432.057734308233,75,347.753512310474,16,169.995750106247
"1480","SWEETWATER",754,"Overall, concentrated, and child (0 to 18 years of age) poverty rate","2006-2010",9,"Total","CT","06073003004","0030.04","San Diego","06073",NA,NA,"Overall",4877,1282.651,26.3,16.2914894,36.3085106,5.106383,19.4159049,NA,1.919708,"no",41661.5034576,30.04,"Mood Disorders","Hospitalization",2010,20,4,"SOUTH",3,"Suburban Area",6,"Highest Income",1,"Supervisorial District 1",195,144.102867277564,140.815971083787,59,89.4888518125284,136,195.993659028679,81,256.849315068493,23,368.412622136793,60,94.5328501654325,20,69.204152249135,6,116.031715335525,17,53.4137681842461,74,381.955197687623,53,130.285152409046,44,137.758296806512,7,60.8748586833638
"1481","SWEETWATER",754,"Overall, concentrated, and child (0 to 18 years of age) poverty rate","2006-2010",9,"Total","CT","06073002803","0028.03","San Diego","06073",NA,NA,"Child",753,82.83,11,0,29.587234,9.4832827,86.2116607,NA,0.5759162,"no",41661.5034576,28.03,"Mood Disorders","Hospitalization",2010,20,4,"SOUTH",3,"Suburban Area",6,"Highest Income",1,"Supervisorial District 1",195,144.102867277564,140.815971083787,59,89.4888518125284,136,195.993659028679,81,256.849315068493,23,368.412622136793,60,94.5328501654325,20,69.204152249135,6,116.031715335525,17,53.4137681842461,74,381.955197687623,53,130.285152409046,44,137.758296806512,7,60.8748586833638
"1482","SWEETWATER",754,"Overall, concentrated, and child (0 to 18 years of age) poverty rate","2006-2010",9,"Total","CT","06073002001","0020.01","San Diego","06073",NA,NA,"Child",522,20.88,4,0,11.506383,3.8297872,95.7446809,NA,0.2094241,"no",41661.5034576,20.01,"Mood Disorders","Hospitalization",2010,20,4,"SOUTH",3,"Suburban Area",6,"Highest Income",1,"Supervisorial District 1",195,144.102867277564,140.815971083787,59,89.4888518125284,136,195.993659028679,81,256.849315068493,23,368.412622136793,60,94.5328501654325,20,69.204152249135,6,116.031715335525,17,53.4137681842461,74,381.955197687623,53,130.285152409046,44,137.758296806512,7,60.8748586833638
"1483","SWEETWATER",754,"Overall, concentrated, and child (0 to 18 years of age) poverty rate","2006-2010",9,"Total","CT","06073002002","0020.02","San Diego","06073",NA,NA,"Child",334,0,0,0,13.4638298,6.8693009,NA,NA,0,"no",41661.5034576,20.02,"Mood Disorders","Hospitalization",2010,20,4,"SOUTH",3,"Suburban Area",6,"Highest Income",1,"Supervisorial District 1",195,144.102867277564,140.815971083787,59,89.4888518125284,136,195.993659028679,81,256.849315068493,23,368.412622136793,60,94.5328501654325,20,69.204152249135,6,116.031715335525,17,53.4137681842461,74,381.955197687623,53,130.285152409046,44,137.758296806512,7,60.8748586833638
"1484","SWEETWATER",754,"Overall, concentrated, and child (0 to 18 years of age) poverty rate","2006-2010",9,"Total","CT","06073002903","0029.03","San Diego","06073",NA,NA,"Child",901,318.954,35.4,13.5957447,57.2042553,11.1246201,31.4254804,NA,1.8534031,"no",41661.5034576,29.03,"Mood Disorders","Hospitalization",2010,20,4,"SOUTH",3,"Suburban Area",6,"Highest Income",1,"Supervisorial District 1",195,144.102867277564,140.815971083787,59,89.4888518125284,136,195.993659028679,81,256.849315068493,23,368.412622136793,60,94.5328501654325,20,69.204152249135,6,116.031715335525,17,53.4137681842461,74,381.955197687623,53,130.285152409046,44,137.758296806512,7,60.8748586833638
"1485","SWEETWATER",754,"Overall, concentrated, and child (0 to 18 years of age) poverty rate","2006-2010",9,"Total","CT","06073003101","0031.01","San Diego","06073",NA,NA,"Overall",3653,438.36,12,4.9702128,19.0297872,3.5866261,29.8885512,NA,0.8759124,"no",41661.5034576,31.01,"Mood Disorders","Hospitalization",2010,20,4,"SOUTH",3,"Suburban Area",6,"Highest Income",1,"Supervisorial District 1",195,144.102867277564,140.815971083787,59,89.4888518125284,136,195.993659028679,81,256.849315068493,23,368.412622136793,60,94.5328501654325,20,69.204152249135,6,116.031715335525,17,53.4137681842461,74,381.955197687623,53,130.285152409046,44,137.758296806512,7,60.8748586833638
"1486","SWEETWATER",754,"Overall, concentrated, and child (0 to 18 years of age) poverty rate","2006-2010",9,"Total","CT","06073002302","0023.02","San Diego","06073",NA,NA,"Child",2303,1137.682,49.4,30.2170213,68.5829787,9.787234,19.8122147,NA,2.5863874,"no",41661.5034576,23.02,"Mood Disorders","Hospitalization",2010,20,4,"SOUTH",3,"Suburban Area",6,"Highest Income",1,"Supervisorial District 1",195,144.102867277564,140.815971083787,59,89.4888518125284,136,195.993659028679,81,256.849315068493,23,368.412622136793,60,94.5328501654325,20,69.204152249135,6,116.031715335525,17,53.4137681842461,74,381.955197687623,53,130.285152409046,44,137.758296806512,7,60.8748586833638
"1487","SWEETWATER",754,"Overall, concentrated, and child (0 to 18 years of age) poverty rate","2006-2010",9,"Total","CT","06073003105","0031.05","San Diego","06073",NA,NA,"Overall",4191,846.582,20.2,9,31.4,5.7142857,28.2885431,NA,1.4744526,"no",41661.5034576,31.05,"Mood Disorders","Hospitalization",2010,20,4,"SOUTH",3,"Suburban Area",6,"Highest Income",1,"Supervisorial District 1",195,144.102867277564,140.815971083787,59,89.4888518125284,136,195.993659028679,81,256.849315068493,23,368.412622136793,60,94.5328501654325,20,69.204152249135,6,116.031715335525,17,53.4137681842461,74,381.955197687623,53,130.285152409046,44,137.758296806512,7,60.8748586833638
"1488","SWEETWATER",754,"Overall, concentrated, and child (0 to 18 years of age) poverty rate","2006-2010",9,"Total","CT","06073002702","0027.02","San Diego","06073",NA,NA,"Overall",5012,1633.912,32.6,20.6851064,44.5148936,6.0790274,18.6473232,NA,2.379562,"no",41661.5034576,27.02,"Mood Disorders","Hospitalization",2010,20,4,"SOUTH",3,"Suburban Area",6,"Highest Income",1,"Supervisorial District 1",195,144.102867277564,140.815971083787,59,89.4888518125284,136,195.993659028679,81,256.849315068493,23,368.412622136793,60,94.5328501654325,20,69.204152249135,6,116.031715335525,17,53.4137681842461,74,381.955197687623,53,130.285152409046,44,137.758296806512,7,60.8748586833638
"1489","SWEETWATER",754,"Overall, concentrated, and child (0 to 18 years of age) poverty rate","2006-2010",9,"Total","CT","06073002302","0023.02","San Diego","06073",NA,NA,"Overall",6384,2406.768,37.7,24.712766,50.687234,6.6261398,17.5759677,NA,2.7518248,"no",41661.5034576,23.02,"Mood Disorders","Hospitalization",2010,20,4,"SOUTH",3,"Suburban Area",6,"Highest Income",1,"Supervisorial District 1",195,144.102867277564,140.815971083787,59,89.4888518125284,136,195.993659028679,81,256.849315068493,23,368.412622136793,60,94.5328501654325,20,69.204152249135,6,116.031715335525,17,53.4137681842461,74,381.955197687623,53,130.285152409046,44,137.758296806512,7,60.8748586833638
"1490","SWEETWATER",754,"Overall, concentrated, and child (0 to 18 years of age) poverty rate","2006-2010",9,"Total","CT","06073003003","0030.03","San Diego","06073",NA,NA,"Child",1015,358.295,35.3,16.3553191,54.2446809,9.6656535,27.3814547,NA,1.8481675,"no",41661.5034576,30.03,"Mood Disorders","Hospitalization",2010,20,4,"SOUTH",3,"Suburban Area",6,"Highest Income",1,"Supervisorial District 1",195,144.102867277564,140.815971083787,59,89.4888518125284,136,195.993659028679,81,256.849315068493,23,368.412622136793,60,94.5328501654325,20,69.204152249135,6,116.031715335525,17,53.4137681842461,74,381.955197687623,53,130.285152409046,44,137.758296806512,7,60.8748586833638
"1491","SWEETWATER",754,"Overall, concentrated, and child (0 to 18 years of age) poverty rate","2006-2010",9,"Total","CT","06073002902","0029.02","San Diego","06073",NA,NA,"Overall",5374,1096.296,20.4,10.5106383,30.2893617,5.0455927,24.7332976,NA,1.4890511,"no",41661.5034576,29.02,"Mood Disorders","Hospitalization",2010,20,4,"SOUTH",3,"Suburban Area",6,"Highest Income",1,"Supervisorial District 1",195,144.102867277564,140.815971083787,59,89.4888518125284,136,195.993659028679,81,256.849315068493,23,368.412622136793,60,94.5328501654325,20,69.204152249135,6,116.031715335525,17,53.4137681842461,74,381.955197687623,53,130.285152409046,44,137.758296806512,7,60.8748586833638
"1492","SWEETWATER",754,"Overall, concentrated, and child (0 to 18 years of age) poverty rate","2006-2010",9,"Total","CT","06073002804","0028.04","San Diego","06073",NA,NA,"Child",643,105.452,16.4,0,37.3702128,10.6990881,65.2383424,NA,0.8586387,"no",41661.5034576,28.04,"Mood Disorders","Hospitalization",2010,20,4,"SOUTH",3,"Suburban Area",6,"Highest Income",1,"Supervisorial District 1",195,144.102867277564,140.815971083787,59,89.4888518125284,136,195.993659028679,81,256.849315068493,23,368.412622136793,60,94.5328501654325,20,69.204152249135,6,116.031715335525,17,53.4137681842461,74,381.955197687623,53,130.285152409046,44,137.758296806512,7,60.8748586833638
"1493","SWEETWATER",754,"Overall, concentrated, and child (0 to 18 years of age) poverty rate","2006-2010",9,"Total","CT","06073002702","0027.02","San Diego","06073",NA,NA,"Child",1342,684.42,51,30.7446809,71.2553191,10.3343465,20.2634245,NA,2.6701571,"no",41661.5034576,27.02,"Mood Disorders","Hospitalization",2010,20,4,"SOUTH",3,"Suburban Area",6,"Highest Income",1,"Supervisorial District 1",195,144.102867277564,140.815971083787,59,89.4888518125284,136,195.993659028679,81,256.849315068493,23,368.412622136793,60,94.5328501654325,20,69.204152249135,6,116.031715335525,17,53.4137681842461,74,381.955197687623,53,130.285152409046,44,137.758296806512,7,60.8748586833638
"1494","SWEETWATER",754,"Overall, concentrated, and child (0 to 18 years of age) poverty rate","2006-2010",9,"Total","CT","06073002001","0020.01","San Diego","06073",NA,NA,"Overall",3300,108.9,3.3,0.4404255,6.1595745,1.4589666,44.211108,NA,0.2408759,"no",41661.5034576,20.01,"Mood Disorders","Hospitalization",2010,20,4,"SOUTH",3,"Suburban Area",6,"Highest Income",1,"Supervisorial District 1",195,144.102867277564,140.815971083787,59,89.4888518125284,136,195.993659028679,81,256.849315068493,23,368.412622136793,60,94.5328501654325,20,69.204152249135,6,116.031715335525,17,53.4137681842461,74,381.955197687623,53,130.285152409046,44,137.758296806512,7,60.8748586833638
"1495","SWEETWATER",754,"Overall, concentrated, and child (0 to 18 years of age) poverty rate","2006-2010",9,"Total","CT","06073002709","0027.09","San Diego","06073",NA,NA,"Overall",3619,944.559,26.1,13.2319149,38.9680851,6.5653495,25.154596,NA,1.9051095,"no",41661.5034576,27.09,"Mood Disorders","Hospitalization",2010,20,4,"SOUTH",3,"Suburban Area",6,"Highest Income",1,"Supervisorial District 1",195,144.102867277564,140.815971083787,59,89.4888518125284,136,195.993659028679,81,256.849315068493,23,368.412622136793,60,94.5328501654325,20,69.204152249135,6,116.031715335525,17,53.4137681842461,74,381.955197687623,53,130.285152409046,44,137.758296806512,7,60.8748586833638
"1496","SWEETWATER",754,"Overall, concentrated, and child (0 to 18 years of age) poverty rate","2006-2010",9,"Total","CT","06073002711","0027.11","San Diego","06073",NA,NA,"Child",1102,145.464,13.2,0,27.1404255,7.112462,53.8822879,NA,0.6910995,"no",41661.5034576,27.11,"Mood Disorders","Hospitalization",2010,20,4,"SOUTH",3,"Suburban Area",6,"Highest Income",1,"Supervisorial District 1",195,144.102867277564,140.815971083787,59,89.4888518125284,136,195.993659028679,81,256.849315068493,23,368.412622136793,60,94.5328501654325,20,69.204152249135,6,116.031715335525,17,53.4137681842461,74,381.955197687623,53,130.285152409046,44,137.758296806512,7,60.8748586833638
"1497","SWEETWATER",754,"Overall, concentrated, and child (0 to 18 years of age) poverty rate","2006-2010",9,"Total","CT","06073002804","0028.04","San Diego","06073",NA,NA,"Overall",4737,876.345,18.5,9.087234,27.912766,4.8024316,25.9590898,NA,1.350365,"no",41661.5034576,28.04,"Mood Disorders","Hospitalization",2010,20,4,"SOUTH",3,"Suburban Area",6,"Highest Income",1,"Supervisorial District 1",195,144.102867277564,140.815971083787,59,89.4888518125284,136,195.993659028679,81,256.849315068493,23,368.412622136793,60,94.5328501654325,20,69.204152249135,6,116.031715335525,17,53.4137681842461,74,381.955197687623,53,130.285152409046,44,137.758296806512,7,60.8748586833638
"1498","SWEETWATER",754,"Overall, concentrated, and child (0 to 18 years of age) poverty rate","2006-2010",9,"Total","CT","06073002903","0029.03","San Diego","06073",NA,NA,"Overall",3823,867.821,22.7,11.7382979,33.6617021,5.5927052,24.6374677,NA,1.6569343,"no",41661.5034576,29.03,"Mood Disorders","Hospitalization",2010,20,4,"SOUTH",3,"Suburban Area",6,"Highest Income",1,"Supervisorial District 1",195,144.102867277564,140.815971083787,59,89.4888518125284,136,195.993659028679,81,256.849315068493,23,368.412622136793,60,94.5328501654325,20,69.204152249135,6,116.031715335525,17,53.4137681842461,74,381.955197687623,53,130.285152409046,44,137.758296806512,7,60.8748586833638
"1499","SWEETWATER",754,"Overall, concentrated, and child (0 to 18 years of age) poverty rate","2006-2010",9,"Total","CT","06073003101","0031.01","San Diego","06073",NA,NA,"Child",899,105.183,11.7,0.0234043,23.3765957,5.9574468,50.9183488,NA,0.6125654,"no",41661.5034576,31.01,"Mood Disorders","Hospitalization",2010,20,4,"SOUTH",3,"Suburban Area",6,"Highest Income",1,"Supervisorial District 1",195,144.102867277564,140.815971083787,59,89.4888518125284,136,195.993659028679,81,256.849315068493,23,368.412622136793,60,94.5328501654325,20,69.204152249135,6,116.031715335525,17,53.4137681842461,74,381.955197687623,53,130.285152409046,44,137.758296806512,7,60.8748586833638
"1500","SWEETWATER",754,"Overall, concentrated, and child (0 to 18 years of age) poverty rate","2006-2010",9,"Total","CT","06073002710","0027.10","San Diego","06073",NA,NA,"Child",1103,461.054,41.8,18.4468085,65.1531915,11.9148936,28.5045302,NA,2.1884817,"no",41661.5034576,27.1,"Mood Disorders","Hospitalization",2010,20,4,"SOUTH",3,"Suburban Area",6,"Highest Income",1,"Supervisorial District 1",195,144.102867277564,140.815971083787,59,89.4888518125284,136,195.993659028679,81,256.849315068493,23,368.412622136793,60,94.5328501654325,20,69.204152249135,6,116.031715335525,17,53.4137681842461,74,381.955197687623,53,130.285152409046,44,137.758296806512,7,60.8748586833638
"1501","SWEETWATER",754,"Overall, concentrated, and child (0 to 18 years of age) poverty rate","2006-2010",9,"Total","CT","06073002708","0027.08","San Diego","06073",NA,NA,"Overall",6049,2613.168,43.2,31.2851064,55.1148936,6.0790274,14.0718226,NA,3.1532847,"yes",41661.5034576,27.08,"Mood Disorders","Hospitalization",2010,20,4,"SOUTH",3,"Suburban Area",6,"Highest Income",1,"Supervisorial District 1",195,144.102867277564,140.815971083787,59,89.4888518125284,136,195.993659028679,81,256.849315068493,23,368.412622136793,60,94.5328501654325,20,69.204152249135,6,116.031715335525,17,53.4137681842461,74,381.955197687623,53,130.285152409046,44,137.758296806512,7,60.8748586833638
"1502","SWEETWATER",754,"Overall, concentrated, and child (0 to 18 years of age) poverty rate","2006-2010",9,"Total","CT","06073003001","0030.01","San Diego","06073",NA,NA,"Overall",3666,696.54,19,9.2297872,28.7702128,4.9848024,26.2358023,NA,1.3868613,"no",41661.5034576,30.01,"Mood Disorders","Hospitalization",2010,20,4,"SOUTH",3,"Suburban Area",6,"Highest Income",1,"Supervisorial District 1",195,144.102867277564,140.815971083787,59,89.4888518125284,136,195.993659028679,81,256.849315068493,23,368.412622136793,60,94.5328501654325,20,69.204152249135,6,116.031715335525,17,53.4137681842461,74,381.955197687623,53,130.285152409046,44,137.758296806512,7,60.8748586833638
"1503","SWEETWATER",754,"Overall, concentrated, and child (0 to 18 years of age) poverty rate","2006-2010",9,"Total","CT","06073002501","0025.01","San Diego","06073",NA,NA,"Overall",5326,1342.152,25.2,17.0978723,33.3021277,4.1337386,16.4037246,NA,1.8394161,"no",41661.5034576,25.01,"Mood Disorders","Hospitalization",2010,20,4,"SOUTH",3,"Suburban Area",6,"Highest Income",1,"Supervisorial District 1",195,144.102867277564,140.815971083787,59,89.4888518125284,136,195.993659028679,81,256.849315068493,23,368.412622136793,60,94.5328501654325,20,69.204152249135,6,116.031715335525,17,53.4137681842461,74,381.955197687623,53,130.285152409046,44,137.758296806512,7,60.8748586833638
"1504","SWEETWATER",754,"Overall, concentrated, and child (0 to 18 years of age) poverty rate","2006-2010",9,"Total","CT","06073003004","0030.04","San Diego","06073",NA,NA,"Child",1601,464.29,29,16.2510638,41.7489362,6.5045593,22.4295147,NA,1.5183246,"no",41661.5034576,30.04,"Mood Disorders","Hospitalization",2010,20,4,"SOUTH",3,"Suburban Area",6,"Highest Income",1,"Supervisorial District 1",195,144.102867277564,140.815971083787,59,89.4888518125284,136,195.993659028679,81,256.849315068493,23,368.412622136793,60,94.5328501654325,20,69.204152249135,6,116.031715335525,17,53.4137681842461,74,381.955197687623,53,130.285152409046,44,137.758296806512,7,60.8748586833638
"1505","SWEETWATER",754,"Overall, concentrated, and child (0 to 18 years of age) poverty rate","2006-2010",9,"Total","CT","06073002202","0022.02","San Diego","06073",NA,NA,"Child",1349,592.211,43.9,24.5978723,63.2021277,9.8480243,22.4328572,NA,2.2984293,"no",41661.5034576,22.02,"Mood Disorders","Hospitalization",2010,20,4,"SOUTH",3,"Suburban Area",6,"Highest Income",1,"Supervisorial District 1",195,144.102867277564,140.815971083787,59,89.4888518125284,136,195.993659028679,81,256.849315068493,23,368.412622136793,60,94.5328501654325,20,69.204152249135,6,116.031715335525,17,53.4137681842461,74,381.955197687623,53,130.285152409046,44,137.758296806512,7,60.8748586833638
"1506","SWEETWATER",754,"Overall, concentrated, and child (0 to 18 years of age) poverty rate","2006-2010",9,"Total","CT","06073002301","0023.01","San Diego","06073",NA,NA,"Overall",2821,919.646,32.6,19.9702128,45.2297872,6.443769,19.7661626,NA,2.379562,"no",41661.5034576,23.01,"Mood Disorders","Hospitalization",2010,20,4,"SOUTH",3,"Suburban Area",6,"Highest Income",1,"Supervisorial District 1",195,144.102867277564,140.815971083787,59,89.4888518125284,136,195.993659028679,81,256.849315068493,23,368.412622136793,60,94.5328501654325,20,69.204152249135,6,116.031715335525,17,53.4137681842461,74,381.955197687623,53,130.285152409046,44,137.758296806512,7,60.8748586833638
"1507","SWEETWATER",754,"Overall, concentrated, and child (0 to 18 years of age) poverty rate","2006-2010",9,"Total","CT","06073002711","0027.11","San Diego","06073",NA,NA,"Overall",2948,268.268,9.1,0.5212766,17.6787234,4.3768997,48.0977989,NA,0.6642336,"no",41661.5034576,27.11,"Mood Disorders","Hospitalization",2010,20,4,"SOUTH",3,"Suburban Area",6,"Highest Income",1,"Supervisorial District 1",195,144.102867277564,140.815971083787,59,89.4888518125284,136,195.993659028679,81,256.849315068493,23,368.412622136793,60,94.5328501654325,20,69.204152249135,6,116.031715335525,17,53.4137681842461,74,381.955197687623,53,130.285152409046,44,137.758296806512,7,60.8748586833638
"1508","SWEETWATER",754,"Overall, concentrated, and child (0 to 18 years of age) poverty rate","2006-2010",9,"Total","CT","06073003001","0030.01","San Diego","06073",NA,NA,"Child",1049,286.377,27.3,10.3808511,44.2191489,8.6322188,31.6198492,NA,1.4293194,"no",41661.5034576,30.01,"Mood Disorders","Hospitalization",2010,20,4,"SOUTH",3,"Suburban Area",6,"Highest Income",1,"Supervisorial District 1",195,144.102867277564,140.815971083787,59,89.4888518125284,136,195.993659028679,81,256.849315068493,23,368.412622136793,60,94.5328501654325,20,69.204152249135,6,116.031715335525,17,53.4137681842461,74,381.955197687623,53,130.285152409046,44,137.758296806512,7,60.8748586833638
"1509","SWEETWATER",754,"Overall, concentrated, and child (0 to 18 years of age) poverty rate","2006-2010",9,"Total","CT","06073002301","0023.01","San Diego","06073",NA,NA,"Child",720,254.16,35.3,14.3297872,56.2702128,10.6990881,30.3090316,NA,1.8481675,"no",41661.5034576,23.01,"Mood Disorders","Hospitalization",2010,20,4,"SOUTH",3,"Suburban Area",6,"Highest Income",1,"Supervisorial District 1",195,144.102867277564,140.815971083787,59,89.4888518125284,136,195.993659028679,81,256.849315068493,23,368.412622136793,60,94.5328501654325,20,69.204152249135,6,116.031715335525,17,53.4137681842461,74,381.955197687623,53,130.285152409046,44,137.758296806512,7,60.8748586833638
"1510","SWEETWATER",754,"Overall, concentrated, and child (0 to 18 years of age) poverty rate","2006-2010",9,"Total","CT","06073002803","0028.03","San Diego","06073",NA,NA,"Overall",4926,596.046,12.1,5.5468085,18.6531915,3.343465,27.6319425,NA,0.8832117,"no",41661.5034576,28.03,"Mood Disorders","Hospitalization",2010,20,4,"SOUTH",3,"Suburban Area",6,"Highest Income",1,"Supervisorial District 1",195,144.102867277564,140.815971083787,59,89.4888518125284,136,195.993659028679,81,256.849315068493,23,368.412622136793,60,94.5328501654325,20,69.204152249135,6,116.031715335525,17,53.4137681842461,74,381.955197687623,53,130.285152409046,44,137.758296806512,7,60.8748586833638
"1511","SWEETWATER",754,"Overall, concentrated, and child (0 to 18 years of age) poverty rate","2006-2010",9,"Total","CT","06073003105","0031.05","San Diego","06073",NA,NA,"Child",1208,324.952,26.9,6.8829787,46.9170213,10.212766,37.9656727,NA,1.408377,"no",41661.5034576,31.05,"Mood Disorders","Hospitalization",2010,20,4,"SOUTH",3,"Suburban Area",6,"Highest Income",1,"Supervisorial District 1",195,144.102867277564,140.815971083787,59,89.4888518125284,136,195.993659028679,81,256.849315068493,23,368.412622136793,60,94.5328501654325,20,69.204152249135,6,116.031715335525,17,53.4137681842461,74,381.955197687623,53,130.285152409046,44,137.758296806512,7,60.8748586833638
"1512","SWEETWATER",754,"Overall, concentrated, and child (0 to 18 years of age) poverty rate","2006-2010",9,"Total","CT","06073002710","0027.10","San Diego","06073",NA,NA,"Overall",3569,988.613,27.7,14.593617,40.806383,6.6869301,24.1405418,NA,2.0218978,"no",41661.5034576,27.1,"Mood Disorders","Hospitalization",2010,20,4,"SOUTH",3,"Suburban Area",6,"Highest Income",1,"Supervisorial District 1",195,144.102867277564,140.815971083787,59,89.4888518125284,136,195.993659028679,81,256.849315068493,23,368.412622136793,60,94.5328501654325,20,69.204152249135,6,116.031715335525,17,53.4137681842461,74,381.955197687623,53,130.285152409046,44,137.758296806512,7,60.8748586833638
"1513","SWEETWATER",754,"Overall, concentrated, and child (0 to 18 years of age) poverty rate","2006-2010",9,"Total","CT","06073002401","0024.01","San Diego","06073",NA,NA,"Child",1730,865,50,32.7234043,67.2765957,8.8145897,17.6291793,NA,2.617801,"no",41661.5034576,24.01,"Mood Disorders","Hospitalization",2010,20,4,"SOUTH",3,"Suburban Area",6,"Highest Income",1,"Supervisorial District 1",195,144.102867277564,140.815971083787,59,89.4888518125284,136,195.993659028679,81,256.849315068493,23,368.412622136793,60,94.5328501654325,20,69.204152249135,6,116.031715335525,17,53.4137681842461,74,381.955197687623,53,130.285152409046,44,137.758296806512,7,60.8748586833638
"1514","SWEETWATER",754,"Overall, concentrated, and child (0 to 18 years of age) poverty rate","2006-2010",9,"Total","CT","06073002709","0027.09","San Diego","06073",NA,NA,"Child",1182,384.15,32.5,13.6744681,51.3255319,9.6048632,29.5534253,NA,1.7015707,"no",41661.5034576,27.09,"Mood Disorders","Hospitalization",2010,20,4,"SOUTH",3,"Suburban Area",6,"Highest Income",1,"Supervisorial District 1",195,144.102867277564,140.815971083787,59,89.4888518125284,136,195.993659028679,81,256.849315068493,23,368.412622136793,60,94.5328501654325,20,69.204152249135,6,116.031715335525,17,53.4137681842461,74,381.955197687623,53,130.285152409046,44,137.758296806512,7,60.8748586833638
"1515","SWEETWATER",754,"Overall, concentrated, and child (0 to 18 years of age) poverty rate","2006-2010",9,"Total","CT","06073002002","0020.02","San Diego","06073",NA,NA,"Overall",2492,256.676,10.3,2.3170213,18.2829787,4.0729483,39.5431877,NA,0.7518248,"no",41661.5034576,20.02,"Mood Disorders","Hospitalization",2010,20,4,"SOUTH",3,"Suburban Area",6,"Highest Income",1,"Supervisorial District 1",195,144.102867277564,140.815971083787,59,89.4888518125284,136,195.993659028679,81,256.849315068493,23,368.412622136793,60,94.5328501654325,20,69.204152249135,6,116.031715335525,17,53.4137681842461,74,381.955197687623,53,130.285152409046,44,137.758296806512,7,60.8748586833638
"1516","SWEETWATER",754,"Overall, concentrated, and child (0 to 18 years of age) poverty rate","2006-2010",9,"Total","CT","06073002401","0024.01","San Diego","06073",NA,NA,"Overall",4895,1630.035,33.3,23.4106383,43.1893617,5.0455927,15.15193,NA,2.4306569,"no",41661.5034576,24.01,"Mood Disorders","Hospitalization",2010,20,4,"SOUTH",3,"Suburban Area",6,"Highest Income",1,"Supervisorial District 1",195,144.102867277564,140.815971083787,59,89.4888518125284,136,195.993659028679,81,256.849315068493,23,368.412622136793,60,94.5328501654325,20,69.204152249135,6,116.031715335525,17,53.4137681842461,74,381.955197687623,53,130.285152409046,44,137.758296806512,7,60.8748586833638
"1517","SWEETWATER",754,"Overall, concentrated, and child (0 to 18 years of age) poverty rate","2006-2010",9,"Total","CT","06073003003","0030.03","San Diego","06073",NA,NA,"Overall",4982,1175.752,23.6,14.187234,33.012766,4.8024316,20.3492865,NA,1.7226277,"no",41661.5034576,30.03,"Mood Disorders","Hospitalization",2010,20,4,"SOUTH",3,"Suburban Area",6,"Highest Income",1,"Supervisorial District 1",195,144.102867277564,140.815971083787,59,89.4888518125284,136,195.993659028679,81,256.849315068493,23,368.412622136793,60,94.5328501654325,20,69.204152249135,6,116.031715335525,17,53.4137681842461,74,381.955197687623,53,130.285152409046,44,137.758296806512,7,60.8748586833638
"1518","SWEETWATER",754,"Overall, concentrated, and child (0 to 18 years of age) poverty rate","2006-2010",9,"Total","CT","06073002402","0024.02","San Diego","06073",NA,NA,"Overall",4570,1215.62,26.6,16.3531915,36.8468085,5.2279635,19.6539982,NA,1.9416058,"no",41661.5034576,24.02,"Mood Disorders","Hospitalization",2010,20,4,"SOUTH",3,"Suburban Area",6,"Highest Income",1,"Supervisorial District 1",195,144.102867277564,140.815971083787,59,89.4888518125284,136,195.993659028679,81,256.849315068493,23,368.412622136793,60,94.5328501654325,20,69.204152249135,6,116.031715335525,17,53.4137681842461,74,381.955197687623,53,130.285152409046,44,137.758296806512,7,60.8748586833638
"1519","SWEETWATER",754,"Overall, concentrated, and child (0 to 18 years of age) poverty rate","2006-2010",9,"Total","CT","06073002708","0027.08","San Diego","06073",NA,NA,"Child",2316,1477.608,63.8,47.5957447,80.0042553,8.2674772,12.9584282,NA,3.3403141,"yes",41661.5034576,27.08,"Mood Disorders","Hospitalization",2010,20,4,"SOUTH",3,"Suburban Area",6,"Highest Income",1,"Supervisorial District 1",195,144.102867277564,140.815971083787,59,89.4888518125284,136,195.993659028679,81,256.849315068493,23,368.412622136793,60,94.5328501654325,20,69.204152249135,6,116.031715335525,17,53.4137681842461,74,381.955197687623,53,130.285152409046,44,137.758296806512,7,60.8748586833638
"1520","SWEETWATER",754,"Overall, concentrated, and child (0 to 18 years of age) poverty rate","2006-2010",9,"Total","CT","06073002202","0022.02","San Diego","06073",NA,NA,"Overall",4786,1311.364,27.4,17.5106383,37.2893617,5.0455927,18.4145719,NA,2,"no",41661.5034576,22.02,"Mood Disorders","Hospitalization",2010,20,4,"SOUTH",3,"Suburban Area",6,"Highest Income",1,"Supervisorial District 1",195,144.102867277564,140.815971083787,59,89.4888518125284,136,195.993659028679,81,256.849315068493,23,368.412622136793,60,94.5328501654325,20,69.204152249135,6,116.031715335525,17,53.4137681842461,74,381.955197687623,53,130.285152409046,44,137.758296806512,7,60.8748586833638
"1521","SWEETWATER",754,"Overall, concentrated, and child (0 to 18 years of age) poverty rate","2006-2010",9,"Total","CT","06073002703","0027.03","San Diego","06073",NA,NA,"Overall",6823,641.362,9.4,3.6808511,15.1191489,2.9179331,31.0418418,NA,0.6861314,"no",41661.5034576,27.03,"Mood Disorders","Hospitalization",2010,20,4,"SOUTH",3,"Suburban Area",6,"Highest Income",1,"Supervisorial District 1",195,144.102867277564,140.815971083787,59,89.4888518125284,136,195.993659028679,81,256.849315068493,23,368.412622136793,60,94.5328501654325,20,69.204152249135,6,116.031715335525,17,53.4137681842461,74,381.955197687623,53,130.285152409046,44,137.758296806512,7,60.8748586833638
"1522","SWEETWATER",754,"Overall, concentrated, and child (0 to 18 years of age) poverty rate","2006-2010",9,"Total","CT","06073002402","0024.02","San Diego","06073",NA,NA,"Child",1552,513.712,33.1,16.4191489,49.7808511,8.5106383,25.7118982,NA,1.7329843,"no",41661.5034576,24.02,"Mood Disorders","Hospitalization",2010,20,4,"SOUTH",3,"Suburban Area",6,"Highest Income",1,"Supervisorial District 1",195,144.102867277564,140.815971083787,59,89.4888518125284,136,195.993659028679,81,256.849315068493,23,368.412622136793,60,94.5328501654325,20,69.204152249135,6,116.031715335525,17,53.4137681842461,74,381.955197687623,53,130.285152409046,44,137.758296806512,7,60.8748586833638
"1523","SWEETWATER",754,"Overall, concentrated, and child (0 to 18 years of age) poverty rate","2006-2010",9,"Total","CT","06073002703","0027.03","San Diego","06073",NA,NA,"Child",1783,208.611,11.7,0,23.8531915,6.2006079,52.9966487,NA,0.6125654,"no",41661.5034576,27.03,"Mood Disorders","Hospitalization",2010,20,4,"SOUTH",3,"Suburban Area",6,"Highest Income",1,"Supervisorial District 1",195,144.102867277564,140.815971083787,59,89.4888518125284,136,195.993659028679,81,256.849315068493,23,368.412622136793,60,94.5328501654325,20,69.204152249135,6,116.031715335525,17,53.4137681842461,74,381.955197687623,53,130.285152409046,44,137.758296806512,7,60.8748586833638
"1524","SWEETWATER",754,"Overall, concentrated, and child (0 to 18 years of age) poverty rate","2006-2010",9,"Total","CT","06073002902","0029.02","San Diego","06073",NA,NA,"Child",1147,370.481,32.3,12.5212766,52.0787234,10.0911854,31.2420601,NA,1.6910995,"no",41661.5034576,29.02,"Mood Disorders","Hospitalization",2010,20,4,"SOUTH",3,"Suburban Area",6,"Highest Income",1,"Supervisorial District 1",195,144.102867277564,140.815971083787,59,89.4888518125284,136,195.993659028679,81,256.849315068493,23,368.412622136793,60,94.5328501654325,20,69.204152249135,6,116.031715335525,17,53.4137681842461,74,381.955197687623,53,130.285152409046,44,137.758296806512,7,60.8748586833638
"1525","SWEETWATER",754,"Overall, concentrated, and child (0 to 18 years of age) poverty rate","2006-2010",9,"Total","CT","06073002501","0025.01","San Diego","06073",NA,NA,"Child",1531,624.648,40.8,27.4553191,54.1446809,6.8085106,16.6875261,NA,2.1361257,"no",41661.5034576,25.01,"Mood Disorders","Hospitalization",2010,20,4,"SOUTH",3,"Suburban Area",6,"Highest Income",1,"Supervisorial District 1",195,144.102867277564,140.815971083787,59,89.4888518125284,136,195.993659028679,81,256.849315068493,23,368.412622136793,60,94.5328501654325,20,69.204152249135,6,116.031715335525,17,53.4137681842461,74,381.955197687623,53,130.285152409046,44,137.758296806512,7,60.8748586833638
"1526","UNIVERSITY",754,"Overall, concentrated, and child (0 to 18 years of age) poverty rate","2000",9,"Total","CT","06073013605","0136.05","San Diego","06073",NA,NA,"Overall",5433,211.887,3.9,NA,NA,NA,NA,NA,0.2746479,"no",41661.5034577,136.05,"Mood Disorders","Hospitalization",2010,12,2,"N CENTRAL",4,"Urban Area",4,"Moderately High Income",3,"Supervisorial District 3",94,149.855724010394,191.581081273066,45,144.834245252655,49,154.784091985975,72,218.672173965863,NA,NA,5,81.5261699005381,10,49.7215592680987,NA,NA,NA,NA,20,91.1660133102379,24,121.543603767852,35,380.890194798128,12,190.930787589499
"1527","UNIVERSITY",754,"Overall, concentrated, and child (0 to 18 years of age) poverty rate","2000",9,"Total","CT","06073013604","0136.04","San Diego","06073",NA,NA,"Overall",6350,393.7,6.2,NA,NA,NA,NA,NA,0.4366197,"no",41661.5034577,136.04,"Mood Disorders","Hospitalization",2010,12,2,"N CENTRAL",4,"Urban Area",4,"Moderately High Income",3,"Supervisorial District 3",94,149.855724010394,191.581081273066,45,144.834245252655,49,154.784091985975,72,218.672173965863,NA,NA,5,81.5261699005381,10,49.7215592680987,NA,NA,NA,NA,20,91.1660133102379,24,121.543603767852,35,380.890194798128,12,190.930787589499
"1528","UNIVERSITY",754,"Overall, concentrated, and child (0 to 18 years of age) poverty rate","2000",9,"Total","CT","06073013701","0137.01","San Diego","06073",NA,NA,"Child",449,32.777,7.3,NA,NA,NA,NA,NA,0.3842105,"no",41661.5034577,137.01,"Mood Disorders","Hospitalization",2010,12,2,"N CENTRAL",4,"Urban Area",4,"Moderately High Income",3,"Supervisorial District 3",94,149.855724010394,191.581081273066,45,144.834245252655,49,154.784091985975,72,218.672173965863,NA,NA,5,81.5261699005381,10,49.7215592680987,NA,NA,NA,NA,20,91.1660133102379,24,121.543603767852,35,380.890194798128,12,190.930787589499
"1529","UNIVERSITY",754,"Overall, concentrated, and child (0 to 18 years of age) poverty rate","2000",9,"Total","CT","06073013606","0136.06","San Diego","06073",NA,NA,"Child",1747,82.109,4.7,NA,NA,NA,NA,NA,0.2473684,"no",41661.5034577,136.06,"Mood Disorders","Hospitalization",2010,12,2,"N CENTRAL",4,"Urban Area",4,"Moderately High Income",3,"Supervisorial District 3",94,149.855724010394,191.581081273066,45,144.834245252655,49,154.784091985975,72,218.672173965863,NA,NA,5,81.5261699005381,10,49.7215592680987,NA,NA,NA,NA,20,91.1660133102379,24,121.543603767852,35,380.890194798128,12,190.930787589499
"1530","UNIVERSITY",754,"Overall, concentrated, and child (0 to 18 years of age) poverty rate","2000",9,"Total","CT","06073013903","0139.03","San Diego","06073",NA,NA,"Overall",4123,470.022,11.4,NA,NA,NA,NA,NA,0.8028169,"no",41661.5034577,139.03,"Mood Disorders","Hospitalization",2010,12,2,"N CENTRAL",4,"Urban Area",4,"Moderately High Income",3,"Supervisorial District 3",94,149.855724010394,191.581081273066,45,144.834245252655,49,154.784091985975,72,218.672173965863,NA,NA,5,81.5261699005381,10,49.7215592680987,NA,NA,NA,NA,20,91.1660133102379,24,121.543603767852,35,380.890194798128,12,190.930787589499
"1531","UNIVERSITY",754,"Overall, concentrated, and child (0 to 18 years of age) poverty rate","2000",9,"Total","CT","06073013605","0136.05","San Diego","06073",NA,NA,"Child",1283,97.508,7.6,NA,NA,NA,NA,NA,0.4,"no",41661.5034577,136.05,"Mood Disorders","Hospitalization",2010,12,2,"N CENTRAL",4,"Urban Area",4,"Moderately High Income",3,"Supervisorial District 3",94,149.855724010394,191.581081273066,45,144.834245252655,49,154.784091985975,72,218.672173965863,NA,NA,5,81.5261699005381,10,49.7215592680987,NA,NA,NA,NA,20,91.1660133102379,24,121.543603767852,35,380.890194798128,12,190.930787589499
"1532","UNIVERSITY",754,"Overall, concentrated, and child (0 to 18 years of age) poverty rate","2000",9,"Total","CT","06073013909","0139.09","San Diego","06073",NA,NA,"Child",1425,256.5,18,NA,NA,NA,NA,NA,0.9473684,"no",41661.5034577,139.09,"Mood Disorders","Hospitalization",2010,12,2,"N CENTRAL",4,"Urban Area",4,"Moderately High Income",3,"Supervisorial District 3",94,149.855724010394,191.581081273066,45,144.834245252655,49,154.784091985975,72,218.672173965863,NA,NA,5,81.5261699005381,10,49.7215592680987,NA,NA,NA,NA,20,91.1660133102379,24,121.543603767852,35,380.890194798128,12,190.930787589499
"1533","UNIVERSITY",754,"Overall, concentrated, and child (0 to 18 years of age) poverty rate","2000",9,"Total","CT","06073013905","0139.05","San Diego","06073",NA,NA,"Child",926,98.156,10.6,NA,NA,NA,NA,NA,0.5578947,"no",41661.5034577,139.05,"Mood Disorders","Hospitalization",2010,12,2,"N CENTRAL",4,"Urban Area",4,"Moderately High Income",3,"Supervisorial District 3",94,149.855724010394,191.581081273066,45,144.834245252655,49,154.784091985975,72,218.672173965863,NA,NA,5,81.5261699005381,10,49.7215592680987,NA,NA,NA,NA,20,91.1660133102379,24,121.543603767852,35,380.890194798128,12,190.930787589499
"1534","UNIVERSITY",754,"Overall, concentrated, and child (0 to 18 years of age) poverty rate","2000",9,"Total","CT","06073013606","0136.06","San Diego","06073",NA,NA,"Overall",6231,348.936,5.6,NA,NA,NA,NA,NA,0.3943662,"no",41661.5034577,136.06,"Mood Disorders","Hospitalization",2010,12,2,"N CENTRAL",4,"Urban Area",4,"Moderately High Income",3,"Supervisorial District 3",94,149.855724010394,191.581081273066,45,144.834245252655,49,154.784091985975,72,218.672173965863,NA,NA,5,81.5261699005381,10,49.7215592680987,NA,NA,NA,NA,20,91.1660133102379,24,121.543603767852,35,380.890194798128,12,190.930787589499
"1535","UNIVERSITY",754,"Overall, concentrated, and child (0 to 18 years of age) poverty rate","2000",9,"Total","CT","06073013903","0139.03","San Diego","06073",NA,NA,"Child",1153,213.305,18.5,NA,NA,NA,NA,NA,0.9736842,"no",41661.5034577,139.03,"Mood Disorders","Hospitalization",2010,12,2,"N CENTRAL",4,"Urban Area",4,"Moderately High Income",3,"Supervisorial District 3",94,149.855724010394,191.581081273066,45,144.834245252655,49,154.784091985975,72,218.672173965863,NA,NA,5,81.5261699005381,10,49.7215592680987,NA,NA,NA,NA,20,91.1660133102379,24,121.543603767852,35,380.890194798128,12,190.930787589499
"1536","UNIVERSITY",754,"Overall, concentrated, and child (0 to 18 years of age) poverty rate","2000",9,"Total","CT","06073013908","0139.08","San Diego","06073",NA,NA,"Overall",3275,543.65,16.6,NA,NA,NA,NA,NA,1.1690141,"no",41661.5034577,139.08,"Mood Disorders","Hospitalization",2010,12,2,"N CENTRAL",4,"Urban Area",4,"Moderately High Income",3,"Supervisorial District 3",94,149.855724010394,191.581081273066,45,144.834245252655,49,154.784091985975,72,218.672173965863,NA,NA,5,81.5261699005381,10,49.7215592680987,NA,NA,NA,NA,20,91.1660133102379,24,121.543603767852,35,380.890194798128,12,190.930787589499
"1537","UNIVERSITY",754,"Overall, concentrated, and child (0 to 18 years of age) poverty rate","2000",9,"Total","CT","06073013203","0132.03","San Diego","06073",NA,NA,"Overall",5976,1308.744,21.9,NA,NA,NA,NA,NA,1.5422535,"no",41661.5034577,132.03,"Mood Disorders","Hospitalization",2010,12,2,"N CENTRAL",4,"Urban Area",4,"Moderately High Income",3,"Supervisorial District 3",94,149.855724010394,191.581081273066,45,144.834245252655,49,154.784091985975,72,218.672173965863,NA,NA,5,81.5261699005381,10,49.7215592680987,NA,NA,NA,NA,20,91.1660133102379,24,121.543603767852,35,380.890194798128,12,190.930787589499
"1538","UNIVERSITY",754,"Overall, concentrated, and child (0 to 18 years of age) poverty rate","2000",9,"Total","CT","06073013203","0132.03","San Diego","06073",NA,NA,"Child",1879,578.732,30.8,NA,NA,NA,NA,NA,1.6210526,"no",41661.5034577,132.03,"Mood Disorders","Hospitalization",2010,12,2,"N CENTRAL",4,"Urban Area",4,"Moderately High Income",3,"Supervisorial District 3",94,149.855724010394,191.581081273066,45,144.834245252655,49,154.784091985975,72,218.672173965863,NA,NA,5,81.5261699005381,10,49.7215592680987,NA,NA,NA,NA,20,91.1660133102379,24,121.543603767852,35,380.890194798128,12,190.930787589499
"1539","UNIVERSITY",754,"Overall, concentrated, and child (0 to 18 years of age) poverty rate","2000",9,"Total","CT","06073016000","0160.00","San Diego","06073",NA,NA,"Child",674,68.748,10.2,NA,NA,NA,NA,NA,0.5368421,"no",41661.5034577,160,"Mood Disorders","Hospitalization",2010,12,2,"N CENTRAL",4,"Urban Area",4,"Moderately High Income",3,"Supervisorial District 3",94,149.855724010394,191.581081273066,45,144.834245252655,49,154.784091985975,72,218.672173965863,NA,NA,5,81.5261699005381,10,49.7215592680987,NA,NA,NA,NA,20,91.1660133102379,24,121.543603767852,35,380.890194798128,12,190.930787589499
"1540","UNIVERSITY",754,"Overall, concentrated, and child (0 to 18 years of age) poverty rate","2000",9,"Total","CT","06073013702","0137.02","San Diego","06073",NA,NA,"Child",1689,320.91,19,NA,NA,NA,NA,NA,1,"no",41661.5034577,137.02,"Mood Disorders","Hospitalization",2010,12,2,"N CENTRAL",4,"Urban Area",4,"Moderately High Income",3,"Supervisorial District 3",94,149.855724010394,191.581081273066,45,144.834245252655,49,154.784091985975,72,218.672173965863,NA,NA,5,81.5261699005381,10,49.7215592680987,NA,NA,NA,NA,20,91.1660133102379,24,121.543603767852,35,380.890194798128,12,190.930787589499
"1541","UNIVERSITY",754,"Overall, concentrated, and child (0 to 18 years of age) poverty rate","2000",9,"Total","CT","06073013802","0138.02","San Diego","06073",NA,NA,"Overall",3093,309.3,10,NA,NA,NA,NA,NA,0.7042254,"no",41661.5034577,138.02,"Mood Disorders","Hospitalization",2010,12,2,"N CENTRAL",4,"Urban Area",4,"Moderately High Income",3,"Supervisorial District 3",94,149.855724010394,191.581081273066,45,144.834245252655,49,154.784091985975,72,218.672173965863,NA,NA,5,81.5261699005381,10,49.7215592680987,NA,NA,NA,NA,20,91.1660133102379,24,121.543603767852,35,380.890194798128,12,190.930787589499
"1542","UNIVERSITY",754,"Overall, concentrated, and child (0 to 18 years of age) poverty rate","2000",9,"Total","CT","06073013204","0132.04","San Diego","06073",NA,NA,"Child",1275,265.2,20.8,NA,NA,NA,NA,NA,1.0947368,"no",41661.5034577,132.04,"Mood Disorders","Hospitalization",2010,12,2,"N CENTRAL",4,"Urban Area",4,"Moderately High Income",3,"Supervisorial District 3",94,149.855724010394,191.581081273066,45,144.834245252655,49,154.784091985975,72,218.672173965863,NA,NA,5,81.5261699005381,10,49.7215592680987,NA,NA,NA,NA,20,91.1660133102379,24,121.543603767852,35,380.890194798128,12,190.930787589499
"1543","UNIVERSITY",754,"Overall, concentrated, and child (0 to 18 years of age) poverty rate","2000",9,"Total","CT","06073013104","0131.04","San Diego","06073",NA,NA,"Overall",5495,1148.455,20.9,NA,NA,NA,NA,NA,1.471831,"no",41661.5034577,131.04,"Mood Disorders","Hospitalization",2010,12,2,"N CENTRAL",4,"Urban Area",4,"Moderately High Income",3,"Supervisorial District 3",94,149.855724010394,191.581081273066,45,144.834245252655,49,154.784091985975,72,218.672173965863,NA,NA,5,81.5261699005381,10,49.7215592680987,NA,NA,NA,NA,20,91.1660133102379,24,121.543603767852,35,380.890194798128,12,190.930787589499
"1544","UNIVERSITY",754,"Overall, concentrated, and child (0 to 18 years of age) poverty rate","2000",9,"Total","CT","06073015901","0159.01","San Diego","06073",NA,NA,"Child",1247,394.052,31.6,NA,NA,NA,NA,NA,1.6631579,"no",41661.5034577,159.01,"Mood Disorders","Hospitalization",2010,12,2,"N CENTRAL",4,"Urban Area",4,"Moderately High Income",3,"Supervisorial District 3",94,149.855724010394,191.581081273066,45,144.834245252655,49,154.784091985975,72,218.672173965863,NA,NA,5,81.5261699005381,10,49.7215592680987,NA,NA,NA,NA,20,91.1660133102379,24,121.543603767852,35,380.890194798128,12,190.930787589499
"1545","UNIVERSITY",754,"Overall, concentrated, and child (0 to 18 years of age) poverty rate","2000",9,"Total","CT","06073013908","0139.08","San Diego","06073",NA,NA,"Child",1064,291.536,27.4,NA,NA,NA,NA,NA,1.4421053,"no",41661.5034577,139.08,"Mood Disorders","Hospitalization",2010,12,2,"N CENTRAL",4,"Urban Area",4,"Moderately High Income",3,"Supervisorial District 3",94,149.855724010394,191.581081273066,45,144.834245252655,49,154.784091985975,72,218.672173965863,NA,NA,5,81.5261699005381,10,49.7215592680987,NA,NA,NA,NA,20,91.1660133102379,24,121.543603767852,35,380.890194798128,12,190.930787589499
"1546","UNIVERSITY",754,"Overall, concentrated, and child (0 to 18 years of age) poverty rate","2000",9,"Total","CT","06073013701","0137.01","San Diego","06073",NA,NA,"Overall",2208,105.984,4.8,NA,NA,NA,NA,NA,0.3380282,"no",41661.5034577,137.01,"Mood Disorders","Hospitalization",2010,12,2,"N CENTRAL",4,"Urban Area",4,"Moderately High Income",3,"Supervisorial District 3",94,149.855724010394,191.581081273066,45,144.834245252655,49,154.784091985975,72,218.672173965863,NA,NA,5,81.5261699005381,10,49.7215592680987,NA,NA,NA,NA,20,91.1660133102379,24,121.543603767852,35,380.890194798128,12,190.930787589499
"1547","UNIVERSITY",754,"Overall, concentrated, and child (0 to 18 years of age) poverty rate","2000",9,"Total","CT","06073015902","0159.02","San Diego","06073",NA,NA,"Overall",4944,894.864,18.1,NA,NA,NA,NA,NA,1.2746479,"no",41661.5034577,159.02,"Mood Disorders","Hospitalization",2010,12,2,"N CENTRAL",4,"Urban Area",4,"Moderately High Income",3,"Supervisorial District 3",94,149.855724010394,191.581081273066,45,144.834245252655,49,154.784091985975,72,218.672173965863,NA,NA,5,81.5261699005381,10,49.7215592680987,NA,NA,NA,NA,20,91.1660133102379,24,121.543603767852,35,380.890194798128,12,190.930787589499
"1548","UNIVERSITY",754,"Overall, concentrated, and child (0 to 18 years of age) poverty rate","2000",9,"Total","CT","06073015802","0158.02","San Diego","06073",NA,NA,"Overall",4530,1277.46,28.2,NA,NA,NA,NA,NA,1.9859155,"no",41661.5034577,158.02,"Mood Disorders","Hospitalization",2010,12,2,"N CENTRAL",4,"Urban Area",4,"Moderately High Income",3,"Supervisorial District 3",94,149.855724010394,191.581081273066,45,144.834245252655,49,154.784091985975,72,218.672173965863,NA,NA,5,81.5261699005381,10,49.7215592680987,NA,NA,NA,NA,20,91.1660133102379,24,121.543603767852,35,380.890194798128,12,190.930787589499
"1549","UNIVERSITY",754,"Overall, concentrated, and child (0 to 18 years of age) poverty rate","2000",9,"Total","CT","06073013907","0139.07","San Diego","06073",NA,NA,"Overall",3905,476.41,12.2,NA,NA,NA,NA,NA,0.8591549,"no",41661.5034577,139.07,"Mood Disorders","Hospitalization",2010,12,2,"N CENTRAL",4,"Urban Area",4,"Moderately High Income",3,"Supervisorial District 3",94,149.855724010394,191.581081273066,45,144.834245252655,49,154.784091985975,72,218.672173965863,NA,NA,5,81.5261699005381,10,49.7215592680987,NA,NA,NA,NA,20,91.1660133102379,24,121.543603767852,35,380.890194798128,12,190.930787589499
"1550","VALLEY CENTER",754,"Overall, concentrated, and child (0 to 18 years of age) poverty rate","2006-2010",9,"Total","CT","06073017039","0170.39","San Diego","06073",NA,NA,"Child",2091,12.546,0.6,0,1.7914894,0.6079027,101.3171226,NA,0.0314136,"no",41661.5034577,170.39,"Mood Disorders","Hospitalization",2010,53,6,"N INLAND",1,"Rural Area",5,"High Income",5,"Supervisorial District 5",60,257.179597085298,297.507800122917,20,170.82336863683,40,344.174840819136,49,327.474436944463,NA,NA,NA,NA,NA,NA,5,319.488817891374,6,145.454545454545,12,388.22387576836,27,581.520568597889,12,156.026524509167,NA,NA
"1551","VALLEY CENTER",754,"Overall, concentrated, and child (0 to 18 years of age) poverty rate","2006-2010",9,"Total","CT","06073017036","0170.36","San Diego","06073",NA,NA,"Child",995,156.215,15.7,0,37.7425532,11.2462006,71.631851,NA,0.8219895,"no",41661.5034577,170.36,"Mood Disorders","Hospitalization",2010,53,6,"N INLAND",1,"Rural Area",5,"High Income",5,"Supervisorial District 5",60,257.179597085298,297.507800122917,20,170.82336863683,40,344.174840819136,49,327.474436944463,NA,NA,NA,NA,NA,NA,5,319.488817891374,6,145.454545454545,12,388.22387576836,27,581.520568597889,12,156.026524509167,NA,NA
"1552","VALLEY CENTER",754,"Overall, concentrated, and child (0 to 18 years of age) poverty rate","2006-2010",9,"Total","CT","06073017036","0170.36","San Diego","06073",NA,NA,"Overall",3690,439.11,11.9,0,24.2914894,6.3221884,53.127634,NA,0.8686131,"no",41661.5034577,170.36,"Mood Disorders","Hospitalization",2010,53,6,"N INLAND",1,"Rural Area",5,"High Income",5,"Supervisorial District 5",60,257.179597085298,297.507800122917,20,170.82336863683,40,344.174840819136,49,327.474436944463,NA,NA,NA,NA,NA,NA,5,319.488817891374,6,145.454545454545,12,388.22387576836,27,581.520568597889,12,156.026524509167,NA,NA
"1553","VALLEY CENTER",754,"Overall, concentrated, and child (0 to 18 years of age) poverty rate","2006-2010",9,"Total","CT","06073017037","0170.37","San Diego","06073",NA,NA,"Child",1640,113.16,6.9,0,14.5255319,3.8905775,56.3851813,NA,0.3612565,"no",41661.5034577,170.37,"Mood Disorders","Hospitalization",2010,53,6,"N INLAND",1,"Rural Area",5,"High Income",5,"Supervisorial District 5",60,257.179597085298,297.507800122917,20,170.82336863683,40,344.174840819136,49,327.474436944463,NA,NA,NA,NA,NA,NA,5,319.488817891374,6,145.454545454545,12,388.22387576836,27,581.520568597889,12,156.026524509167,NA,NA
"1554","VALLEY CENTER",754,"Overall, concentrated, and child (0 to 18 years of age) poverty rate","2006-2010",9,"Total","CT","06073017033","0170.33","San Diego","06073",NA,NA,"Overall",4918,290.162,5.9,0.5382979,11.2617021,2.7355623,46.3654629,NA,0.4306569,"no",41661.5034577,170.33,"Mood Disorders","Hospitalization",2010,53,6,"N INLAND",1,"Rural Area",5,"High Income",5,"Supervisorial District 5",60,257.179597085298,297.507800122917,20,170.82336863683,40,344.174840819136,49,327.474436944463,NA,NA,NA,NA,NA,NA,5,319.488817891374,6,145.454545454545,12,388.22387576836,27,581.520568597889,12,156.026524509167,NA,NA
"1555","VALLEY CENTER",754,"Overall, concentrated, and child (0 to 18 years of age) poverty rate","2006-2010",9,"Total","CT","06073017037","0170.37","San Diego","06073",NA,NA,"Overall",6300,296.1,4.7,0.1723404,9.2276596,2.3100304,49.1495829,NA,0.3430657,"no",41661.5034577,170.37,"Mood Disorders","Hospitalization",2010,53,6,"N INLAND",1,"Rural Area",5,"High Income",5,"Supervisorial District 5",60,257.179597085298,297.507800122917,20,170.82336863683,40,344.174840819136,49,327.474436944463,NA,NA,NA,NA,NA,NA,5,319.488817891374,6,145.454545454545,12,388.22387576836,27,581.520568597889,12,156.026524509167,NA,NA
"1556","VALLEY CENTER",754,"Overall, concentrated, and child (0 to 18 years of age) poverty rate","2006-2010",9,"Total","CT","06073017035","0170.35","San Diego","06073",NA,NA,"Overall",2755,743.85,27,12.5829787,41.4170213,7.3556231,27.2430485,NA,1.9708029,"no",41661.5034577,170.35,"Mood Disorders","Hospitalization",2010,53,6,"N INLAND",1,"Rural Area",5,"High Income",5,"Supervisorial District 5",60,257.179597085298,297.507800122917,20,170.82336863683,40,344.174840819136,49,327.474436944463,NA,NA,NA,NA,NA,NA,5,319.488817891374,6,145.454545454545,12,388.22387576836,27,581.520568597889,12,156.026524509167,NA,NA
"1557","VALLEY CENTER",754,"Overall, concentrated, and child (0 to 18 years of age) poverty rate","2006-2010",9,"Total","CT","06073017034","0170.34","San Diego","06073",NA,NA,"Overall",4546,122.742,2.7,0.1978723,5.2021277,1.2765957,47.2813239,NA,0.1970803,"no",41661.5034577,170.34,"Mood Disorders","Hospitalization",2010,53,6,"N INLAND",1,"Rural Area",5,"High Income",5,"Supervisorial District 5",60,257.179597085298,297.507800122917,20,170.82336863683,40,344.174840819136,49,327.474436944463,NA,NA,NA,NA,NA,NA,5,319.488817891374,6,145.454545454545,12,388.22387576836,27,581.520568597889,12,156.026524509167,NA,NA
"1558","VALLEY CENTER",754,"Overall, concentrated, and child (0 to 18 years of age) poverty rate","2006-2010",9,"Total","CT","06073017033","0170.33","San Diego","06073",NA,NA,"Child",1301,101.478,7.8,0,17.9276596,5.1671733,66.2458109,NA,0.408377,"no",41661.5034577,170.33,"Mood Disorders","Hospitalization",2010,53,6,"N INLAND",1,"Rural Area",5,"High Income",5,"Supervisorial District 5",60,257.179597085298,297.507800122917,20,170.82336863683,40,344.174840819136,49,327.474436944463,NA,NA,NA,NA,NA,NA,5,319.488817891374,6,145.454545454545,12,388.22387576836,27,581.520568597889,12,156.026524509167,NA,NA
"1559","VALLEY CENTER",754,"Overall, concentrated, and child (0 to 18 years of age) poverty rate","2006-2010",9,"Total","CT","06073017039","0170.39","San Diego","06073",NA,NA,"Overall",7110,120.87,1.7,0.2702128,3.1297872,0.7294833,42.9107813,NA,0.1240876,"no",41661.5034577,170.39,"Mood Disorders","Hospitalization",2010,53,6,"N INLAND",1,"Rural Area",5,"High Income",5,"Supervisorial District 5",60,257.179597085298,297.507800122917,20,170.82336863683,40,344.174840819136,49,327.474436944463,NA,NA,NA,NA,NA,NA,5,319.488817891374,6,145.454545454545,12,388.22387576836,27,581.520568597889,12,156.026524509167,NA,NA
"1560","VALLEY CENTER",754,"Overall, concentrated, and child (0 to 18 years of age) poverty rate","2006-2010",9,"Total","CT","06073017034","0170.34","San Diego","06073",NA,NA,"Child",1080,22.68,2.1,0,6.2702128,2.1276596,101.3171226,NA,0.1099476,"no",41661.5034577,170.34,"Mood Disorders","Hospitalization",2010,53,6,"N INLAND",1,"Rural Area",5,"High Income",5,"Supervisorial District 5",60,257.179597085298,297.507800122917,20,170.82336863683,40,344.174840819136,49,327.474436944463,NA,NA,NA,NA,NA,NA,5,319.488817891374,6,145.454545454545,12,388.22387576836,27,581.520568597889,12,156.026524509167,NA,NA
"1561","VALLEY CENTER",754,"Overall, concentrated, and child (0 to 18 years of age) poverty rate","2006-2010",9,"Total","CT","06073017035","0170.35","San Diego","06073",NA,NA,"Child",765,311.355,40.7,16.8702128,64.5297872,12.1580547,29.8723703,NA,2.1308901,"no",41661.5034577,170.35,"Mood Disorders","Hospitalization",2010,53,6,"N INLAND",1,"Rural Area",5,"High Income",5,"Supervisorial District 5",60,257.179597085298,297.507800122917,20,170.82336863683,40,344.174840819136,49,327.474436944463,NA,NA,NA,NA,NA,NA,5,319.488817891374,6,145.454545454545,12,388.22387576836,27,581.520568597889,12,156.026524509167,NA,NA
"1562","VISTA",754,"Overall, concentrated, and child (0 to 18 years of age) poverty rate","2006-2010",9,"Total","CT","06073017107","0171.07","San Diego","06073",NA,NA,"Overall",2673,253.935,9.5,1.0404255,17.9595745,4.3161094,45.4327308,NA,0.6934307,"no",41661.5034577,171.07,"Mood Disorders","Hospitalization",2010,52,1,"N COASTAL",3,"Suburban Area",2,"Low Income",5,"Supervisorial District 5",303,301.693666424382,297.594558952225,130,256.405199108499,173,347.864554009491,214,487.96059832178,13,480.236424085704,59,126.422250316056,5,120.598166907863,NA,NA,20,93.8570557041626,97,578.828022437045,79,275.184617528215,82,347.988456968257,25,247.671884287696
"1563","VISTA",754,"Overall, concentrated, and child (0 to 18 years of age) poverty rate","2006-2010",9,"Total","CT","06073017106","0171.06","San Diego","06073",NA,NA,"Overall",4315,267.53,6.2,2.0297872,10.3702128,2.1276596,34.3170899,NA,0.4525547,"no",41661.5034577,171.06,"Mood Disorders","Hospitalization",2010,52,1,"N COASTAL",3,"Suburban Area",2,"Low Income",5,"Supervisorial District 5",303,301.693666424382,297.594558952225,130,256.405199108499,173,347.864554009491,214,487.96059832178,13,480.236424085704,59,126.422250316056,5,120.598166907863,NA,NA,20,93.8570557041626,97,578.828022437045,79,275.184617528215,82,347.988456968257,25,247.671884287696
"1564","VISTA",754,"Overall, concentrated, and child (0 to 18 years of age) poverty rate","2006-2010",9,"Total","CT","06073018510","0185.10","San Diego","06073",NA,NA,"Overall",2887,349.327,12.1,3.0446809,21.1553191,4.6200608,38.1823206,NA,0.8832117,"no",41661.5034577,185.1,"Mood Disorders","Hospitalization",2010,52,1,"N COASTAL",3,"Suburban Area",2,"Low Income",5,"Supervisorial District 5",303,301.693666424382,297.594558952225,130,256.405199108499,173,347.864554009491,214,487.96059832178,13,480.236424085704,59,126.422250316056,5,120.598166907863,NA,NA,20,93.8570557041626,97,578.828022437045,79,275.184617528215,82,347.988456968257,25,247.671884287696
"1565","VISTA",754,"Overall, concentrated, and child (0 to 18 years of age) poverty rate","2006-2010",9,"Total","CT","06073017808","0178.08","San Diego","06073",NA,NA,"Overall",6106,91.59,1.5,0,3.8829787,1.2158055,81.0536981,NA,0.1094891,"no",41661.5034577,178.08,"Mood Disorders","Hospitalization",2010,52,1,"N COASTAL",3,"Suburban Area",2,"Low Income",5,"Supervisorial District 5",303,301.693666424382,297.594558952225,130,256.405199108499,173,347.864554009491,214,487.96059832178,13,480.236424085704,59,126.422250316056,5,120.598166907863,NA,NA,20,93.8570557041626,97,578.828022437045,79,275.184617528215,82,347.988456968257,25,247.671884287696
"1566","VISTA",754,"Overall, concentrated, and child (0 to 18 years of age) poverty rate","2006-2010",9,"Total","CT","06073017401","0174.01","San Diego","06073",NA,NA,"Child",975,181.35,18.6,0,48.506383,15.2583587,82.0341864,NA,0.973822,"no",41661.5034577,174.01,"Mood Disorders","Hospitalization",2010,52,1,"N COASTAL",3,"Suburban Area",2,"Low Income",5,"Supervisorial District 5",303,301.693666424382,297.594558952225,130,256.405199108499,173,347.864554009491,214,487.96059832178,13,480.236424085704,59,126.422250316056,5,120.598166907863,NA,NA,20,93.8570557041626,97,578.828022437045,79,275.184617528215,82,347.988456968257,25,247.671884287696
"1567","VISTA",754,"Overall, concentrated, and child (0 to 18 years of age) poverty rate","2006-2010",9,"Total","CT","06073017304","0173.04","San Diego","06073",NA,NA,"Overall",5072,405.76,8,3.8297872,12.1702128,2.1276596,26.5957447,NA,0.5839416,"no",41661.5034577,173.04,"Mood Disorders","Hospitalization",2010,52,1,"N COASTAL",3,"Suburban Area",2,"Low Income",5,"Supervisorial District 5",303,301.693666424382,297.594558952225,130,256.405199108499,173,347.864554009491,214,487.96059832178,13,480.236424085704,59,126.422250316056,5,120.598166907863,NA,NA,20,93.8570557041626,97,578.828022437045,79,275.184617528215,82,347.988456968257,25,247.671884287696
"1568","VISTA",754,"Overall, concentrated, and child (0 to 18 years of age) poverty rate","2006-2010",9,"Total","CT","06073017107","0171.07","San Diego","06073",NA,NA,"Child",798,134.064,16.8,0,33.9574468,8.7537994,52.1059488,NA,0.8795812,"no",41661.5034577,171.07,"Mood Disorders","Hospitalization",2010,52,1,"N COASTAL",3,"Suburban Area",2,"Low Income",5,"Supervisorial District 5",303,301.693666424382,297.594558952225,130,256.405199108499,173,347.864554009491,214,487.96059832178,13,480.236424085704,59,126.422250316056,5,120.598166907863,NA,NA,20,93.8570557041626,97,578.828022437045,79,275.184617528215,82,347.988456968257,25,247.671884287696
"1569","VISTA",754,"Overall, concentrated, and child (0 to 18 years of age) poverty rate","2006-2010",9,"Total","CT","06073017808","0178.08","San Diego","06073",NA,NA,"Child",1224,46.512,3.8,0,11.0680851,3.7082067,97.5843865,NA,0.1989529,"no",41661.5034577,178.08,"Mood Disorders","Hospitalization",2010,52,1,"N COASTAL",3,"Suburban Area",2,"Low Income",5,"Supervisorial District 5",303,301.693666424382,297.594558952225,130,256.405199108499,173,347.864554009491,214,487.96059832178,13,480.236424085704,59,126.422250316056,5,120.598166907863,NA,NA,20,93.8570557041626,97,578.828022437045,79,275.184617528215,82,347.988456968257,25,247.671884287696
"1570","VISTA",754,"Overall, concentrated, and child (0 to 18 years of age) poverty rate","2006-2010",9,"Total","CT","06073017051","0170.51","San Diego","06073",NA,NA,"Overall",4114,156.332,3.8,1.1787234,6.4212766,1.337386,35.1943689,NA,0.2773723,"no",41661.5034577,170.51,"Mood Disorders","Hospitalization",2010,52,1,"N COASTAL",3,"Suburban Area",2,"Low Income",5,"Supervisorial District 5",303,301.693666424382,297.594558952225,130,256.405199108499,173,347.864554009491,214,487.96059832178,13,480.236424085704,59,126.422250316056,5,120.598166907863,NA,NA,20,93.8570557041626,97,578.828022437045,79,275.184617528215,82,347.988456968257,25,247.671884287696
"1571","VISTA",754,"Overall, concentrated, and child (0 to 18 years of age) poverty rate","2006-2010",9,"Total","CT","06073017603","0176.03","San Diego","06073",NA,NA,"Child",331,31.114,9.4,0,25.8425532,8.3890578,89.2452952,NA,0.4921466,"no",41661.5034577,176.03,"Mood Disorders","Hospitalization",2010,52,1,"N COASTAL",3,"Suburban Area",2,"Low Income",5,"Supervisorial District 5",303,301.693666424382,297.594558952225,130,256.405199108499,173,347.864554009491,214,487.96059832178,13,480.236424085704,59,126.422250316056,5,120.598166907863,NA,NA,20,93.8570557041626,97,578.828022437045,79,275.184617528215,82,347.988456968257,25,247.671884287696
"1572","VISTA",754,"Overall, concentrated, and child (0 to 18 years of age) poverty rate","2006-2010",9,"Total","CT","06073017401","0174.01","San Diego","06073",NA,NA,"Overall",5649,689.178,12.2,2.6680851,21.7319149,4.8632219,39.8624745,NA,0.8905109,"no",41661.5034577,174.01,"Mood Disorders","Hospitalization",2010,52,1,"N COASTAL",3,"Suburban Area",2,"Low Income",5,"Supervisorial District 5",303,301.693666424382,297.594558952225,130,256.405199108499,173,347.864554009491,214,487.96059832178,13,480.236424085704,59,126.422250316056,5,120.598166907863,NA,NA,20,93.8570557041626,97,578.828022437045,79,275.184617528215,82,347.988456968257,25,247.671884287696
"1573","VISTA",754,"Overall, concentrated, and child (0 to 18 years of age) poverty rate","2006-2010",9,"Total","CT","06073018509","0185.09","San Diego","06073",NA,NA,"Child",1900,929.1,48.9,30.193617,67.606383,9.5440729,19.5175316,NA,2.5602094,"no",41661.5034577,185.09,"Mood Disorders","Hospitalization",2010,52,1,"N COASTAL",3,"Suburban Area",2,"Low Income",5,"Supervisorial District 5",303,301.693666424382,297.594558952225,130,256.405199108499,173,347.864554009491,214,487.96059832178,13,480.236424085704,59,126.422250316056,5,120.598166907863,NA,NA,20,93.8570557041626,97,578.828022437045,79,275.184617528215,82,347.988456968257,25,247.671884287696
"1574","VISTA",754,"Overall, concentrated, and child (0 to 18 years of age) poverty rate","2006-2010",9,"Total","CT","06073017044","0170.44","San Diego","06073",NA,NA,"Overall",5878,105.804,1.8,0.3702128,3.2297872,0.7294833,40.526849,NA,0.1313869,"no",41661.5034577,170.44,"Mood Disorders","Hospitalization",2010,52,1,"N COASTAL",3,"Suburban Area",2,"Low Income",5,"Supervisorial District 5",303,301.693666424382,297.594558952225,130,256.405199108499,173,347.864554009491,214,487.96059832178,13,480.236424085704,59,126.422250316056,5,120.598166907863,NA,NA,20,93.8570557041626,97,578.828022437045,79,275.184617528215,82,347.988456968257,25,247.671884287696
"1575","VISTA",754,"Overall, concentrated, and child (0 to 18 years of age) poverty rate","2006-2010",9,"Total","CT","06073017106","0171.06","San Diego","06073",NA,NA,"Child",1053,55.809,5.3,0,11.2574468,3.0395137,57.3493147,NA,0.2774869,"no",41661.5034577,171.06,"Mood Disorders","Hospitalization",2010,52,1,"N COASTAL",3,"Suburban Area",2,"Low Income",5,"Supervisorial District 5",303,301.693666424382,297.594558952225,130,256.405199108499,173,347.864554009491,214,487.96059832178,13,480.236424085704,59,126.422250316056,5,120.598166907863,NA,NA,20,93.8570557041626,97,578.828022437045,79,275.184617528215,82,347.988456968257,25,247.671884287696
"1576","VISTA",754,"Overall, concentrated, and child (0 to 18 years of age) poverty rate","2006-2010",9,"Total","CT","06073017501","0175.01","San Diego","06073",NA,NA,"Overall",2573,313.906,12.2,2.3106383,22.0893617,5.0455927,41.3573173,NA,0.8905109,"no",41661.5034577,175.01,"Mood Disorders","Hospitalization",2010,52,1,"N COASTAL",3,"Suburban Area",2,"Low Income",5,"Supervisorial District 5",303,301.693666424382,297.594558952225,130,256.405199108499,173,347.864554009491,214,487.96059832178,13,480.236424085704,59,126.422250316056,5,120.598166907863,NA,NA,20,93.8570557041626,97,578.828022437045,79,275.184617528215,82,347.988456968257,25,247.671884287696
"1577","VISTA",754,"Overall, concentrated, and child (0 to 18 years of age) poverty rate","2006-2010",9,"Total","CT","06073018510","0185.10","San Diego","06073",NA,NA,"Child",815,117.36,14.4,0.1021277,28.6978723,7.2948328,50.6585613,NA,0.7539267,"no",41661.5034577,185.1,"Mood Disorders","Hospitalization",2010,52,1,"N COASTAL",3,"Suburban Area",2,"Low Income",5,"Supervisorial District 5",303,301.693666424382,297.594558952225,130,256.405199108499,173,347.864554009491,214,487.96059832178,13,480.236424085704,59,126.422250316056,5,120.598166907863,NA,NA,20,93.8570557041626,97,578.828022437045,79,275.184617528215,82,347.988456968257,25,247.671884287696
"1578","VISTA",754,"Overall, concentrated, and child (0 to 18 years of age) poverty rate","2006-2010",9,"Total","CT","06073017110","0171.10","San Diego","06073",NA,NA,"Overall",9552,1002.96,10.5,4.3042553,16.6957447,3.1610942,30.1056593,NA,0.7664234,"no",41661.5034577,171.1,"Mood Disorders","Hospitalization",2010,52,1,"N COASTAL",3,"Suburban Area",2,"Low Income",5,"Supervisorial District 5",303,301.693666424382,297.594558952225,130,256.405199108499,173,347.864554009491,214,487.96059832178,13,480.236424085704,59,126.422250316056,5,120.598166907863,NA,NA,20,93.8570557041626,97,578.828022437045,79,275.184617528215,82,347.988456968257,25,247.671884287696
"1579","VISTA",754,"Overall, concentrated, and child (0 to 18 years of age) poverty rate","2006-2010",9,"Total","CT","06073017604","0176.04","San Diego","06073",NA,NA,"Overall",6482,589.862,9.1,3.3808511,14.8191489,2.9179331,32.0651992,NA,0.6642336,"no",41661.5034577,176.04,"Mood Disorders","Hospitalization",2010,52,1,"N COASTAL",3,"Suburban Area",2,"Low Income",5,"Supervisorial District 5",303,301.693666424382,297.594558952225,130,256.405199108499,173,347.864554009491,214,487.96059832178,13,480.236424085704,59,126.422250316056,5,120.598166907863,NA,NA,20,93.8570557041626,97,578.828022437045,79,275.184617528215,82,347.988456968257,25,247.671884287696
"1580","VISTA",754,"Overall, concentrated, and child (0 to 18 years of age) poverty rate","2006-2010",9,"Total","CT","06073017403","0174.03","San Diego","06073",NA,NA,"Child",923,11.076,1.2,0,3.4638298,1.1550152,96.2512665,NA,0.0628272,"no",41661.5034577,174.03,"Mood Disorders","Hospitalization",2010,52,1,"N COASTAL",3,"Suburban Area",2,"Low Income",5,"Supervisorial District 5",303,301.693666424382,297.594558952225,130,256.405199108499,173,347.864554009491,214,487.96059832178,13,480.236424085704,59,126.422250316056,5,120.598166907863,NA,NA,20,93.8570557041626,97,578.828022437045,79,275.184617528215,82,347.988456968257,25,247.671884287696
"1581","VISTA",754,"Overall, concentrated, and child (0 to 18 years of age) poverty rate","2006-2010",9,"Total","CT","06073018509","0185.09","San Diego","06073",NA,NA,"Overall",5347,1711.04,32,20.0851064,43.9148936,6.0790274,18.9969605,NA,2.3357664,"no",41661.5034577,185.09,"Mood Disorders","Hospitalization",2010,52,1,"N COASTAL",3,"Suburban Area",2,"Low Income",5,"Supervisorial District 5",303,301.693666424382,297.594558952225,130,256.405199108499,173,347.864554009491,214,487.96059832178,13,480.236424085704,59,126.422250316056,5,120.598166907863,NA,NA,20,93.8570557041626,97,578.828022437045,79,275.184617528215,82,347.988456968257,25,247.671884287696
"1582","VISTA",754,"Overall, concentrated, and child (0 to 18 years of age) poverty rate","2006-2010",9,"Total","CT","06073017050","0170.50","San Diego","06073",NA,NA,"Overall",2787,61.314,2.2,0.293617,4.106383,0.9726444,44.211108,NA,0.1605839,"no",41661.5034577,170.5,"Mood Disorders","Hospitalization",2010,52,1,"N COASTAL",3,"Suburban Area",2,"Low Income",5,"Supervisorial District 5",303,301.693666424382,297.594558952225,130,256.405199108499,173,347.864554009491,214,487.96059832178,13,480.236424085704,59,126.422250316056,5,120.598166907863,NA,NA,20,93.8570557041626,97,578.828022437045,79,275.184617528215,82,347.988456968257,25,247.671884287696
"1583","VISTA",754,"Overall, concentrated, and child (0 to 18 years of age) poverty rate","2006-2010",9,"Total","CT","06073017051","0170.51","San Diego","06073",NA,NA,"Child",623,0,0,0,7.387234,3.768997,NA,NA,0,"no",41661.5034577,170.51,"Mood Disorders","Hospitalization",2010,52,1,"N COASTAL",3,"Suburban Area",2,"Low Income",5,"Supervisorial District 5",303,301.693666424382,297.594558952225,130,256.405199108499,173,347.864554009491,214,487.96059832178,13,480.236424085704,59,126.422250316056,5,120.598166907863,NA,NA,20,93.8570557041626,97,578.828022437045,79,275.184617528215,82,347.988456968257,25,247.671884287696
"1584","VISTA",754,"Overall, concentrated, and child (0 to 18 years of age) poverty rate","2006-2010",9,"Total","CT","06073017304","0173.04","San Diego","06073",NA,NA,"Child",774,65.79,8.5,0,17.3170213,4.4984802,52.923297,NA,0.4450262,"no",41661.5034577,173.04,"Mood Disorders","Hospitalization",2010,52,1,"N COASTAL",3,"Suburban Area",2,"Low Income",5,"Supervisorial District 5",303,301.693666424382,297.594558952225,130,256.405199108499,173,347.864554009491,214,487.96059832178,13,480.236424085704,59,126.422250316056,5,120.598166907863,NA,NA,20,93.8570557041626,97,578.828022437045,79,275.184617528215,82,347.988456968257,25,247.671884287696
"1585","VISTA",754,"Overall, concentrated, and child (0 to 18 years of age) poverty rate","2006-2010",9,"Total","CT","06073017047","0170.47","San Diego","06073",NA,NA,"Child",1011,18.198,1.8,0,5.2553191,1.7629179,97.9398852,NA,0.0942408,"no",41661.5034577,170.47,"Mood Disorders","Hospitalization",2010,52,1,"N COASTAL",3,"Suburban Area",2,"Low Income",5,"Supervisorial District 5",303,301.693666424382,297.594558952225,130,256.405199108499,173,347.864554009491,214,487.96059832178,13,480.236424085704,59,126.422250316056,5,120.598166907863,NA,NA,20,93.8570557041626,97,578.828022437045,79,275.184617528215,82,347.988456968257,25,247.671884287696
"1586","VISTA",754,"Overall, concentrated, and child (0 to 18 years of age) poverty rate","2006-2010",9,"Total","CT","06073017303","0173.03","San Diego","06073",NA,NA,"Child",856,100.152,11.7,0,24.2106383,6.3829787,54.5553737,NA,0.6125654,"no",41661.5034577,173.03,"Mood Disorders","Hospitalization",2010,52,1,"N COASTAL",3,"Suburban Area",2,"Low Income",5,"Supervisorial District 5",303,301.693666424382,297.594558952225,130,256.405199108499,173,347.864554009491,214,487.96059832178,13,480.236424085704,59,126.422250316056,5,120.598166907863,NA,NA,20,93.8570557041626,97,578.828022437045,79,275.184617528215,82,347.988456968257,25,247.671884287696
"1587","VISTA",754,"Overall, concentrated, and child (0 to 18 years of age) poverty rate","2006-2010",9,"Total","CT","06073017603","0176.03","San Diego","06073",NA,NA,"Overall",2125,231.625,10.9,0,21.8617021,5.5927052,51.3092217,NA,0.7956204,"no",41661.5034577,176.03,"Mood Disorders","Hospitalization",2010,52,1,"N COASTAL",3,"Suburban Area",2,"Low Income",5,"Supervisorial District 5",303,301.693666424382,297.594558952225,130,256.405199108499,173,347.864554009491,214,487.96059832178,13,480.236424085704,59,126.422250316056,5,120.598166907863,NA,NA,20,93.8570557041626,97,578.828022437045,79,275.184617528215,82,347.988456968257,25,247.671884287696
"1588","VISTA",754,"Overall, concentrated, and child (0 to 18 years of age) poverty rate","2006-2010",9,"Total","CT","06073017110","0171.10","San Diego","06073",NA,NA,"Child",3038,279.496,9.2,1.3361702,17.0638298,4.0121581,43.6104136,NA,0.4816754,"no",41661.5034577,171.1,"Mood Disorders","Hospitalization",2010,52,1,"N COASTAL",3,"Suburban Area",2,"Low Income",5,"Supervisorial District 5",303,301.693666424382,297.594558952225,130,256.405199108499,173,347.864554009491,214,487.96059832178,13,480.236424085704,59,126.422250316056,5,120.598166907863,NA,NA,20,93.8570557041626,97,578.828022437045,79,275.184617528215,82,347.988456968257,25,247.671884287696
"1589","VISTA",754,"Overall, concentrated, and child (0 to 18 years of age) poverty rate","2006-2010",9,"Total","CT","06073017801","0178.01","San Diego","06073",NA,NA,"Child",917,57.771,6.3,0,14.7595745,4.3161094,68.5096734,NA,0.3298429,"no",41661.5034577,178.01,"Mood Disorders","Hospitalization",2010,52,1,"N COASTAL",3,"Suburban Area",2,"Low Income",5,"Supervisorial District 5",303,301.693666424382,297.594558952225,130,256.405199108499,173,347.864554009491,214,487.96059832178,13,480.236424085704,59,126.422250316056,5,120.598166907863,NA,NA,20,93.8570557041626,97,578.828022437045,79,275.184617528215,82,347.988456968257,25,247.671884287696
"1590","VISTA",754,"Overall, concentrated, and child (0 to 18 years of age) poverty rate","2006-2010",9,"Total","CT","06073017047","0170.47","San Diego","06073",NA,NA,"Overall",4075,89.65,2.2,0,4.4638298,1.1550152,52.5006908,NA,0.1605839,"no",41661.5034577,170.47,"Mood Disorders","Hospitalization",2010,52,1,"N COASTAL",3,"Suburban Area",2,"Low Income",5,"Supervisorial District 5",303,301.693666424382,297.594558952225,130,256.405199108499,173,347.864554009491,214,487.96059832178,13,480.236424085704,59,126.422250316056,5,120.598166907863,NA,NA,20,93.8570557041626,97,578.828022437045,79,275.184617528215,82,347.988456968257,25,247.671884287696
"1591","VISTA",754,"Overall, concentrated, and child (0 to 18 years of age) poverty rate","2006-2010",9,"Total","CT","06073018507","0185.07","San Diego","06073",NA,NA,"Overall",8891,693.498,7.8,3.2723404,12.3276596,2.3100304,29.6157743,NA,0.5693431,"no",41661.5034577,185.07,"Mood Disorders","Hospitalization",2010,52,1,"N COASTAL",3,"Suburban Area",2,"Low Income",5,"Supervisorial District 5",303,301.693666424382,297.594558952225,130,256.405199108499,173,347.864554009491,214,487.96059832178,13,480.236424085704,59,126.422250316056,5,120.598166907863,NA,NA,20,93.8570557041626,97,578.828022437045,79,275.184617528215,82,347.988456968257,25,247.671884287696
"1592","VISTA",754,"Overall, concentrated, and child (0 to 18 years of age) poverty rate","2006-2010",9,"Total","CT","06073018514","0185.14","San Diego","06073",NA,NA,"Child",1852,29.632,1.6,0,4.2212766,1.337386,83.5866261,NA,0.0837696,"no",41661.5034577,185.14,"Mood Disorders","Hospitalization",2010,52,1,"N COASTAL",3,"Suburban Area",2,"Low Income",5,"Supervisorial District 5",303,301.693666424382,297.594558952225,130,256.405199108499,173,347.864554009491,214,487.96059832178,13,480.236424085704,59,126.422250316056,5,120.598166907863,NA,NA,20,93.8570557041626,97,578.828022437045,79,275.184617528215,82,347.988456968257,25,247.671884287696
"1593","VISTA",754,"Overall, concentrated, and child (0 to 18 years of age) poverty rate","2006-2010",9,"Total","CT","06073017604","0176.04","San Diego","06073",NA,NA,"Child",1432,253.464,17.7,2.806383,32.593617,7.5987842,42.9309841,NA,0.9267016,"no",41661.5034577,176.04,"Mood Disorders","Hospitalization",2010,52,1,"N COASTAL",3,"Suburban Area",2,"Low Income",5,"Supervisorial District 5",303,301.693666424382,297.594558952225,130,256.405199108499,173,347.864554009491,214,487.96059832178,13,480.236424085704,59,126.422250316056,5,120.598166907863,NA,NA,20,93.8570557041626,97,578.828022437045,79,275.184617528215,82,347.988456968257,25,247.671884287696
"1594","VISTA",754,"Overall, concentrated, and child (0 to 18 years of age) poverty rate","2006-2010",9,"Total","CT","06073017801","0178.01","San Diego","06073",NA,NA,"Overall",6193,625.493,10.1,3.1893617,17.0106383,3.5258359,34.909266,NA,0.7372263,"no",41661.5034577,178.01,"Mood Disorders","Hospitalization",2010,52,1,"N COASTAL",3,"Suburban Area",2,"Low Income",5,"Supervisorial District 5",303,301.693666424382,297.594558952225,130,256.405199108499,173,347.864554009491,214,487.96059832178,13,480.236424085704,59,126.422250316056,5,120.598166907863,NA,NA,20,93.8570557041626,97,578.828022437045,79,275.184617528215,82,347.988456968257,25,247.671884287696
"1595","VISTA",754,"Overall, concentrated, and child (0 to 18 years of age) poverty rate","2006-2010",9,"Total","CT","06073017044","0170.44","San Diego","06073",NA,NA,"Child",1917,26.838,1.4,0,3.5446809,1.0942249,78.1589231,NA,0.0732984,"no",41661.5034577,170.44,"Mood Disorders","Hospitalization",2010,52,1,"N COASTAL",3,"Suburban Area",2,"Low Income",5,"Supervisorial District 5",303,301.693666424382,297.594558952225,130,256.405199108499,173,347.864554009491,214,487.96059832178,13,480.236424085704,59,126.422250316056,5,120.598166907863,NA,NA,20,93.8570557041626,97,578.828022437045,79,275.184617528215,82,347.988456968257,25,247.671884287696
"1596","VISTA",754,"Overall, concentrated, and child (0 to 18 years of age) poverty rate","2006-2010",9,"Total","CT","06073017046","0170.46","San Diego","06073",NA,NA,"Overall",3933,145.521,3.7,0.9595745,6.4404255,1.3981763,37.7885484,NA,0.270073,"no",41661.5034577,170.46,"Mood Disorders","Hospitalization",2010,52,1,"N COASTAL",3,"Suburban Area",2,"Low Income",5,"Supervisorial District 5",303,301.693666424382,297.594558952225,130,256.405199108499,173,347.864554009491,214,487.96059832178,13,480.236424085704,59,126.422250316056,5,120.598166907863,NA,NA,20,93.8570557041626,97,578.828022437045,79,275.184617528215,82,347.988456968257,25,247.671884287696
"1597","VISTA",754,"Overall, concentrated, and child (0 to 18 years of age) poverty rate","2006-2010",9,"Total","CT","06073017501","0175.01","San Diego","06073",NA,NA,"Child",466,129.082,27.7,0,59.8702128,16.4133739,59.2540573,NA,1.4502618,"no",41661.5034577,175.01,"Mood Disorders","Hospitalization",2010,52,1,"N COASTAL",3,"Suburban Area",2,"Low Income",5,"Supervisorial District 5",303,301.693666424382,297.594558952225,130,256.405199108499,173,347.864554009491,214,487.96059832178,13,480.236424085704,59,126.422250316056,5,120.598166907863,NA,NA,20,93.8570557041626,97,578.828022437045,79,275.184617528215,82,347.988456968257,25,247.671884287696
"1598","VISTA",754,"Overall, concentrated, and child (0 to 18 years of age) poverty rate","2006-2010",9,"Total","CT","06073017045","0170.45","San Diego","06073",NA,NA,"Child",947,7.576,0.8,0,2.587234,0.9118541,113.9817629,NA,0.0418848,"no",41661.5034577,170.45,"Mood Disorders","Hospitalization",2010,52,1,"N COASTAL",3,"Suburban Area",2,"Low Income",5,"Supervisorial District 5",303,301.693666424382,297.594558952225,130,256.405199108499,173,347.864554009491,214,487.96059832178,13,480.236424085704,59,126.422250316056,5,120.598166907863,NA,NA,20,93.8570557041626,97,578.828022437045,79,275.184617528215,82,347.988456968257,25,247.671884287696
"1599","VISTA",754,"Overall, concentrated, and child (0 to 18 years of age) poverty rate","2006-2010",9,"Total","CT","06073018507","0185.07","San Diego","06073",NA,NA,"Child",2375,194.75,8.2,0.5744681,15.8255319,3.8905775,47.4460672,NA,0.4293194,"no",41661.5034577,185.07,"Mood Disorders","Hospitalization",2010,52,1,"N COASTAL",3,"Suburban Area",2,"Low Income",5,"Supervisorial District 5",303,301.693666424382,297.594558952225,130,256.405199108499,173,347.864554009491,214,487.96059832178,13,480.236424085704,59,126.422250316056,5,120.598166907863,NA,NA,20,93.8570557041626,97,578.828022437045,79,275.184617528215,82,347.988456968257,25,247.671884287696
"1600","VISTA",754,"Overall, concentrated, and child (0 to 18 years of age) poverty rate","2006-2010",9,"Total","CT","06073018514","0185.14","San Diego","06073",NA,NA,"Overall",7323,212.367,2.9,1.112766,4.687234,0.9118541,31.4432449,NA,0.2116788,"no",41661.5034577,185.14,"Mood Disorders","Hospitalization",2010,52,1,"N COASTAL",3,"Suburban Area",2,"Low Income",5,"Supervisorial District 5",303,301.693666424382,297.594558952225,130,256.405199108499,173,347.864554009491,214,487.96059832178,13,480.236424085704,59,126.422250316056,5,120.598166907863,NA,NA,20,93.8570557041626,97,578.828022437045,79,275.184617528215,82,347.988456968257,25,247.671884287696
"1601","VISTA",754,"Overall, concentrated, and child (0 to 18 years of age) poverty rate","2006-2010",9,"Total","CT","06073017046","0170.46","San Diego","06073",NA,NA,"Child",955,54.435,5.7,0,12.7297872,3.5866261,62.9232656,NA,0.2984293,"no",41661.5034577,170.46,"Mood Disorders","Hospitalization",2010,52,1,"N COASTAL",3,"Suburban Area",2,"Low Income",5,"Supervisorial District 5",303,301.693666424382,297.594558952225,130,256.405199108499,173,347.864554009491,214,487.96059832178,13,480.236424085704,59,126.422250316056,5,120.598166907863,NA,NA,20,93.8570557041626,97,578.828022437045,79,275.184617528215,82,347.988456968257,25,247.671884287696
"1602","VISTA",754,"Overall, concentrated, and child (0 to 18 years of age) poverty rate","2006-2010",9,"Total","CT","06073017303","0173.03","San Diego","06073",NA,NA,"Overall",3451,427.924,12.4,4.2978723,20.5021277,4.1337386,33.3366016,NA,0.9051095,"no",41661.5034577,173.03,"Mood Disorders","Hospitalization",2010,52,1,"N COASTAL",3,"Suburban Area",2,"Low Income",5,"Supervisorial District 5",303,301.693666424382,297.594558952225,130,256.405199108499,173,347.864554009491,214,487.96059832178,13,480.236424085704,59,126.422250316056,5,120.598166907863,NA,NA,20,93.8570557041626,97,578.828022437045,79,275.184617528215,82,347.988456968257,25,247.671884287696
"1603","VISTA",754,"Overall, concentrated, and child (0 to 18 years of age) poverty rate","2006-2010",9,"Total","CT","06073018513","0185.13","San Diego","06073",NA,NA,"Overall",8690,547.47,6.3,1.7723404,10.8276596,2.3100304,36.6671491,NA,0.459854,"no",41661.5034577,185.13,"Mood Disorders","Hospitalization",2010,52,1,"N COASTAL",3,"Suburban Area",2,"Low Income",5,"Supervisorial District 5",303,301.693666424382,297.594558952225,130,256.405199108499,173,347.864554009491,214,487.96059832178,13,480.236424085704,59,126.422250316056,5,120.598166907863,NA,NA,20,93.8570557041626,97,578.828022437045,79,275.184617528215,82,347.988456968257,25,247.671884287696
"1604","VISTA",754,"Overall, concentrated, and child (0 to 18 years of age) poverty rate","2006-2010",9,"Total","CT","06073017043","0170.43","San Diego","06073",NA,NA,"Overall",5486,120.692,2.2,0.5319149,3.8680851,0.8510638,38.6847195,NA,0.1605839,"no",41661.5034577,170.43,"Mood Disorders","Hospitalization",2010,52,1,"N COASTAL",3,"Suburban Area",2,"Low Income",5,"Supervisorial District 5",303,301.693666424382,297.594558952225,130,256.405199108499,173,347.864554009491,214,487.96059832178,13,480.236424085704,59,126.422250316056,5,120.598166907863,NA,NA,20,93.8570557041626,97,578.828022437045,79,275.184617528215,82,347.988456968257,25,247.671884287696
"1605","VISTA",754,"Overall, concentrated, and child (0 to 18 years of age) poverty rate","2006-2010",9,"Total","CT","06073017404","0174.04","San Diego","06073",NA,NA,"Child",1391,44.512,3.2,0,7.3702128,2.1276596,66.4893617,NA,0.1675393,"no",41661.5034577,174.04,"Mood Disorders","Hospitalization",2010,52,1,"N COASTAL",3,"Suburban Area",2,"Low Income",5,"Supervisorial District 5",303,301.693666424382,297.594558952225,130,256.405199108499,173,347.864554009491,214,487.96059832178,13,480.236424085704,59,126.422250316056,5,120.598166907863,NA,NA,20,93.8570557041626,97,578.828022437045,79,275.184617528215,82,347.988456968257,25,247.671884287696
"1606","VISTA",754,"Overall, concentrated, and child (0 to 18 years of age) poverty rate","2006-2010",9,"Total","CT","06073017404","0174.04","San Diego","06073",NA,NA,"Overall",6393,319.65,5,2.2595745,7.7404255,1.3981763,27.9635258,NA,0.3649635,"no",41661.5034577,174.04,"Mood Disorders","Hospitalization",2010,52,1,"N COASTAL",3,"Suburban Area",2,"Low Income",5,"Supervisorial District 5",303,301.693666424382,297.594558952225,130,256.405199108499,173,347.864554009491,214,487.96059832178,13,480.236424085704,59,126.422250316056,5,120.598166907863,NA,NA,20,93.8570557041626,97,578.828022437045,79,275.184617528215,82,347.988456968257,25,247.671884287696
"1607","VISTA",754,"Overall, concentrated, and child (0 to 18 years of age) poverty rate","2006-2010",9,"Total","CT","06073017403","0174.03","San Diego","06073",NA,NA,"Overall",4926,305.412,6.2,2.9829787,9.4170213,1.6413374,26.4731836,NA,0.4525547,"no",41661.5034577,174.03,"Mood Disorders","Hospitalization",2010,52,1,"N COASTAL",3,"Suburban Area",2,"Low Income",5,"Supervisorial District 5",303,301.693666424382,297.594558952225,130,256.405199108499,173,347.864554009491,214,487.96059832178,13,480.236424085704,59,126.422250316056,5,120.598166907863,NA,NA,20,93.8570557041626,97,578.828022437045,79,275.184617528215,82,347.988456968257,25,247.671884287696
"1608","VISTA",754,"Overall, concentrated, and child (0 to 18 years of age) poverty rate","2006-2010",9,"Total","CT","06073017043","0170.43","San Diego","06073",NA,NA,"Child",1411,21.165,1.5,0,4.4787234,1.5197568,101.3171226,NA,0.078534,"no",41661.5034577,170.43,"Mood Disorders","Hospitalization",2010,52,1,"N COASTAL",3,"Suburban Area",2,"Low Income",5,"Supervisorial District 5",303,301.693666424382,297.594558952225,130,256.405199108499,173,347.864554009491,214,487.96059832178,13,480.236424085704,59,126.422250316056,5,120.598166907863,NA,NA,20,93.8570557041626,97,578.828022437045,79,275.184617528215,82,347.988456968257,25,247.671884287696
"1609","VISTA",754,"Overall, concentrated, and child (0 to 18 years of age) poverty rate","2006-2010",9,"Total","CT","06073017200","0172.00","San Diego","06073",NA,NA,"Child",589,48.298,8.2,0,23.3319149,7.7203647,94.1507895,NA,0.4293194,"no",41661.5034577,172,"Mood Disorders","Hospitalization",2010,52,1,"N COASTAL",3,"Suburban Area",2,"Low Income",5,"Supervisorial District 5",303,301.693666424382,297.594558952225,130,256.405199108499,173,347.864554009491,214,487.96059832178,13,480.236424085704,59,126.422250316056,5,120.598166907863,NA,NA,20,93.8570557041626,97,578.828022437045,79,275.184617528215,82,347.988456968257,25,247.671884287696
"1610","VISTA",754,"Overall, concentrated, and child (0 to 18 years of age) poverty rate","2006-2010",9,"Total","CT","06073017045","0170.45","San Diego","06073",NA,NA,"Overall",2724,29.964,1.1,0,2.6489362,0.7902736,71.8430506,NA,0.080292,"no",41661.5034577,170.45,"Mood Disorders","Hospitalization",2010,52,1,"N COASTAL",3,"Suburban Area",2,"Low Income",5,"Supervisorial District 5",303,301.693666424382,297.594558952225,130,256.405199108499,173,347.864554009491,214,487.96059832178,13,480.236424085704,59,126.422250316056,5,120.598166907863,NA,NA,20,93.8570557041626,97,578.828022437045,79,275.184617528215,82,347.988456968257,25,247.671884287696
"1611","VISTA",754,"Overall, concentrated, and child (0 to 18 years of age) poverty rate","2006-2010",9,"Total","CT","06073017042","0170.42","San Diego","06073",NA,NA,"Overall",8146,260.672,3.2,0,6.5361702,1.7021277,53.1914894,NA,0.2335766,"no",41661.5034577,170.42,"Mood Disorders","Hospitalization",2010,52,1,"N COASTAL",3,"Suburban Area",2,"Low Income",5,"Supervisorial District 5",303,301.693666424382,297.594558952225,130,256.405199108499,173,347.864554009491,214,487.96059832178,13,480.236424085704,59,126.422250316056,5,120.598166907863,NA,NA,20,93.8570557041626,97,578.828022437045,79,275.184617528215,82,347.988456968257,25,247.671884287696
"1612","VISTA",754,"Overall, concentrated, and child (0 to 18 years of age) poverty rate","2006-2010",9,"Total","CT","06073017050","0170.50","San Diego","06073",NA,NA,"Child",720,15.84,2.2,0,7.0851064,2.4924012,113.2909644,NA,0.1151832,"no",41661.5034577,170.5,"Mood Disorders","Hospitalization",2010,52,1,"N COASTAL",3,"Suburban Area",2,"Low Income",5,"Supervisorial District 5",303,301.693666424382,297.594558952225,130,256.405199108499,173,347.864554009491,214,487.96059832178,13,480.236424085704,59,126.422250316056,5,120.598166907863,NA,NA,20,93.8570557041626,97,578.828022437045,79,275.184617528215,82,347.988456968257,25,247.671884287696
"1613","VISTA",754,"Overall, concentrated, and child (0 to 18 years of age) poverty rate","2006-2010",9,"Total","CT","06073018513","0185.13","San Diego","06073",NA,NA,"Child",2428,310.784,12.8,1.4808511,24.1191489,5.775076,45.1177812,NA,0.6701571,"no",41661.5034577,185.13,"Mood Disorders","Hospitalization",2010,52,1,"N COASTAL",3,"Suburban Area",2,"Low Income",5,"Supervisorial District 5",303,301.693666424382,297.594558952225,130,256.405199108499,173,347.864554009491,214,487.96059832178,13,480.236424085704,59,126.422250316056,5,120.598166907863,NA,NA,20,93.8570557041626,97,578.828022437045,79,275.184617528215,82,347.988456968257,25,247.671884287696
"1614","VISTA",754,"Overall, concentrated, and child (0 to 18 years of age) poverty rate","2006-2010",9,"Total","CT","06073018504","0185.04","San Diego","06073",NA,NA,"Overall",7014,413.826,5.9,1.3723404,10.4276596,2.3100304,39.1530575,NA,0.4306569,"no",41661.5034577,185.04,"Mood Disorders","Hospitalization",2010,52,1,"N COASTAL",3,"Suburban Area",2,"Low Income",5,"Supervisorial District 5",303,301.693666424382,297.594558952225,130,256.405199108499,173,347.864554009491,214,487.96059832178,13,480.236424085704,59,126.422250316056,5,120.598166907863,NA,NA,20,93.8570557041626,97,578.828022437045,79,275.184617528215,82,347.988456968257,25,247.671884287696
"1615","VISTA",754,"Overall, concentrated, and child (0 to 18 years of age) poverty rate","2006-2010",9,"Total","CT","06073017200","0172.00","San Diego","06073",NA,NA,"Overall",4178,154.586,3.7,0,8.9425532,2.674772,72.2911361,NA,0.270073,"no",41661.5034577,172,"Mood Disorders","Hospitalization",2010,52,1,"N COASTAL",3,"Suburban Area",2,"Low Income",5,"Supervisorial District 5",303,301.693666424382,297.594558952225,130,256.405199108499,173,347.864554009491,214,487.96059832178,13,480.236424085704,59,126.422250316056,5,120.598166907863,NA,NA,20,93.8570557041626,97,578.828022437045,79,275.184617528215,82,347.988456968257,25,247.671884287696
"1616","VISTA",754,"Overall, concentrated, and child (0 to 18 years of age) poverty rate","2006-2010",9,"Total","CT","06073018504","0185.04","San Diego","06073",NA,NA,"Child",1316,60.536,4.6,0,11.2723404,3.4042553,74.0055504,NA,0.2408377,"no",41661.5034577,185.04,"Mood Disorders","Hospitalization",2010,52,1,"N COASTAL",3,"Suburban Area",2,"Low Income",5,"Supervisorial District 5",303,301.693666424382,297.594558952225,130,256.405199108499,173,347.864554009491,214,487.96059832178,13,480.236424085704,59,126.422250316056,5,120.598166907863,NA,NA,20,93.8570557041626,97,578.828022437045,79,275.184617528215,82,347.988456968257,25,247.671884287696
"1617","VISTA",754,"Overall, concentrated, and child (0 to 18 years of age) poverty rate","2006-2010",9,"Total","CT","06073017042","0170.42","San Diego","06073",NA,NA,"Child",2642,58.124,2.2,0,5.1787234,1.5197568,69.0798563,NA,0.1151832,"no",41661.5034577,170.42,"Mood Disorders","Hospitalization",2010,52,1,"N COASTAL",3,"Suburban Area",2,"Low Income",5,"Supervisorial District 5",303,301.693666424382,297.594558952225,130,256.405199108499,173,347.864554009491,214,487.96059832178,13,480.236424085704,59,126.422250316056,5,120.598166907863,NA,NA,20,93.8570557041626,97,578.828022437045,79,275.184617528215,82,347.988456968257,25,247.671884287696
